T0   -6.13774e-01  -5.98583e-01  -2.31247e-01   2.67262e-01   5.31684e-01  -7.78745e-01   2.76900e-01   6.20148e-01  -9.05359e-01   6.61850e-02  -6.06407e-01  -2.54176e-01   5.00760e-01  -3.81024e-01  -2.21754e-01   1.09150e+00  -2.08187e-01  -1.65710e-01  -1.90698e-01  -1.04731e-01  -8.34621e-01
T1   -1.18251e-01  -2.31247e-01   1.38944e-01  -1.89658e-01  -7.52307e-01  -2.64790e-01  -3.38032e-01  -7.63536e-01  -7.69193e-01  -4.05093e-01   1.83498e-01   5.84140e-02   6.27078e-01  -2.10128e-01  -3.63361e-01   2.15737e-01  -1.57132e-01  -9.94397e-03  -1.44684e+00  -8.58831e-01   5.74532e-02
T2   -2.88371e-02   2.67262e-01  -1.89658e-01  -3.56240e-01   2.13818e-01  -1.40614e-01   1.27364e-01   4.08202e-01  -7.55720e-01  -7.88973e-02   6.74059e-01   9.10108e-01   1.26588e-01   4.45727e-01   2.66472e-01   1.43569e+00  -3.39609e-01  -2.60762e-01  -4.88065e-01  -3.95434e-02   6.38256e-01
T3   -3.80915e-01   5.31684e-01  -7.52307e-01   2.13818e-01   8.68166e-01   3.52903e-01   6.46141e-01   1.20622e+00  -3.14963e-01   7.88472e-02   1.00142e+00   1.34393e+00  -2.15919e-01   5.28541e-01   1.00835e+00   1.62659e+00   7.84246e-03  -1.01414e-01   7.66481e-01   7.61923e-01   7.78561e-01
T4    1.37897e+00  -7.78745e-01  -2.64790e-01  -1.40614e-01   3.52903e-01  -3.08119e+00   7.28716e-02   6.67149e-01  -1.34674e+00  -1.78818e-01  -8.43789e-01  -5.85128e-01   4.33950e-01  -6.35641e-01  -8.21549e-01   7.57815e-01  -7.43807e-01  -4.99270e-01  -1.06291e+00  -3.91900e-01  -9.77785e-01
T5    9.29068e-02   2.76900e-01  -3.38032e-01   1.27364e-01   6.46141e-01   7.28716e-02   7.55063e-02   7.46672e-01  -4.15744e-01   4.50244e-02   5.14714e-01   6.07455e-01  -5.45960e-02   1.89410e-01   1.19538e-01   1.03225e+00   2.61747e-02   2.65541e-02  -6.92001e-01  -2.63421e-01   3.31753e-01
T6   -4.91957e-01   6.20148e-01  -7.63536e-01   4.08202e-01   1.20622e+00   6.67149e-01   7.46672e-01   1.43811e+00  -1.11155e-01   1.20061e-01   6.36378e-01   1.06485e+00  -5.81772e-01   6.52535e-01   6.53707e-01   1.62111e+00   3.24872e-01   3.15562e-01   1.15844e-01   3.77462e-01   6.44729e-01
T7   -3.43787e-01  -9.05359e-01  -7.69193e-01  -7.55720e-01  -3.14963e-01  -1.34674e+00  -4.15744e-01  -1.11155e-01  -1.42838e+00  -7.60957e-01  -6.90588e-01  -5.31867e-01  -2.92467e-01  -8.48679e-01  -1.04740e+00  -3.05013e-02  -8.32095e-01  -7.11374e-01  -1.23439e+00  -1.07452e+00  -9.37358e-01
T8    6.13915e-01   6.61850e-02  -4.05093e-01  -7.88973e-02   7.88472e-02  -1.78818e-01   4.50244e-02   1.20061e-01  -7.60957e-01  -1.03558e+00   5.40242e-01   6.54403e-01   2.91296e-01  -3.45322e-02  -1.80587e-01   7.46498e-01  -3.59798e-01   1.12950e-02  -1.08294e+00  -5.90765e-01   2.56095e-01
T9   -2.40257e-01  -6.06407e-01   1.83498e-01   6.74059e-01   1.00142e+00  -8.43789e-01   5.14714e-01   6.36378e-01  -6.90588e-01   5.40242e-01  -1.18220e+00  -6.06369e-01   5.74935e-01  -7.49528e-01  -3.19611e-01   1.72232e+00   4.12711e-02  -1.10150e-01   1.62240e-03   2.84980e-01  -9.28713e-01
T10   -7.92128e-01  -2.54176e-01   5.84140e-02   9.10108e-01   1.34393e+00  -5.85128e-01   6.07455e-01   1.06485e+00  -5.31867e-01   6.54403e-01  -6.06369e-01  -1.72327e-01   8.64899e-01  -2.52016e-01   1.20304e-01   1.49851e+00   3.41352e-01   4.03116e-01  -2.25640e-01   3.05251e-01  -4.55152e-01
T11   -3.05926e-01   5.00760e-01   6.27078e-01   1.26588e-01  -2.15919e-01   4.33950e-01  -5.45960e-02  -5.81772e-01  -2.92467e-01   2.91296e-01   5.74935e-01   8.64899e-01   8.24888e-01   3.98372e-01   2.73953e-01   1.40155e+00   9.25696e-02   2.70219e-01  -9.90620e-01  -6.79629e-01   5.78386e-01
T12    9.66106e-01  -3.81024e-01  -2.10128e-01   4.45727e-01   5.28541e-01  -6.35641e-01   1.89410e-01   6.52535e-01  -8.48679e-01  -3.45322e-02  -7.49528e-01  -2.52016e-01   3.98372e-01  -1.05898e+00  -4.30130e-01   8.51361e-01  -9.76119e-02   5.78753e-02  -7.93506e-01  -2.42511e-01  -6.14865e-01
T13    5.86854e-02  -2.21754e-01  -3.63361e-01   2.66472e-01   1.00835e+00  -8.21549e-01   1.19538e-01   6.53707e-01  -1.04740e+00  -1.80587e-01  -3.19611e-01   1.20304e-01   2.73953e-01  -4.30130e-01  -5.41683e-01   6.52471e-01   1.52193e-01   5.79993e-01  -4.48146e-01  -2.47736e-01  -4.46081e-01
T14   -1.73379e-01   1.09150e+00   2.15737e-01   1.43569e+00   1.62659e+00   7.57815e-01   1.03225e+00   1.62111e+00  -3.05013e-02   7.46498e-01   1.72232e+00   1.49851e+00   1.40155e+00   8.51361e-01   6.52471e-01   1.45061e+00   1.19843e+00   1.51125e+00  -6.65017e-01   2.58508e-02   1.52695e+00
T15   -3.13286e-01  -2.08187e-01  -1.57132e-01  -3.39609e-01   7.84246e-03  -7.43807e-01   2.61747e-02   3.24872e-01  -8.32095e-01  -3.59798e-01   4.12711e-02   3.41352e-01   9.25696e-02  -9.76119e-02   1.52193e-01   1.19843e+00  -6.53974e-01  -5.15767e-01  -3.00743e-01   9.78559e-02  -2.84096e-01
T16   -2.43165e-01  -1.65710e-01  -9.94397e-03  -2.60762e-01  -1.01414e-01  -4.99270e-01   2.65541e-02   3.15562e-01  -7.11374e-01   1.12950e-02  -1.10150e-01   4.03116e-01   2.70219e-01   5.78753e-02   5.79993e-01   1.51125e+00  -5.15767e-01  -7.68588e-01   3.82752e-01   5.63692e-01  -2.65943e-01
T17    1.16470e+00  -1.90698e-01  -1.44684e+00  -4.88065e-01   7.66481e-01  -1.06291e+00  -6.92001e-01   1.15844e-01  -1.23439e+00  -1.08294e+00   1.62240e-03  -2.25640e-01  -9.90620e-01  -7.93506e-01  -4.48146e-01  -6.65017e-01  -3.00743e-01   3.82752e-01  -7.34030e-01  -7.16264e-01  -6.75301e-02
T18    1.99307e-01  -1.04731e-01  -8.58831e-01  -3.95434e-02   7.61923e-01  -3.91900e-01  -2.63421e-01   3.77462e-01  -1.07452e+00  -5.90765e-01   2.84980e-01   3.05251e-01  -6.79629e-01  -2.42511e-01  -2.47736e-01   2.58508e-02   9.78559e-02   5.63692e-01  -7.16264e-01  -3.89477e-01  -1.31030e-02
T19   -4.28938e-01  -8.34621e-01   5.74532e-02   6.38256e-01   7.78561e-01  -9.77785e-01   3.31753e-01   6.44729e-01  -9.37358e-01   2.56095e-01  -9.28713e-01  -4.55152e-01   5.78386e-01  -6.14865e-01  -4.46081e-01   1.52695e+00  -2.84096e-01  -2.65943e-01  -6.75301e-02  -1.31030e-02  -1.12072e+00
