T0   -4.24936e-01  -1.47494e-01   5.35152e-02   9.17062e-02   9.89405e-02  -6.98841e-02   5.10426e-02   1.29290e-01  -4.32128e-02   3.85276e-02  -9.47360e-02  -1.16626e-01   1.61814e-01  -8.23022e-02  -7.08707e-02   2.94546e-02   3.01684e-02  -4.98403e-03  -5.39947e-02  -2.02917e-02  -1.27236e-01
T1   -8.94067e-01   5.35152e-02   2.05243e-01   1.17597e-01  -2.08650e-01   1.15276e-02   1.36298e-01  -1.66604e-01   1.14112e-02   9.06857e-02   1.33815e-01   8.63425e-02   4.76014e-01   8.08559e-02   6.86573e-02   1.29759e-02   5.75441e-02   7.20125e-02  -2.19309e-02   3.16297e-02   6.64414e-02
T2   -6.89855e-01   9.17062e-02   1.17597e-01  -1.35014e-01   3.55400e-02  -3.00190e-03   5.14414e-02   1.60296e-01  -3.27221e-02   4.16624e-02   8.45869e-02   1.62762e-01   6.32744e-02   4.25780e-02   6.36895e-02   5.59871e-02  -2.81021e-02  -1.11749e-02   3.26638e-02  -1.18183e-02   1.07142e-01
T3   -1.25622e+00   9.89405e-02  -2.08650e-01   3.55400e-02   2.08892e-01   5.77229e-02   1.35347e-01   3.28360e-01   3.11928e-03  -8.64269e-02   1.59196e-01   1.94234e-01  -1.09926e-01   1.13293e-01   1.45875e-01   7.64862e-02   5.25838e-02   5.25698e-02   5.02184e-02   5.89937e-03   1.26993e-01
T4    2.48034e+00  -6.98841e-02   1.15276e-02  -3.00190e-03   5.77229e-02  -9.12270e-01  -1.34325e-02   9.27120e-02  -7.03918e-02  -1.08693e-01  -1.41999e-01  -1.39618e-01   5.67544e-02  -1.87536e-01  -1.97917e-01  -7.44887e-02  -9.41148e-02  -4.79693e-02  -1.80130e-01  -1.08316e-01  -1.51235e-01
T5   -7.80777e-01   5.10426e-02   1.36298e-01   5.14414e-02   1.35347e-01  -1.34325e-02   3.71500e-02   2.30995e-01   4.09260e-02   8.29860e-02   9.17778e-02   8.44006e-02   2.32118e-01   4.03014e-02   6.55247e-02   5.10250e-02   2.77701e-02   2.39621e-02  -2.52163e-02   1.49491e-02   7.21671e-02
T6   -1.66575e+00   1.29290e-01  -1.66604e-01   1.60296e-01   3.28360e-01   9.27120e-02   2.30995e-01   3.20430e-01   1.14659e-01  -5.32983e-03   1.20667e-01   1.64317e-01  -7.47203e-02   1.34986e-01   1.37250e-01   1.49213e-01   1.23313e-01   1.14705e-01   7.32182e-02   1.93608e-02   1.03734e-01
T7   -5.60132e-01  -4.32128e-02   1.14112e-02  -3.27221e-02   3.11928e-03  -7.03918e-02   4.09260e-02   1.14659e-01  -1.18175e-01  -4.64258e-02   2.65792e-02   5.27299e-02   8.60106e-02  -2.93437e-02   3.77580e-03  -1.93487e-02  -3.08371e-02  -2.84954e-02  -1.89411e-02  -1.06008e-02  -1.60759e-02
T8    3.38400e-01   3.85276e-02   9.06857e-02   4.16624e-02  -8.64269e-02  -1.08693e-01   8.29860e-02  -5.32983e-03  -4.64258e-02  -2.58099e-01   7.52766e-02   7.90907e-02   2.62811e-01  -2.55626e-02  -1.35901e-02   4.18487e-03  -2.90891e-02   2.63448e-03  -1.07121e-01  -5.76460e-02   4.28167e-02
T9    6.96325e-01  -9.47360e-02   1.33815e-01   8.45869e-02   1.59196e-01  -1.41999e-01   9.17778e-02   1.20667e-01   2.65792e-02   7.52766e-02  -3.56498e-01  -2.49736e-01   8.60324e-02  -1.68391e-01  -2.53256e-01   8.71614e-02   1.63682e-02  -3.55761e-02  -1.30181e-01  -1.46548e-01  -2.42259e-01
T10   -1.02288e-01  -1.16626e-01   8.63425e-02   1.62762e-01   1.94234e-01  -1.39618e-01   8.44006e-02   1.64317e-01   5.27299e-02   7.90907e-02  -2.49736e-01  -2.85977e-01   1.83286e-01  -1.38687e-01  -2.31585e-01   6.20799e-02   3.91529e-02   2.04602e-02  -1.63466e-01  -9.97639e-02  -2.07315e-01
T11   -1.54502e+00   1.61814e-01   4.76014e-01   6.32744e-02  -1.09926e-01   5.67544e-02   2.32118e-01  -7.47203e-02   8.60106e-02   2.62811e-01   8.60324e-02   1.83286e-01   2.77191e-01   1.52160e-01   1.09441e-01   1.90534e-01   9.00232e-02   1.09137e-01   1.32086e-01   1.66863e-02   9.42764e-02
T12    1.59100e+00  -8.23022e-02   8.08559e-02   4.25780e-02   1.13293e-01  -1.87536e-01   4.03014e-02   1.34986e-01  -2.93437e-02  -2.55626e-02  -1.68391e-01  -1.38687e-01   1.52160e-01  -4.61427e-01  -2.29407e-01   2.01515e-03   1.04773e-02  -1.86103e-02  -1.72865e-01  -1.22074e-01  -1.32560e-01
T13    1.07803e+00  -7.08707e-02   6.86573e-02   6.36895e-02   1.45875e-01  -1.97917e-01   6.55247e-02   1.37250e-01   3.77580e-03  -1.35901e-02  -2.53256e-01  -2.31585e-01   1.09441e-01  -2.29407e-01  -3.44908e-01   1.53502e-02  -1.59906e-02  -1.51627e-02  -2.61710e-01  -2.14567e-01  -1.89174e-01
T14   -5.56840e-01   2.94546e-02   1.29759e-02   5.59871e-02   7.64862e-02  -7.44887e-02   5.10250e-02   1.49213e-01  -1.93487e-02   4.18487e-03   8.71614e-02   6.20799e-02   1.90534e-01   2.01515e-03   1.53502e-02  -8.31072e-02   5.06628e-02   4.29109e-02  -1.38137e-01  -9.23286e-02   3.71951e-02
T15   -6.02541e-01   3.01684e-02   5.75441e-02  -2.81021e-02   5.25838e-02  -9.41148e-02   2.77701e-02   1.23313e-01  -3.08371e-02  -2.90891e-02   1.63682e-02   3.91529e-02   9.00232e-02   1.04773e-02  -1.59906e-02   5.06628e-02  -6.54327e-02  -2.78170e-02  -2.02016e-02  -1.33974e-02   1.00086e-02
T16   -3.71220e-01  -4.98403e-03   7.20125e-02  -1.11749e-02   5.25698e-02  -4.79693e-02   2.39621e-02   1.14705e-01  -2.84954e-02   2.63448e-03  -3.55761e-02   2.04602e-02   1.09137e-01  -1.86103e-02  -1.51627e-02   4.29109e-02  -2.78170e-02  -8.40522e-02  -1.87448e-02  -2.39669e-02  -5.84139e-02
T17    2.00717e+00  -5.39947e-02  -2.19309e-02   3.26638e-02   5.02184e-02  -1.80130e-01  -2.52163e-02   7.32182e-02  -1.89411e-02  -1.07121e-01  -1.30181e-01  -1.63466e-01   1.32086e-01  -1.72865e-01  -2.61710e-01  -1.38137e-01  -2.02016e-02  -1.87448e-02  -4.28754e-01  -2.04398e-01  -1.10987e-01
T18    8.43077e-01  -2.02917e-02   3.16297e-02  -1.18183e-02   5.89937e-03  -1.08316e-01   1.49491e-02   1.93608e-02  -1.06008e-02  -5.76460e-02  -1.46548e-01  -9.97639e-02   1.66863e-02  -1.22074e-01  -2.14567e-01  -9.23286e-02  -1.33974e-02  -2.39669e-02  -2.04398e-01  -1.70878e-01  -9.45753e-02
T19    4.15306e-01  -1.27236e-01   6.64414e-02   1.07142e-01   1.26993e-01  -1.51235e-01   7.21671e-02   1.03734e-01  -1.60759e-02   4.28167e-02  -2.42259e-01  -2.07315e-01   9.42764e-02  -1.32560e-01  -1.89174e-01   3.71951e-02   1.00086e-02  -5.84139e-02  -1.10987e-01  -9.45753e-02  -2.73747e-01
