T0   -7.01962e-01  -1.92209e-01   1.17343e-01   1.65976e-01   2.08512e-01  -1.01877e-01   1.43693e-01   2.79783e-01  -6.03016e-02   9.48127e-02  -1.15133e-01  -1.16731e-01   2.95884e-01  -9.45740e-02  -1.12194e-01   6.78741e-02   5.78649e-02   2.19508e-02  -1.01041e-01  -3.84081e-02  -1.49125e-01
T1   -6.42052e-01   1.17343e-01   3.17676e-01   1.41695e-01  -3.35644e-01   2.29483e-02   1.62185e-01  -3.00237e-01   2.49642e-03   1.32194e-01   1.56688e-01   1.05923e-01   6.41325e-01   1.35140e-01   4.81783e-02   1.50142e-02   6.68316e-02   7.63976e-02  -9.21028e-02  -1.20374e-02   8.08247e-02
T2   -6.04804e-01   1.65976e-01   1.41695e-01  -1.86856e-01   2.49857e-02   1.50673e-02   7.55117e-02   2.03590e-01  -7.02866e-02   3.94928e-02   1.88976e-01   2.99977e-01   9.40176e-02   1.25330e-01   1.05003e-01   4.77652e-02  -4.80491e-02  -2.71030e-02   3.68783e-02  -3.94001e-03   1.79536e-01
T3   -1.13147e+00   2.08512e-01  -3.35644e-01   2.49857e-02   3.13978e-01   1.11265e-01   2.19692e-01   5.55166e-01  -1.52474e-02  -1.55157e-01   3.22693e-01   3.91648e-01  -2.12015e-01   2.56273e-01   2.54609e-01   1.13663e-01   2.92472e-02   6.72505e-02   6.75474e-02   6.71575e-03   2.39479e-01
T4    2.16913e+00  -1.01877e-01   2.29483e-02   1.50673e-02   1.11265e-01  -1.26893e+00   3.51455e-02   1.83668e-01  -9.68585e-02  -1.48224e-01  -1.94683e-01  -1.94943e-01   9.07390e-02  -2.37506e-01  -3.11614e-01  -1.04948e-01  -9.40764e-02  -4.55047e-02  -3.10512e-01  -1.84797e-01  -2.17691e-01
T5   -6.51910e-01   1.43693e-01   1.62185e-01   7.55117e-02   2.19692e-01   3.51455e-02   9.79213e-02   3.50461e-01   3.46043e-02   1.03034e-01   1.49797e-01   1.75854e-01   2.98533e-01   1.10302e-01   7.86132e-02   5.99570e-02   4.24820e-02   3.55884e-02  -8.81116e-02   8.42908e-03   1.11978e-01
T6   -1.45514e+00   2.79783e-01  -3.00237e-01   2.03590e-01   5.55166e-01   1.83668e-01   3.50461e-01   6.17903e-01   1.39792e-01  -4.87344e-02   2.44717e-01   3.40553e-01  -1.77601e-01   2.81689e-01   2.11066e-01   2.07542e-01   1.35653e-01   1.55811e-01   5.09905e-02   7.39841e-03   1.84367e-01
T7   -6.11813e-01  -6.03016e-02   2.49642e-03  -7.02866e-02  -1.52474e-02  -9.68585e-02   3.46043e-02   1.39792e-01  -1.83166e-01  -3.99578e-02   8.21174e-02   1.24252e-01   9.98471e-02  -2.34765e-02   1.78210e-02  -4.31449e-02  -6.66500e-02  -2.97153e-02  -2.74953e-02  -8.99512e-03   2.20766e-02
T8    4.41238e-01   9.48127e-02   1.32194e-01   3.94928e-02  -1.55157e-01  -1.48224e-01   1.03034e-01  -4.87344e-02  -3.99578e-02  -3.18704e-01   7.41259e-02   9.33139e-02   3.53163e-01  -4.62625e-02  -6.12401e-02  -7.78998e-03  -4.65922e-02  -9.16333e-03  -1.94852e-01  -1.37261e-01   4.75258e-02
T9    4.94657e-01  -1.15133e-01   1.56688e-01   1.88976e-01   3.22693e-01  -1.94683e-01   1.49797e-01   2.44717e-01   8.21174e-02   7.41259e-02  -5.19874e-01  -3.89575e-01   1.48955e-01  -2.57644e-01  -4.10506e-01   1.40399e-01   8.60802e-02  -3.34946e-02  -2.63868e-01  -2.79766e-01  -3.77401e-01
T10   -2.75919e-01  -1.16731e-01   1.05923e-01   2.99977e-01   3.91648e-01  -1.94943e-01   1.75854e-01   3.40553e-01   1.24252e-01   9.33139e-02  -3.89575e-01  -4.30587e-01   2.75776e-01  -2.08643e-01  -3.84153e-01   1.03801e-01   1.36914e-01   5.62273e-02  -3.00552e-01  -2.23243e-01  -3.35716e-01
T11   -1.25069e+00   2.95884e-01   6.41325e-01   9.40176e-02  -2.12015e-01   9.07390e-02   2.98533e-01  -1.77601e-01   9.98471e-02   3.53163e-01   1.48955e-01   2.75776e-01   4.70944e-01   2.55166e-01   1.56824e-01   2.85769e-01   1.21917e-01   1.41721e-01   1.20312e-01  -3.78366e-03   1.46343e-01
T12    1.33811e+00  -9.45740e-02   1.35140e-01   1.25330e-01   2.56273e-01  -2.37506e-01   1.10302e-01   2.81689e-01  -2.34765e-02  -4.62625e-02  -2.57644e-01  -2.08643e-01   2.55166e-01  -5.44327e-01  -3.65584e-01   8.33194e-03   5.17732e-02   3.70117e-03  -3.24008e-01  -2.30824e-01  -2.08433e-01
T13    1.09395e+00  -1.12194e-01   4.81783e-02   1.05003e-01   2.54609e-01  -3.11614e-01   7.86132e-02   2.11066e-01   1.78210e-02  -6.12401e-02  -4.10506e-01  -3.84153e-01   1.56824e-01  -3.65584e-01  -5.53859e-01  -2.14571e-02   6.03842e-03  -3.95582e-02  -4.42499e-01  -3.72514e-01  -3.25431e-01
T14   -4.60808e-01   6.78741e-02   1.50142e-02   4.77652e-02   1.13663e-01  -1.04948e-01   5.99570e-02   2.07542e-01  -4.31449e-02  -7.78998e-03   1.40399e-01   1.03801e-01   2.85769e-01   8.33194e-03  -2.14571e-02  -7.26953e-02   6.50089e-02   4.88483e-02  -2.78987e-01  -1.77220e-01   7.29579e-02
T15   -6.58067e-01   5.78649e-02   6.68316e-02  -4.80491e-02   2.92472e-02  -9.40764e-02   4.24820e-02   1.35653e-01  -6.66500e-02  -4.65922e-02   8.60802e-02   1.36914e-01   1.21917e-01   5.17732e-02   6.03842e-03   6.50089e-02  -8.48918e-02  -2.85272e-02  -1.94664e-02  -1.57341e-03   5.86920e-02
T16   -4.21082e-01   2.19508e-02   7.63976e-02  -2.71030e-02   6.72505e-02  -4.55047e-02   3.55884e-02   1.55811e-01  -2.97153e-02  -9.16333e-03  -3.34946e-02   5.62273e-02   1.41721e-01   3.70117e-03  -3.95582e-02   4.88483e-02  -2.85272e-02  -9.20501e-02  -4.67301e-02  -3.73417e-02  -7.17879e-02
T17    2.15409e+00  -1.01041e-01  -9.21028e-02   3.68783e-02   6.75474e-02  -3.10512e-01  -8.81116e-02   5.09905e-02  -2.74953e-02  -1.94852e-01  -2.63868e-01  -3.00552e-01   1.20312e-01  -3.24008e-01  -4.42499e-01  -2.78987e-01  -1.94664e-02  -4.67301e-02  -5.84163e-01  -3.52679e-01  -2.25347e-01
T18    9.44068e-01  -3.84081e-02  -1.20374e-02  -3.94001e-03   6.71575e-03  -1.84797e-01   8.42908e-03   7.39841e-03  -8.99512e-03  -1.37261e-01  -2.79766e-01  -2.23243e-01  -3.78366e-03  -2.30824e-01  -3.72514e-01  -1.77220e-01  -1.57341e-03  -3.73417e-02  -3.52679e-01  -2.88257e-01  -1.95920e-01
T19    2.30473e-01  -1.49125e-01   8.08247e-02   1.79536e-01   2.39479e-01  -2.17691e-01   1.11978e-01   1.84367e-01   2.20766e-02   4.75258e-02  -3.77401e-01  -3.35716e-01   1.46343e-01  -2.08433e-01  -3.25431e-01   7.29579e-02   5.86920e-02  -7.17879e-02  -2.25347e-01  -1.95920e-01  -4.05136e-01
