T0   -6.07317e-01  -4.43229e-01   2.28980e-02   1.83956e-01   4.61540e-01  -4.06897e-01   2.53857e-01   5.65733e-01  -4.98894e-01   8.10919e-03  -2.40185e-01  -1.63845e-01   4.62103e-01  -2.63508e-01  -3.59979e-01   3.35295e-01  -1.33003e-02  -1.91720e-02  -1.89850e-01  -2.96819e-01  -3.77144e-01
T1   -1.57203e-01   2.28980e-02   3.71172e-01   1.15340e-01  -4.37644e-01  -6.51514e-02   9.03046e-02  -3.47437e-01  -2.94180e-01  -8.85906e-02   2.37573e-01   1.27804e-01   9.26173e-01   9.98746e-03  -2.43835e-01   1.67607e-01   4.26016e-02   6.70171e-02  -9.75995e-01  -5.84908e-01   1.62900e-01
T2   -7.64307e-02   1.83956e-01   1.15340e-01  -3.99076e-01   1.78732e-02  -6.76667e-02   1.46894e-01   4.81906e-01  -4.19976e-01   1.46332e-02   4.90892e-01   5.94076e-01   1.34533e-01   2.51844e-01   1.67297e-01   4.40845e-01  -2.05423e-01  -1.67628e-01  -9.94382e-02  -1.82280e-02   4.38792e-01
T3   -4.83707e-01   4.61540e-01  -4.37644e-01   1.78732e-02   6.42984e-01   2.28356e-01   5.41490e-01   1.16427e+00  -1.34781e-01  -1.23223e-01   6.95625e-01   7.82148e-01  -2.43435e-01   4.29074e-01   6.50776e-01   7.74075e-01   2.19707e-02  -4.32592e-02   7.88009e-01   5.62564e-01   5.28001e-01
T4    1.57902e+00  -4.06897e-01  -6.51514e-02  -6.76667e-02   2.28356e-01  -3.13608e+00   8.66984e-02   4.88030e-01  -7.83337e-01  -2.82184e-01  -3.87352e-01  -3.25425e-01   3.63926e-01  -5.71070e-01  -7.77301e-01   1.79020e-01  -3.66657e-01  -2.44667e-01  -9.49880e-01  -5.00804e-01  -5.30325e-01
T5    1.10270e-03   2.53857e-01   9.03046e-02   1.46894e-01   5.41490e-01   8.66984e-02   2.40946e-01   7.37179e-01  -1.12547e-01   8.74603e-02   3.93434e-01   4.10310e-01   2.67732e-01   1.87791e-01  -2.73701e-02   3.98536e-01   1.24190e-01   8.30915e-03  -3.29790e-01  -1.64445e-01   3.27065e-01
T6   -6.51988e-01   5.65733e-01  -3.47437e-01   4.81906e-01   1.16427e+00   4.88030e-01   7.37179e-01   1.32769e+00   1.59249e-01   1.01993e-01   7.04685e-01   9.63902e-01  -2.46556e-01   6.28012e-01   3.83586e-01   7.79988e-01   3.79761e-01   3.32259e-01   3.63571e-01   2.73717e-01   6.17311e-01
T7   -2.60932e-01  -4.98894e-01  -2.94180e-01  -4.19976e-01  -1.34781e-01  -7.83337e-01  -1.12547e-01   1.59249e-01  -7.94986e-01  -4.12167e-01  -3.43663e-01  -2.06400e-01  -1.22158e-02  -4.84623e-01  -5.91652e-01  -2.02621e-01  -4.68488e-01  -4.12850e-01  -6.08667e-01  -6.08574e-01  -5.07040e-01
T8    6.34095e-01   8.10919e-03  -8.85906e-02   1.46332e-02  -1.23223e-01  -2.82184e-01   8.74603e-02   1.01993e-01  -4.12167e-01  -6.74821e-01   2.43812e-01   2.95522e-01   3.06488e-01  -8.14297e-02  -2.82485e-01   1.64061e-01  -2.64754e-01  -1.78275e-01  -7.25068e-01  -4.60863e-01   1.35703e-01
T9   -2.41806e-01  -2.40185e-01   2.37573e-01   4.90892e-01   6.95625e-01  -3.87352e-01   3.93434e-01   7.04685e-01  -3.43663e-01   2.43812e-01  -8.19743e-01  -4.37534e-01   5.78499e-01  -3.94559e-01  -3.56573e-01   9.09522e-01   2.34969e-01   1.53797e-01  -9.53242e-02  -9.97055e-02  -6.38555e-01
T10   -8.06954e-01  -1.63845e-01   1.27804e-01   5.94076e-01   7.82148e-01  -3.25425e-01   4.10310e-01   9.63902e-01  -2.06400e-01   2.95522e-01  -4.37534e-01  -2.65808e-01   5.96952e-01  -1.51607e-01  -3.75833e-01   7.61328e-01   3.28743e-01   3.87785e-01  -4.24609e-01  -2.58800e-01  -4.04728e-01
T11   -4.08454e-01   4.62103e-01   9.26173e-01   1.34533e-01  -2.43435e-01   3.63926e-01   2.67732e-01  -2.46556e-01  -1.22158e-02   3.06488e-01   5.78499e-01   5.96952e-01   9.27100e-01   4.86995e-01   1.44919e-01   7.78881e-01   1.88958e-01   1.76015e-01  -4.76005e-01  -5.15979e-01   5.04261e-01
T12    9.99728e-01  -2.63508e-01   9.98746e-03   2.51844e-01   4.29074e-01  -5.71070e-01   1.87791e-01   6.28012e-01  -4.84623e-01  -8.14297e-02  -3.94559e-01  -1.51607e-01   4.86995e-01  -8.17122e-01  -6.53743e-01   2.64013e-01  -1.92069e-03   8.68282e-02  -6.87663e-01  -5.20552e-01  -3.37816e-01
T13    1.76895e-01  -3.59979e-01  -2.43835e-01   1.67297e-01   6.50776e-01  -7.77301e-01  -2.73701e-02   3.83586e-01  -5.91652e-01  -2.82485e-01  -3.56573e-01  -3.75833e-01   1.44919e-01  -6.53743e-01  -7.89710e-01  -3.93125e-02  -2.56697e-02   3.15393e-01  -6.59932e-01  -6.58987e-01  -3.42754e-01
T14   -2.60095e-01   3.35295e-01   1.67607e-01   4.40845e-01   7.74075e-01   1.79020e-01   3.98536e-01   7.79988e-01  -2.02621e-01   1.64061e-01   9.09522e-01   7.61328e-01   7.78881e-01   2.64013e-01  -3.93125e-02   5.87820e-01   4.60496e-01   6.90012e-01  -7.27126e-01  -3.82803e-01   7.30017e-01
T15   -3.42578e-01  -1.33003e-02   4.26016e-02  -2.05423e-01   2.19707e-02  -3.66657e-01   1.24190e-01   3.79761e-01  -4.68488e-01  -2.64754e-01   2.34969e-01   3.28743e-01   1.88958e-01  -1.92069e-03  -2.56697e-02   4.60496e-01  -3.40765e-01  -2.52518e-01  -3.60329e-02  -1.90969e-04   2.53843e-02
T16   -2.73324e-01  -1.91720e-02   6.70171e-02  -1.67628e-01  -4.32592e-02  -2.44667e-01   8.30915e-03   3.32259e-01  -4.12850e-01  -1.78275e-01   1.53797e-01   3.87785e-01   1.76015e-01   8.68282e-02   3.15393e-01   6.90012e-01  -2.52518e-01  -4.77525e-01   5.30143e-01   2.70698e-01  -3.43554e-02
T17    1.26724e+00  -1.89850e-01  -9.75995e-01  -9.94382e-02   7.88009e-01  -9.49880e-01  -3.29790e-01   3.63571e-01  -6.08667e-01  -7.25068e-01  -9.53242e-02  -4.24609e-01  -4.76005e-01  -6.87663e-01  -6.59932e-01  -7.27126e-01  -3.60329e-02   5.30143e-01  -6.69725e-01  -6.80170e-01  -7.25975e-03
T18    3.23185e-01  -2.96819e-01  -5.84908e-01  -1.82280e-02   5.62564e-01  -5.00804e-01  -1.64445e-01   2.73717e-01  -6.08574e-01  -4.60863e-01  -9.97055e-02  -2.58800e-01  -5.15979e-01  -5.20552e-01  -6.58987e-01  -3.82803e-01  -1.90969e-04   2.70698e-01  -6.80170e-01  -6.18161e-01  -1.11343e-01
T19   -4.10476e-01  -3.77144e-01   1.62900e-01   4.38792e-01   5.28001e-01  -5.30325e-01   3.27065e-01   6.17311e-01  -5.07040e-01   1.35703e-01  -6.38555e-01  -4.04728e-01   5.04261e-01  -3.37816e-01  -3.42754e-01   7.30017e-01   2.53843e-02  -3.43554e-02  -7.25975e-03  -1.11343e-01  -7.56486e-01
