T0   -6.26272e-01  -1.42434e+00  -9.31569e-01   6.13823e-01   1.17984e+00  -1.23742e+00   1.41648e-01   4.17247e-01  -1.63447e+00  -3.59554e-02  -1.19997e+00  -3.94779e-01   3.82765e-01  -8.84040e-01  -7.59025e-01   2.09546e+00  -8.38828e-01  -4.97909e-01  -6.97445e-01  -6.72537e-01  -8.83913e-01
T1   -1.33664e-01  -9.31569e-01  -8.82440e-01  -6.85514e-01  -1.56256e+00  -1.74748e-01  -9.53318e-01  -1.62508e+00  -1.70527e+00  -1.34310e+00  -3.59017e-01  -4.36040e-01  -1.88113e-01  -8.27650e-01  -8.30357e-01   1.15534e+00  -8.91340e-01  -5.14688e-01  -2.19121e+00  -1.32558e+00  -5.47503e-01
T2   -7.32798e-04   6.13823e-01  -6.85514e-01  -3.82032e-02   8.69913e-01   3.71074e-01   1.16363e+00   3.60346e-01  -1.38946e+00  -1.97000e-02   1.22301e+00   1.80127e+00   3.99470e-01   8.64381e-01  -2.96036e-01   3.79116e+00  -6.72207e-01   3.22482e-02  -1.03106e+00  -7.92421e-01   1.50657e+00
T3   -3.22938e-01   1.17984e+00  -1.56256e+00   8.69913e-01   1.33227e+00   3.43131e-01   1.14252e+00   8.12252e-01  -7.71820e-01   4.57650e-01   1.98197e+00   3.08947e+00  -4.02466e-02   1.37758e+00   1.07687e+00   3.28900e+00  -9.81686e-02   1.21087e+00   7.35923e-01   5.81408e-01   1.74873e+00
T4    1.27901e+00  -1.23742e+00  -1.74748e-01   3.71074e-01   3.43131e-01  -3.37089e+00   3.96393e-01   6.67431e-01  -2.29854e+00  -1.00879e+00  -1.28615e+00  -3.76638e-01   1.95464e-01  -2.41594e-01  -2.24182e+00   1.71019e+00  -1.00368e+00  -1.50078e-01  -2.07006e+00  -1.63308e+00  -7.31179e-01
T5    1.31097e-01   1.41648e-01  -9.53318e-01   1.16363e+00   1.14252e+00   3.96393e-01  -1.93831e-01   6.73270e-01  -1.10975e+00  -1.52094e-01   2.33504e-01   1.28608e+00  -3.62242e-01   2.13427e-01   1.81553e-01   1.74938e+00  -8.97783e-02   2.40134e-01  -8.13254e-01  -5.61703e-01   3.52471e-01
T6   -4.29268e-01   4.17247e-01  -1.62508e+00   3.60346e-01   8.12252e-01   6.67431e-01   6.73270e-01   2.16728e+00  -8.40869e-01  -3.14643e-02   5.76309e-01   2.14782e+00  -1.05127e+00   2.41380e-01   8.69335e-01   2.30287e+00   7.74220e-02   2.04643e-01   4.40740e-01   5.30220e-01   4.70329e-01
T7   -4.45993e-01  -1.63447e+00  -1.70527e+00  -1.38946e+00  -7.71820e-01  -2.29854e+00  -1.10975e+00  -8.40869e-01  -2.45161e+00  -1.59832e+00  -1.53144e+00  -1.06783e+00  -7.06703e-01  -1.67432e+00  -2.41520e+00   4.74241e-01  -1.59717e+00  -1.49812e+00  -2.76335e+00  -2.53985e+00  -1.81132e+00
T8    6.22485e-01  -3.59554e-02  -1.34310e+00  -1.97000e-02   4.57650e-01  -1.00879e+00  -1.52094e-01  -3.14643e-02  -1.59832e+00  -1.73838e+00   4.64774e-01   9.65732e-01  -9.05130e-02   1.32333e+00   2.01593e-01   1.43340e+00  -3.99464e-01   3.24210e-01  -1.80868e+00  -1.19265e+00   8.03143e-02
T9   -2.62484e-01  -1.19997e+00  -3.59017e-01   1.22301e+00   1.98197e+00  -1.28615e+00   2.33504e-01   5.76309e-01  -1.53144e+00   4.64774e-01  -1.34012e+00   1.15207e-01   6.63545e-01  -9.81215e-01  -5.98051e-01   2.80902e+00  -2.44267e-01   5.45495e-01  -6.71838e-01  -4.16426e-01  -4.39001e-01
T10   -7.68435e-01  -3.94779e-01  -4.36040e-01   1.80127e+00   3.08947e+00  -3.76638e-01   1.28608e+00   2.14782e+00  -1.06783e+00   9.65732e-01   1.15207e-01   2.34440e+00   1.68436e+00   1.54913e-01   4.90871e-01   3.31116e+00   8.50023e-01   1.89136e+00  -1.39168e-01   5.76446e-01   4.27742e-01
T11   -2.68388e-01   3.82765e-01  -1.88113e-01   3.99470e-01  -4.02466e-02   1.95464e-01  -3.62242e-01  -1.05127e+00  -7.06703e-01  -9.05130e-02   6.63545e-01   1.68436e+00   7.98381e-01   2.06912e-01   3.32079e-01   2.80924e+00  -1.11017e-01   2.76608e-01  -1.31188e+00  -1.05291e+00   4.45765e-01
T12    9.50655e-01  -8.84040e-01  -8.27650e-01   8.64381e-01   1.37758e+00  -2.41594e-01   2.13427e-01   2.41380e-01  -1.67432e+00   1.32333e+00  -9.81215e-01   1.54913e-01   2.06912e-01  -1.47475e+00  -5.46029e-02   1.59198e+00   3.24413e-01   5.35168e-02  -1.01474e+00  -6.86023e-01  -8.51393e-01
T13    6.80414e-02  -7.59025e-01  -8.30357e-01  -2.96036e-01   1.07687e+00  -2.24182e+00   1.81553e-01   8.69335e-01  -2.41520e+00   2.01593e-01  -5.98051e-01   4.90871e-01   3.32079e-01  -5.46029e-02   1.35832e-01   2.91331e+00  -2.63014e-01   5.88467e-02  -3.90675e-01   2.00789e-01  -1.44828e+00
T14   -7.44574e-02   2.09546e+00   1.15534e+00   3.79116e+00   3.28900e+00   1.71019e+00   1.74938e+00   2.30287e+00   4.74241e-01   1.43340e+00   2.80902e+00   3.31116e+00   2.80924e+00   1.59198e+00   2.91331e+00   4.56386e+00   2.58379e+00   4.02749e+00   7.12378e-02   6.88709e-01   2.74354e+00
T15   -3.13988e-01  -8.38828e-01  -8.91340e-01  -6.72207e-01  -9.81686e-02  -1.00368e+00  -8.97783e-02   7.74220e-02  -1.59717e+00  -3.99464e-01  -2.44267e-01   8.50023e-01  -1.11017e-01   3.24413e-01  -2.63014e-01   2.58379e+00  -1.43526e+00  -8.78001e-01  -9.89491e-01  -7.40204e-01  -2.59374e-01
T16   -2.39666e-01  -4.97909e-01  -5.14688e-01   3.22482e-02   1.21087e+00  -1.50078e-01   2.40134e-01   2.04643e-01  -1.49812e+00   3.24210e-01   5.45495e-01   1.89136e+00   2.76608e-01   5.35168e-02   5.88467e-02   4.02749e+00  -8.78001e-01  -7.74034e-01  -5.93585e-01  -6.24253e-01   1.17318e+00
T17    1.10318e+00  -6.97445e-01  -2.19121e+00  -1.03106e+00   7.35923e-01  -2.07006e+00  -8.13254e-01   4.40740e-01  -2.76335e+00  -1.80868e+00  -6.71838e-01  -1.39168e-01  -1.31188e+00  -1.01474e+00  -3.90675e-01   7.12378e-02  -9.89491e-01  -5.93585e-01  -8.91129e-01   7.10609e-01  -1.07262e+00
T18    2.01062e-01  -6.72537e-01  -1.32558e+00  -7.92421e-01   5.81408e-01  -1.63308e+00  -5.61703e-01   5.30220e-01  -2.53985e+00  -1.19265e+00  -4.16426e-01   5.76446e-01  -1.05291e+00  -6.86023e-01   2.00789e-01   6.88709e-01  -7.40204e-01  -6.24253e-01   7.10609e-01   4.30675e-01  -1.43897e+00
T19   -4.69241e-01  -8.83913e-01  -5.47503e-01   1.50657e+00   1.74873e+00  -7.31179e-01   3.52471e-01   4.70329e-01  -1.81132e+00   8.03143e-02  -4.39001e-01   4.27742e-01   4.45765e-01  -8.51393e-01  -1.44828e+00   2.74354e+00  -2.59374e-01   1.17318e+00  -1.07262e+00  -1.43897e+00   2.08914e-01
