T0   -4.96700e-01  -1.56282e-01   6.40151e-02   1.03865e-01   1.15439e-01  -8.30738e-02   6.84038e-02   1.61876e-01  -4.84297e-02   4.74125e-02  -1.09331e-01  -1.19015e-01   1.91123e-01  -9.28595e-02  -8.16905e-02   2.84664e-02   3.47255e-02  -3.26874e-03  -6.54517e-02  -2.91130e-02  -1.38378e-01
T1   -7.96741e-01   6.40151e-02   2.43530e-01   1.23003e-01  -2.47230e-01   1.21836e-02   1.51954e-01  -2.09972e-01   6.94783e-03   1.08109e-01   1.48224e-01   1.02704e-01   5.32848e-01   1.09271e-01   6.71506e-02   1.09809e-02   5.25814e-02   7.13990e-02  -4.48330e-02   1.65548e-02   7.69649e-02
T2   -6.55734e-01   1.03865e-01   1.23003e-01  -1.56859e-01   2.35467e-02  -4.08942e-03   5.49431e-02   1.73295e-01  -4.81998e-02   4.30471e-02   1.24111e-01   2.11925e-01   6.76414e-02   7.40491e-02   7.86923e-02   4.89765e-02  -3.64868e-02  -1.50767e-02   3.17844e-02  -1.01027e-02   1.45490e-01
T3   -1.20744e+00   1.15439e-01  -2.47230e-01   2.35467e-02   2.29295e-01   6.73567e-02   1.54183e-01   3.84926e-01  -5.24800e-03  -1.07254e-01   2.18753e-01   2.58108e-01  -1.44804e-01   1.47785e-01   1.90200e-01   8.55954e-02   4.15294e-02   5.54770e-02   6.08780e-02   9.49315e-03   1.73784e-01
T4    2.37722e+00  -8.30738e-02   1.21836e-02  -4.08942e-03   6.73567e-02  -1.03021e+00  -2.66019e-03   1.13051e-01  -9.23012e-02  -1.16326e-01  -1.57186e-01  -1.55977e-01   7.65544e-02  -2.11376e-01  -2.31831e-01  -8.51365e-02  -8.93351e-02  -4.86221e-02  -2.24634e-01  -1.28130e-01  -1.71743e-01
T5   -7.54972e-01   6.84038e-02   1.51954e-01   5.49431e-02   1.54183e-01  -2.66019e-03   6.40984e-02   2.68894e-01   3.55321e-02   9.70075e-02   1.25286e-01   1.31324e-01   2.66375e-01   7.54407e-02   7.76641e-02   4.87268e-02   1.96627e-02   2.26187e-02  -5.39056e-02   1.43174e-02   9.52777e-02
T6   -1.61013e+00   1.61876e-01  -2.09972e-01   1.73295e-01   3.84926e-01   1.13051e-01   2.68894e-01   4.04944e-01   1.14960e-01  -1.51390e-02   1.74841e-01   2.41897e-01  -1.02729e-01   1.87119e-01   1.66701e-01   1.61801e-01   1.21038e-01   1.29804e-01   6.23024e-02   1.36290e-02   1.42238e-01
T7   -5.19770e-01  -4.84297e-02   6.94783e-03  -4.81998e-02  -5.24800e-03  -9.23012e-02   3.55321e-02   1.14960e-01  -1.37495e-01  -5.31029e-02   3.27874e-02   6.18238e-02   8.20628e-02  -3.65252e-02   4.82384e-04  -3.11300e-02  -4.48039e-02  -3.82642e-02  -1.80069e-02  -1.09962e-02  -1.94976e-02
T8    3.63614e-01   4.74125e-02   1.08109e-01   4.30471e-02  -1.07254e-01  -1.16326e-01   9.70075e-02  -1.51390e-02  -5.31029e-02  -2.78296e-01   8.15892e-02   9.79636e-02   2.89372e-01  -2.75467e-02  -2.25972e-02   8.77914e-03  -3.98649e-02   3.85654e-03  -1.37931e-01  -8.55879e-02   5.79074e-02
T9    5.90041e-01  -1.09331e-01   1.48224e-01   1.24111e-01   2.18753e-01  -1.57186e-01   1.25286e-01   1.74841e-01   3.27874e-02   8.15892e-02  -4.08108e-01  -2.93751e-01   1.18213e-01  -1.94251e-01  -3.04591e-01   1.05080e-01   3.55517e-02  -2.82965e-02  -1.77447e-01  -1.87052e-01  -2.78241e-01
T10   -2.06945e-01  -1.19015e-01   1.02704e-01   2.11925e-01   2.58108e-01  -1.55977e-01   1.31324e-01   2.41897e-01   6.18238e-02   9.79636e-02  -2.93751e-01  -3.34218e-01   2.29575e-01  -1.59809e-01  -2.86149e-01   8.22919e-02   7.51055e-02   3.65277e-02  -2.16255e-01  -1.37943e-01  -2.41232e-01
T11   -1.45292e+00   1.91123e-01   5.32848e-01   6.76414e-02  -1.44804e-01   7.65544e-02   2.66375e-01  -1.02729e-01   8.20628e-02   2.89372e-01   1.18213e-01   2.29575e-01   3.40803e-01   1.95757e-01   1.29874e-01   2.16830e-01   9.24909e-02   1.24693e-01   1.25005e-01   1.03899e-02   1.25410e-01
T12    1.49094e+00  -9.28595e-02   1.09271e-01   7.40491e-02   1.47785e-01  -2.11376e-01   7.54407e-02   1.87119e-01  -3.65252e-02  -2.75467e-02  -1.94251e-01  -1.59809e-01   1.95757e-01  -4.90288e-01  -2.76073e-01   5.94777e-03   1.52544e-02  -1.47032e-02  -2.24787e-01  -1.62228e-01  -1.51661e-01
T13    1.08880e+00  -8.16905e-02   6.71506e-02   7.86923e-02   1.90200e-01  -2.31831e-01   7.76641e-02   1.66701e-01   4.82384e-04  -2.25972e-02  -3.04591e-01  -2.86149e-01   1.29874e-01  -2.76073e-01  -4.14481e-01   1.30510e-02  -6.28892e-03  -1.58988e-02  -3.24209e-01  -2.62787e-01  -2.32581e-01
T14   -5.09918e-01   2.84664e-02   1.09809e-02   4.89765e-02   8.55954e-02  -8.51365e-02   4.87268e-02   1.61801e-01  -3.11300e-02   8.77914e-03   1.05080e-01   8.22919e-02   2.16830e-01   5.94777e-03   1.30510e-02  -8.64284e-02   4.91787e-02   4.42630e-02  -1.72466e-01  -1.13190e-01   5.25336e-02
T15   -6.13969e-01   3.47255e-02   5.25814e-02  -3.64868e-02   4.15294e-02  -8.93351e-02   1.96627e-02   1.21038e-01  -4.48039e-02  -3.98649e-02   3.55517e-02   7.51055e-02   9.24909e-02   1.52544e-02  -6.28892e-03   4.91787e-02  -6.95543e-02  -2.46044e-02  -1.81303e-02  -1.21267e-02   2.88960e-02
T16   -4.00880e-01  -3.26874e-03   7.13990e-02  -1.50767e-02   5.54770e-02  -4.86221e-02   2.26187e-02   1.29804e-01  -3.82642e-02   3.85654e-03  -2.82965e-02   3.65277e-02   1.24693e-01  -1.47032e-02  -1.58988e-02   4.42630e-02  -2.46044e-02  -8.10337e-02  -2.61361e-02  -3.33610e-02  -5.40665e-02
T17    2.11798e+00  -6.54517e-02  -4.48330e-02   3.17844e-02   6.08780e-02  -2.24634e-01  -5.39056e-02   6.23024e-02  -1.80069e-02  -1.37931e-01  -1.77447e-01  -2.16255e-01   1.25005e-01  -2.24787e-01  -3.24209e-01  -1.72466e-01  -1.81303e-02  -2.61361e-02  -4.84048e-01  -2.55732e-01  -1.55716e-01
T18    9.05965e-01  -2.91130e-02   1.65548e-02  -1.01027e-02   9.49315e-03  -1.28130e-01   1.43174e-02   1.36290e-02  -1.09962e-02  -8.55879e-02  -1.87052e-01  -1.37943e-01   1.03899e-02  -1.62228e-01  -2.62787e-01  -1.13190e-01  -1.21267e-02  -3.33610e-02  -2.55732e-01  -2.05691e-01  -1.27493e-01
T19    2.91561e-01  -1.38378e-01   7.69649e-02   1.45490e-01   1.73784e-01  -1.71743e-01   9.52777e-02   1.42238e-01  -1.94976e-02   5.79074e-02  -2.78241e-01  -2.41232e-01   1.25410e-01  -1.51661e-01  -2.32581e-01   5.25336e-02   2.88960e-02  -5.40665e-02  -1.55716e-01  -1.27493e-01  -3.06340e-01
