T0   -4.19832e-01  -1.39402e-01   4.90107e-02   8.98104e-02   9.32069e-02  -5.58117e-02   4.73847e-02   1.16244e-01  -3.76852e-02   2.98991e-02  -8.36059e-02  -1.07966e-01   1.47285e-01  -7.53090e-02  -6.52901e-02   2.86749e-02   3.08378e-02  -4.76122e-03  -5.06805e-02  -1.77708e-02  -1.16891e-01
T1   -9.56274e-01   4.90107e-02   1.90999e-01   1.18798e-01  -1.86988e-01   9.99244e-03   1.27606e-01  -1.47843e-01   1.33651e-02   8.60303e-02   1.21203e-01   7.72706e-02   4.44258e-01   7.31962e-02   6.44494e-02   1.79286e-02   5.69391e-02   7.54246e-02  -1.42741e-02   3.30397e-02   6.30070e-02
T2   -7.14254e-01   8.98104e-02   1.18798e-01  -1.30356e-01   3.81922e-02  -3.09774e-03   5.20449e-02   1.51499e-01  -2.30470e-02   4.34884e-02   6.38995e-02   1.38914e-01   6.43629e-02   2.98099e-02   5.13868e-02   5.88702e-02  -2.15103e-02  -8.00216e-03   2.66675e-02  -1.41849e-02   9.12910e-02
T3   -1.28946e+00   9.32069e-02  -1.86988e-01   3.81922e-02   1.92767e-01   5.62016e-02   1.28763e-01   3.03047e-01   7.29073e-03  -7.06700e-02   1.30098e-01   1.60550e-01  -9.31920e-02   9.74227e-02   1.22333e-01   7.44078e-02   5.71818e-02   5.28190e-02   3.93034e-02   4.57972e-03   1.11757e-01
T4    2.52204e+00  -5.58117e-02   9.99244e-03  -3.09774e-03   5.62016e-02  -8.53063e-01  -1.66033e-02   8.08668e-02  -5.83215e-02  -1.05624e-01  -1.34055e-01  -1.31184e-01   4.90639e-02  -1.75979e-01  -1.79910e-01  -6.42909e-02  -8.73205e-02  -4.88000e-02  -1.59342e-01  -9.80661e-02  -1.43363e-01
T5   -8.04327e-01   4.73847e-02   1.27606e-01   5.20449e-02   1.28763e-01  -1.66033e-02   3.36548e-02   2.13613e-01   4.56172e-02   7.71045e-02   7.18124e-02   6.33598e-02   2.14123e-01   2.89557e-02   5.17479e-02   4.98304e-02   3.30745e-02   2.80924e-02  -2.49811e-02   1.70461e-02   6.16843e-02
T6   -1.70174e+00   1.16244e-01  -1.47843e-01   1.51499e-01   3.03047e-01   8.08668e-02   2.13613e-01   2.82679e-01   1.12906e-01   4.12533e-03   9.20891e-02   1.31659e-01  -6.12556e-02   1.09266e-01   1.17048e-01   1.41636e-01   1.25056e-01   1.15721e-01   6.63056e-02   2.30745e-02   8.77470e-02
T7   -6.13023e-01  -3.76852e-02   1.33651e-02  -2.30470e-02   7.29073e-03  -5.83215e-02   4.56172e-02   1.12906e-01  -1.09672e-01  -3.96494e-02   3.05829e-02   5.40844e-02   8.94917e-02  -2.29123e-02   3.94056e-03  -1.36289e-02  -2.45630e-02  -2.21704e-02  -2.17801e-02  -7.77307e-03  -1.18142e-02
T8    3.29846e-01   2.98991e-02   8.60303e-02   4.34884e-02  -7.06700e-02  -1.05624e-01   7.71045e-02   4.12533e-03  -3.96494e-02  -2.42495e-01   6.25919e-02   6.36645e-02   2.44535e-01  -2.95892e-02  -1.35248e-02   7.72936e-03  -2.49799e-02   5.85419e-03  -9.80057e-02  -4.84736e-02   3.49584e-02
T9    7.86453e-01  -8.36059e-02   1.21203e-01   6.38995e-02   1.30098e-01  -1.34055e-01   7.18124e-02   9.20891e-02   3.05829e-02   6.25919e-02  -3.32007e-01  -2.30371e-01   5.70776e-02  -1.56996e-01  -2.26932e-01   7.38150e-02   6.10020e-03  -4.20537e-02  -1.08124e-01  -1.27182e-01  -2.25033e-01
T10   -1.31392e-02  -1.07966e-01   7.72706e-02   1.38914e-01   1.60550e-01  -1.31184e-01   6.33598e-02   1.31659e-01   5.40844e-02   6.36645e-02  -2.30371e-01  -2.68779e-01   1.52768e-01  -1.25745e-01  -2.07849e-01   5.00488e-02   2.76383e-02   6.23975e-03  -1.39786e-01  -8.18381e-02  -1.94426e-01
T11   -1.59030e+00   1.47285e-01   4.44258e-01   6.43629e-02  -9.31920e-02   4.90639e-02   2.14123e-01  -6.12556e-02   8.94917e-02   2.44535e-01   5.70776e-02   1.52768e-01   2.43348e-01   1.26723e-01   9.11900e-02   1.81348e-01   9.17695e-02   1.11907e-01   1.25768e-01   2.22695e-02   8.15574e-02
T12    1.64151e+00  -7.53090e-02   7.31962e-02   2.98099e-02   9.74227e-02  -1.75979e-01   2.89557e-02   1.09266e-01  -2.29123e-02  -2.95892e-02  -1.56996e-01  -1.25745e-01   1.26723e-01  -4.35235e-01  -2.03752e-01   9.00002e-04   3.13736e-03  -2.05203e-02  -1.46002e-01  -1.05584e-01  -1.22207e-01
T13    1.11015e+00  -6.52901e-02   6.44494e-02   5.13868e-02   1.22333e-01  -1.79910e-01   5.17479e-02   1.17048e-01   3.94056e-03  -1.35248e-02  -2.26932e-01  -2.07849e-01   9.11900e-02  -2.03752e-01  -3.11667e-01   1.35542e-02  -2.10986e-02  -1.94865e-02  -2.29072e-01  -1.92264e-01  -1.71715e-01
T14   -5.91751e-01   2.86749e-02   1.79286e-02   5.88702e-02   7.44078e-02  -6.42909e-02   4.98304e-02   1.41636e-01  -1.36289e-02   7.72936e-03   7.38150e-02   5.00488e-02   1.81348e-01   9.00002e-04   1.35542e-02  -7.94664e-02   5.26628e-02   4.50661e-02  -1.23111e-01  -7.99425e-02   3.12484e-02
T15   -6.19801e-01   3.08378e-02   5.69391e-02  -2.15103e-02   5.71818e-02  -8.73205e-02   3.30745e-02   1.25056e-01  -2.45630e-02  -2.49799e-02   6.10020e-03   2.76383e-02   9.17695e-02   3.13736e-03  -2.10986e-02   5.26628e-02  -5.78561e-02  -2.24740e-02  -2.08398e-02  -1.69969e-02   5.80297e-03
T16   -3.64035e-01  -4.76122e-03   7.54246e-02  -8.00216e-03   5.28190e-02  -4.88000e-02   2.80924e-02   1.15721e-01  -2.21704e-02   5.85419e-03  -4.20537e-02   6.23975e-03   1.11907e-01  -2.05203e-02  -1.94865e-02   4.50661e-02  -2.24740e-02  -8.07899e-02  -1.20049e-02  -2.38063e-02  -6.22032e-02
T17    1.97852e+00  -5.06805e-02  -1.42741e-02   2.66675e-02   3.93034e-02  -1.59342e-01  -2.49811e-02   6.63056e-02  -2.17801e-02  -9.80057e-02  -1.08124e-01  -1.39786e-01   1.25768e-01  -1.46002e-01  -2.29072e-01  -1.23111e-01  -2.08398e-02  -1.20049e-02  -3.99240e-01  -1.81395e-01  -9.29880e-02
T18    8.19474e-01  -1.77708e-02   3.30397e-02  -1.41849e-02   4.57972e-03  -9.80661e-02   1.70461e-02   2.30745e-02  -7.77307e-03  -4.84736e-02  -1.27182e-01  -8.18381e-02   2.22695e-02  -1.05584e-01  -1.92264e-01  -7.99425e-02  -1.69969e-02  -2.38063e-02  -1.81395e-01  -1.59138e-01  -8.21091e-02
T19    4.89950e-01  -1.16891e-01   6.30070e-02   9.12910e-02   1.11757e-01  -1.43363e-01   6.16843e-02   8.77470e-02  -1.18142e-02   3.49584e-02  -2.25033e-01  -1.94426e-01   8.15574e-02  -1.22207e-01  -1.71715e-01   3.12484e-02   5.80297e-03  -6.22032e-02  -9.29880e-02  -8.21091e-02  -2.58759e-01
