T0   -4.37079e-01  -8.93119e-02   2.05972e-02   5.52318e-02   2.84519e-02  -4.09131e-03   2.17243e-02   4.96875e-02  -2.20854e-02   2.09320e-02  -2.64996e-02  -4.56654e-02   8.52228e-02  -2.68900e-02  -1.55114e-02   9.46049e-03   2.13161e-02   4.33895e-04  -1.27740e-02   9.43462e-03  -4.90641e-02
T1   -1.02365e+00   2.05972e-02   5.98608e-02   9.20468e-02  -6.02877e-02  -2.83466e-03   7.92302e-02  -5.33498e-02   2.07277e-02   4.31375e-02   4.36515e-02   1.35339e-03   2.48333e-01   9.38671e-03   1.77422e-04   1.33196e-02   5.44750e-02   6.72332e-02  -2.71277e-02   6.28640e-03   1.94768e-02
T2   -7.98126e-01   5.52318e-02   9.20468e-02  -8.27420e-02   2.97367e-02   9.91426e-03   4.00657e-02   9.70189e-02  -4.60545e-03   3.56194e-02   9.19515e-03   5.81336e-02   4.66428e-02  -1.30389e-03   5.04500e-03   4.12132e-02  -1.12945e-02   2.53760e-03  -4.34435e-03  -3.23193e-02   4.77747e-02
T3   -1.36850e+00   2.84519e-02  -6.02877e-02   2.97367e-02   8.78327e-02   4.82245e-02   8.47480e-02   1.64334e-01  -2.76657e-04  -1.51744e-02   4.01784e-02   5.44808e-02  -1.09012e-02   2.84429e-02   3.62992e-02   4.01275e-02   3.80915e-02   3.44780e-02  -7.81143e-03  -6.58827e-04   4.64346e-02
T4    2.32671e+00  -4.09131e-03  -2.83466e-03   9.91426e-03   4.82245e-02  -5.32948e-01  -3.69975e-03   5.52968e-02  -1.40664e-02  -6.13423e-02  -5.26928e-02  -4.96771e-02   2.35323e-02  -8.41570e-02  -7.77347e-02  -2.01041e-02  -4.15790e-02  -1.02349e-02  -7.29892e-02  -3.90275e-02  -5.58574e-02
T5   -8.55681e-01   2.17243e-02   7.92302e-02   4.00657e-02   8.47480e-02  -3.69975e-03  -2.12858e-02   1.23902e-01   4.36146e-02   4.34714e-02   2.12853e-02  -4.11115e-03   1.34213e-01  -6.27792e-03  -5.00143e-03   2.72105e-02   2.73997e-02   3.09946e-02  -4.30359e-02  -7.68505e-03   3.39357e-02
T6   -1.78482e+00   4.96875e-02  -5.33498e-02   9.70189e-02   1.64334e-01   5.52968e-02   1.23902e-01   1.33768e-01   6.10421e-02   1.96023e-02   1.46265e-02   2.05993e-02  -9.06865e-03   2.66957e-02   1.27489e-02   7.77369e-02   8.66523e-02   8.45501e-02  -1.06710e-03  -2.34765e-03   3.53933e-02
T7   -6.99924e-01  -2.20854e-02   2.07277e-02  -4.60545e-03  -2.76657e-04  -1.40664e-02   4.36146e-02   6.10421e-02  -7.47014e-02  -2.04833e-02   2.19731e-02   3.65521e-02   7.43761e-02  -1.10077e-02   1.68746e-02  -1.28997e-02  -1.14732e-02  -1.23160e-02  -8.41012e-04   1.07010e-02  -1.10773e-03
T8    3.58465e-01   2.09320e-02   4.31375e-02   3.56194e-02  -1.51744e-02  -6.13423e-02   4.34714e-02   1.96023e-02  -2.04833e-02  -1.52677e-01   2.20820e-02   1.10141e-02   1.40867e-01  -3.45043e-02  -3.11495e-02   1.39461e-03   9.82553e-04   1.47894e-02  -6.92533e-02  -3.37336e-02   1.89565e-02
T9    9.56800e-01  -2.64996e-02   4.36515e-02   9.19515e-03   4.01784e-02  -5.26928e-02   2.12853e-02   1.46265e-02   2.19731e-02   2.20820e-02  -1.76903e-01  -1.04022e-01  -1.74158e-02  -6.62354e-02  -1.02759e-01   4.46043e-02  -4.22657e-03  -2.24382e-02  -2.06508e-02  -5.20441e-02  -1.05454e-01
T10    2.14492e-01  -4.56654e-02   1.35339e-03   5.81336e-02   5.44808e-02  -4.96771e-02  -4.11115e-03   2.05993e-02   3.65521e-02   1.10141e-02  -1.04022e-01  -1.39547e-01   3.41498e-02  -4.68656e-02  -9.20606e-02   2.65528e-02   8.40515e-03  -2.02247e-03  -5.17543e-02  -2.57294e-02  -8.92703e-02
T11   -1.71322e+00   8.52228e-02   2.48333e-01   4.66428e-02  -1.09012e-02   2.35323e-02   1.34213e-01  -9.06865e-03   7.43761e-02   1.40867e-01  -1.74158e-02   3.41498e-02   7.83144e-02   2.62622e-02   1.13772e-03   1.05630e-01   7.50587e-02   8.64514e-02   4.54567e-02  -1.74107e-02   2.53223e-02
T12    1.80554e+00  -2.68900e-02   9.38671e-03  -1.30389e-03   2.84429e-02  -8.41570e-02  -6.27792e-03   2.66957e-02  -1.10077e-02  -3.45043e-02  -6.62354e-02  -4.68656e-02   2.62622e-02  -3.07441e-01  -7.93048e-02   3.65424e-03   1.12701e-03  -9.12406e-03  -4.49375e-02  -4.04935e-02  -4.38989e-02
T13    1.33727e+00  -1.55114e-02   1.77422e-04   5.04500e-03   3.62992e-02  -7.77347e-02  -5.00143e-03   1.27489e-02   1.68746e-02  -3.11495e-02  -1.02759e-01  -9.20606e-02   1.13772e-03  -7.93048e-02  -1.56519e-01   1.48541e-02  -1.63140e-02  -1.96587e-02  -1.04841e-01  -9.27009e-02  -7.63554e-02
T14   -6.94401e-01   9.46049e-03   1.33196e-02   4.12132e-02   4.01275e-02  -2.01041e-02   2.72105e-02   7.77369e-02  -1.28997e-02   1.39461e-03   4.46043e-02   2.65528e-02   1.05630e-01   3.65424e-03   1.48541e-02  -5.80152e-02   3.35558e-02   2.85684e-02  -6.06830e-02  -3.18920e-02   1.86539e-02
T15   -7.09772e-01   2.13161e-02   5.44750e-02  -1.12945e-02   3.80915e-02  -4.15790e-02   2.73997e-02   8.66523e-02  -1.14732e-02   9.82553e-04  -4.22657e-03   8.40515e-03   7.50587e-02   1.12701e-03  -1.63140e-02   3.35558e-02  -4.10572e-02  -1.03071e-02  -1.53053e-02  -1.14908e-02   6.85040e-03
T16   -4.50563e-01   4.33895e-04   6.72332e-02   2.53760e-03   3.44780e-02  -1.02349e-02   3.09946e-02   8.45501e-02  -1.23160e-02   1.47894e-02  -2.24382e-02  -2.02247e-03   8.64514e-02  -9.12406e-03  -1.96587e-02   2.85684e-02  -1.03071e-02  -4.55610e-02  -1.31938e-02  -1.49938e-02  -3.22182e-02
T17    2.13731e+00  -1.27740e-02  -2.71277e-02  -4.34435e-03  -7.81143e-03  -7.29892e-02  -4.30359e-02  -1.06710e-03  -8.41012e-04  -6.92533e-02  -2.06508e-02  -5.17543e-02   4.54567e-02  -4.49375e-02  -1.04841e-01  -6.06830e-02  -1.53053e-02  -1.31938e-02  -2.53792e-01  -8.99593e-02  -3.23784e-02
T18    8.99212e-01   9.43462e-03   6.28640e-03  -3.23193e-02  -6.58827e-04  -3.90275e-02  -7.68505e-03  -2.34765e-03   1.07010e-02  -3.37336e-02  -5.20441e-02  -2.57294e-02  -1.74107e-02  -4.04935e-02  -9.27009e-02  -3.18920e-02  -1.14908e-02  -1.49938e-02  -8.99593e-02  -9.73362e-02  -2.52169e-02
T19    4.99939e-01  -4.90641e-02   1.94768e-02   4.77747e-02   4.64346e-02  -5.58574e-02   3.39357e-02   3.53933e-02  -1.10773e-03   1.89565e-02  -1.05454e-01  -8.92703e-02   2.53223e-02  -4.38989e-02  -7.63554e-02   1.86539e-02   6.85040e-03  -3.22182e-02  -3.23784e-02  -2.52169e-02  -1.30735e-01
