T0   -5.85605e-01  -4.48488e-01   6.82307e-02   1.71934e-01   4.19588e-01  -4.07200e-01   2.52168e-01   5.34382e-01  -4.09588e-01   2.88065e-02  -2.65541e-01  -1.77532e-01   4.58468e-01  -2.49286e-01  -3.71193e-01   2.19894e-01  -4.08692e-02  -3.80762e-02  -1.95854e-01  -3.19095e-01  -3.86749e-01
T1   -1.87769e-01   6.82307e-02   4.44619e-01   1.61289e-01  -3.91006e-01  -1.87054e-02   1.63029e-01  -2.80748e-01  -2.02422e-01   6.05121e-03   2.30900e-01   1.28838e-01   9.71704e-01   7.87914e-02  -2.07013e-01   1.34939e-01   6.87041e-02   8.11326e-02  -8.31820e-01  -5.02215e-01   1.60427e-01
T2   -9.70221e-02   1.71934e-01   1.61289e-01  -3.86816e-01   3.13857e-02  -9.55733e-02   1.52326e-01   4.54769e-01  -3.55399e-01   2.89673e-02   4.57920e-01   5.28511e-01   1.58899e-01   2.61740e-01   1.49346e-01   2.73232e-01  -2.03243e-01  -1.39431e-01  -1.12532e-02   7.67849e-03   3.78872e-01
T3   -5.32760e-01   4.19588e-01  -3.91006e-01   3.13857e-02   6.17916e-01   2.66954e-01   5.19937e-01   1.14067e+00  -8.50072e-02  -1.20558e-01   6.69018e-01   7.55059e-01  -2.01282e-01   4.43404e-01   6.28812e-01   5.78973e-01  -1.28143e-02  -2.25152e-02   8.20631e-01   5.45494e-01   5.16897e-01
T4    1.66569e+00  -4.07200e-01  -1.87054e-02  -9.55733e-02   2.66954e-01  -3.03675e+00   6.35710e-02   4.46810e-01  -6.48171e-01  -2.99701e-01  -3.65143e-01  -3.03570e-01   3.21679e-01  -5.65071e-01  -7.29063e-01   5.45924e-02  -3.19750e-01  -2.53808e-01  -8.65848e-01  -5.30770e-01  -5.06862e-01
T5   -3.97974e-02   2.52168e-01   1.63029e-01   1.52326e-01   5.19937e-01   6.35710e-02   2.47077e-01   7.25524e-01  -4.34552e-02   1.38737e-01   3.29854e-01   3.81023e-01   3.06451e-01   1.59330e-01   1.39536e-04   2.69241e-01   9.74459e-02   3.83187e-02  -2.27443e-01  -8.84731e-02   2.62951e-01
T6   -7.16265e-01   5.34382e-01  -2.80748e-01   4.54769e-01   1.14067e+00   4.46810e-01   7.25524e-01   1.30026e+00   2.12625e-01   1.27621e-01   6.52264e-01   8.71044e-01  -1.85380e-01   5.81798e-01   4.03443e-01   6.42308e-01   3.44261e-01   2.83366e-01   4.18295e-01   2.90044e-01   5.42858e-01
T7   -2.60762e-01  -4.09588e-01  -2.02422e-01  -3.55399e-01  -8.50072e-02  -6.48171e-01  -4.34552e-02   2.12625e-01  -6.49812e-01  -3.35726e-01  -2.84097e-01  -1.20842e-01   5.47619e-02  -3.81380e-01  -4.85718e-01  -2.15475e-01  -3.87598e-01  -3.44374e-01  -5.04031e-01  -5.02623e-01  -4.16078e-01
T8    6.28099e-01   2.88065e-02   6.05121e-03   2.89673e-02  -1.20558e-01  -2.99701e-01   1.38737e-01   1.27621e-01  -3.35726e-01  -5.82163e-01   2.02883e-01   2.42294e-01   3.59572e-01  -8.45081e-02  -2.73927e-01   8.55298e-02  -2.28291e-01  -1.65177e-01  -6.11597e-01  -4.06295e-01   1.04517e-01
T9   -2.33872e-01  -2.65541e-01   2.30900e-01   4.57920e-01   6.69018e-01  -3.65143e-01   3.29854e-01   6.52264e-01  -2.84097e-01   2.02883e-01  -7.43314e-01  -3.58512e-01   4.96567e-01  -3.58705e-01  -4.02502e-01   7.26948e-01   1.87015e-01   1.77674e-01  -1.64251e-01  -2.15153e-01  -5.61855e-01
T10   -8.16206e-01  -1.77532e-01   1.28838e-01   5.28511e-01   7.55059e-01  -3.03570e-01   3.81023e-01   8.71044e-01  -1.20842e-01   2.42294e-01  -3.58512e-01  -2.93648e-01   5.72221e-01  -1.68019e-01  -4.07386e-01   5.87295e-01   2.80047e-01   3.81661e-01  -4.13172e-01  -2.90164e-01  -3.05325e-01
T11   -4.61866e-01   4.58468e-01   9.71704e-01   1.58899e-01  -2.01282e-01   3.21679e-01   3.06451e-01  -1.85380e-01   5.47619e-02   3.59572e-01   4.96567e-01   5.72221e-01   9.61062e-01   4.92167e-01   1.54235e-01   6.76841e-01   2.05997e-01   1.88365e-01  -3.53675e-01  -4.25512e-01   4.10390e-01
T12    1.01765e+00  -2.49286e-01   7.87914e-02   2.61740e-01   4.43404e-01  -5.65071e-01   1.59330e-01   5.81798e-01  -3.81380e-01  -8.45081e-02  -3.58705e-01  -1.68019e-01   4.92167e-01  -7.93820e-01  -6.60952e-01   2.16203e-01   1.71853e-02   5.91897e-02  -6.64382e-01  -5.16747e-01  -3.68956e-01
T13    2.33733e-01  -3.71193e-01  -2.07013e-01   1.49346e-01   6.28812e-01  -7.29063e-01   1.39536e-04   4.03443e-01  -4.85718e-01  -2.73927e-01  -4.02502e-01  -4.07386e-01   1.54235e-01  -6.60952e-01  -8.33554e-01  -8.35108e-02  -3.24357e-02   2.44701e-01  -6.77418e-01  -6.97848e-01  -3.85362e-01
T14   -2.67128e-01   2.19894e-01   1.34939e-01   2.73232e-01   5.78973e-01   5.45924e-02   2.69241e-01   6.42308e-01  -2.15475e-01   8.55298e-02   7.26948e-01   5.87295e-01   6.76841e-01   2.16203e-01  -8.35108e-02   4.15962e-01   2.95013e-01   5.10269e-01  -6.78076e-01  -3.81237e-01   5.85921e-01
T15   -3.38433e-01  -4.08692e-02   6.87041e-02  -2.03243e-01  -1.28143e-02  -3.19750e-01   9.74459e-02   3.44261e-01  -3.87598e-01  -2.28291e-01   1.87015e-01   2.80047e-01   2.05997e-01   1.71853e-02  -3.24357e-02   2.95013e-01  -3.27117e-01  -2.29933e-01  -4.58556e-02  -3.13842e-02  -8.15574e-03
T16   -2.84049e-01  -3.80762e-02   8.11326e-02  -1.39431e-01  -2.25152e-02  -2.53808e-01   3.83187e-02   2.83366e-01  -3.44374e-01  -1.65177e-01   1.77674e-01   3.81661e-01   1.88365e-01   5.91897e-02   2.44701e-01   5.10269e-01  -2.29933e-01  -4.00605e-01   4.98316e-01   1.99098e-01  -3.75262e-02
T17    1.29603e+00  -1.95854e-01  -8.31820e-01  -1.12532e-02   8.20631e-01  -8.65848e-01  -2.27443e-01   4.18295e-01  -5.04031e-01  -6.11597e-01  -1.64251e-01  -4.13172e-01  -3.53675e-01  -6.64382e-01  -6.77418e-01  -6.78076e-01  -4.58556e-02   4.98316e-01  -6.73402e-01  -6.30701e-01  -6.46843e-02
T18    3.75287e-01  -3.19095e-01  -5.02215e-01   7.67849e-03   5.45494e-01  -5.30770e-01  -8.84731e-02   2.90044e-01  -5.02623e-01  -4.06295e-01  -2.15153e-01  -2.90164e-01  -4.25512e-01  -5.16747e-01  -6.97848e-01  -3.81237e-01  -3.13842e-02   1.99098e-01  -6.30701e-01  -6.52520e-01  -1.96738e-01
T19   -3.94949e-01  -3.86749e-01   1.60427e-01   3.78872e-01   5.16897e-01  -5.06862e-01   2.62951e-01   5.42858e-01  -4.16078e-01   1.04517e-01  -5.61855e-01  -3.05325e-01   4.10390e-01  -3.68956e-01  -3.85362e-01   5.85921e-01  -8.15574e-03  -3.75262e-02  -6.46843e-02  -1.96738e-01  -6.62626e-01
