T0   -4.43162e-01  -5.08780e-02   4.47604e-03   2.35069e-02   5.09384e-03   1.11351e-02   4.22869e-03   1.46778e-02  -1.47297e-02   6.57138e-03   1.43605e-03  -1.35539e-02   3.57037e-02  -3.53396e-03   6.02586e-03   4.43216e-03   1.04710e-02  -9.47630e-04   3.17904e-03   1.41231e-02  -1.57331e-02
T1   -9.12127e-01   4.47604e-03   2.25654e-02   5.68844e-02  -2.05945e-02  -8.48713e-03   4.69074e-02  -1.72054e-02   1.35199e-02   2.54125e-02   9.35275e-03  -1.59523e-02   1.36306e-01  -1.35892e-02  -6.86049e-03   6.94717e-03   2.86043e-02   3.45612e-02  -1.79871e-02   5.90452e-03  -4.31347e-03
T2   -6.28493e-01   2.35069e-02   5.68844e-02  -5.61289e-02   1.56733e-02   9.95866e-03   1.29305e-02   5.04781e-02  -1.29683e-03   2.43758e-02  -8.81349e-03   2.36157e-02   2.22850e-02  -6.01858e-03  -2.91236e-03   2.99414e-02  -8.47270e-03  -2.62888e-03  -6.41673e-03  -2.49188e-02   1.77736e-02
T3   -1.19120e+00   5.09384e-03  -2.05945e-02   1.56733e-02   3.10829e-02   2.62335e-02   4.05594e-02   7.68605e-02   3.61045e-03   4.25201e-03   7.06552e-03   1.71984e-02   4.11699e-04   3.22278e-03   8.33884e-03   2.52461e-02   2.42869e-02   1.56723e-02  -1.52141e-02  -1.00429e-02   1.04717e-02
T4    2.08914e+00   1.11351e-02  -8.48713e-03   9.95866e-03   2.62335e-02  -3.29570e-01  -4.38798e-03   2.78090e-02   1.86962e-03  -4.92927e-02  -1.61453e-02  -1.33796e-02   6.35099e-03  -3.21664e-02  -2.60152e-02  -6.16154e-03  -2.15867e-02   6.50090e-04  -2.71744e-02  -7.36423e-03  -1.48783e-02
T5   -7.06906e-01   4.22869e-03   4.69074e-02   1.29305e-02   4.05594e-02  -4.38798e-03  -3.87112e-02   6.41541e-02   2.69210e-02   2.01212e-02   1.52816e-03  -1.29781e-02   7.42995e-02  -8.22823e-03  -5.85305e-03   2.11821e-02   1.19393e-02   1.24320e-02  -2.63623e-02  -5.12138e-03   9.76981e-03
T6   -1.61224e+00   1.46778e-02  -1.72054e-02   5.04781e-02   7.68605e-02   2.78090e-02   6.41541e-02   4.97869e-02   3.03473e-02   1.16278e-02  -9.43231e-03  -3.61537e-03   4.11139e-04   1.74994e-03  -3.27624e-03   4.24697e-02   4.67362e-02   3.99000e-02  -2.15561e-03  -4.81952e-03   5.33241e-03
T7   -6.07563e-01  -1.47297e-02   1.35199e-02  -1.29683e-03   3.61045e-03   1.86962e-03   2.69210e-02   3.03473e-02  -4.40592e-02  -2.78709e-03   5.94886e-03   1.89277e-02   4.26993e-02  -7.74675e-03   6.69601e-03  -6.46115e-03  -3.31715e-04  -5.37587e-03  -6.69373e-03   3.30931e-03  -6.37793e-03
T8    5.07408e-01   6.57138e-03   2.54125e-02   2.43758e-02   4.25201e-03  -4.92927e-02   2.01212e-02   1.16278e-02  -2.78709e-03  -8.74854e-02  -7.68837e-04  -5.94111e-03   7.83328e-02  -2.73719e-02  -2.17529e-02  -4.10743e-03   9.40294e-03   9.21026e-03  -3.80104e-02  -1.90065e-02   2.81250e-03
T9    7.62644e-01   1.43605e-03   9.35275e-03  -8.81349e-03   7.06552e-03  -1.61453e-02   1.52816e-03  -9.43231e-03   5.94886e-03  -7.68837e-04  -7.74165e-02  -2.88884e-02  -3.04875e-02  -1.25746e-02  -3.00736e-02   1.84734e-02  -6.45111e-03  -9.43113e-03   1.86519e-02  -9.74140e-03  -3.17490e-02
T10    1.50213e-02  -1.35539e-02  -1.59523e-02   2.36157e-02   1.71984e-02  -1.33796e-02  -1.29781e-02  -3.61537e-03   1.89277e-02  -5.94111e-03  -2.88884e-02  -5.67953e-02   5.59875e-03  -4.26896e-03  -2.72524e-02   6.66892e-03  -1.47327e-03   2.06442e-03  -4.46451e-03   7.02246e-04  -2.55955e-02
T11   -1.57022e+00   3.57037e-02   1.36306e-01   2.22850e-02   4.11699e-04   6.35099e-03   7.42995e-02   4.11139e-04   4.26993e-02   7.83328e-02  -3.04875e-02   5.59875e-03   1.28204e-02  -1.08250e-02  -1.11615e-02   5.92646e-02   3.90894e-02   4.07991e-02   1.96313e-02  -1.14934e-02  -2.11834e-03
T12    1.74074e+00  -3.53396e-03  -1.35892e-02  -6.01858e-03   3.22278e-03  -3.21664e-02  -8.22823e-03   1.74994e-03  -7.74675e-03  -2.73719e-02  -1.25746e-02  -4.26896e-03  -1.08250e-02  -2.06217e-01  -1.69349e-02  -7.01295e-03  -4.63427e-04   8.78885e-05  -4.25849e-03  -2.86981e-04  -2.13374e-03
T13    1.11132e+00   6.02586e-03  -6.86049e-03  -2.91236e-03   8.33884e-03  -2.60152e-02  -5.85305e-03  -3.27624e-03   6.69601e-03  -2.17529e-02  -3.00736e-02  -2.72524e-02  -1.11615e-02  -1.69349e-02  -6.81931e-02  -3.27373e-03  -1.43800e-02  -6.57742e-03  -3.12932e-02  -3.47241e-02  -1.98999e-02
T14   -6.44022e-01   4.43216e-03   6.94717e-03   2.99414e-02   2.52461e-02  -6.16154e-03   2.11821e-02   4.24697e-02  -6.46115e-03  -4.10743e-03   1.84734e-02   6.66892e-03   5.92646e-02  -7.01295e-03  -3.27373e-03  -3.66579e-02   2.56056e-02   1.25996e-02  -3.96493e-02  -1.51814e-02   3.44533e-03
T15   -5.83584e-01   1.04710e-02   2.86043e-02  -8.47270e-03   2.42869e-02  -2.15867e-02   1.19393e-02   4.67362e-02  -3.31715e-04   9.40294e-03  -6.45111e-03  -1.47327e-03   3.90894e-02  -4.63427e-04  -1.43800e-02   2.56056e-02  -3.49523e-02  -7.82361e-03  -1.05053e-02  -9.29289e-03  -1.92679e-03
T16   -3.48910e-01  -9.47630e-04   3.45612e-02  -2.62888e-03   1.56723e-02   6.50090e-04   1.24320e-02   3.99000e-02  -5.37587e-03   9.21026e-03  -9.43113e-03   2.06442e-03   4.07991e-02   8.78885e-05  -6.57742e-03   1.25996e-02  -7.82361e-03  -3.80875e-02  -6.88020e-03  -8.38225e-03  -1.54547e-02
T17    1.89944e+00   3.17904e-03  -1.79871e-02  -6.41673e-03  -1.52141e-02  -2.71744e-02  -2.63623e-02  -2.15561e-03  -6.69373e-03  -3.80104e-02   1.86519e-02  -4.46451e-03   1.96313e-02  -4.25849e-03  -3.12932e-02  -3.96493e-02  -1.05053e-02  -6.88020e-03  -1.45867e-01  -3.92340e-02   7.71023e-03
T18    7.68800e-01   1.41231e-02   5.90452e-03  -2.49188e-02  -1.00429e-02  -7.36423e-03  -5.12138e-03  -4.81952e-03   3.30931e-03  -1.90065e-02  -9.74140e-03   7.02246e-04  -1.14934e-02  -2.86981e-04  -3.47241e-02  -1.51814e-02  -9.29289e-03  -8.38225e-03  -3.92340e-02  -5.40362e-02   4.11391e-03
T19    3.53920e-01  -1.57331e-02  -4.31347e-03   1.77736e-02   1.04717e-02  -1.48783e-02   9.76981e-03   5.33241e-03  -6.37793e-03   2.81250e-03  -3.17490e-02  -2.55955e-02  -2.11834e-03  -2.13374e-03  -1.98999e-02   3.44533e-03  -1.92679e-03  -1.54547e-02   7.71023e-03   4.11391e-03  -5.60026e-02
