T0   -4.66462e-01  -4.46599e-02   3.67410e-03   1.84469e-02   3.65153e-03   1.24171e-02   3.12033e-03   1.20929e-02  -1.24643e-02   5.82785e-03   4.06924e-03  -9.19176e-03   2.93469e-02  -1.08330e-03   7.82023e-03   3.56867e-03   8.81552e-03  -6.29875e-04   3.90768e-03   1.32857e-02  -1.08420e-02
T1   -8.40569e-01   3.67410e-03   1.29137e-02   4.76537e-02  -1.69358e-02  -1.00808e-02   3.64421e-02  -1.62621e-02   1.19428e-02   1.99212e-02   7.64244e-03  -1.42189e-02   1.13330e-01  -1.37524e-02  -7.23378e-03   7.63883e-03   2.38978e-02   2.60614e-02  -1.55110e-02   4.08264e-03  -5.26941e-03
T2   -5.58341e-01   1.84469e-02   4.76537e-02  -4.99559e-02   1.32047e-02   9.04331e-03   8.76776e-03   4.21049e-02   4.70640e-04   2.25333e-02  -1.03898e-02   1.85848e-02   1.66439e-02  -6.58653e-03  -3.87316e-03   2.65517e-02  -6.33228e-03  -2.82818e-03  -7.44170e-03  -2.31299e-02   1.31952e-02
T3   -1.11755e+00   3.65153e-03  -1.69358e-02   1.32047e-02   2.43071e-02   2.12752e-02   3.28339e-02   6.41688e-02   4.06215e-03   2.58232e-03   1.87198e-03   1.24105e-02   1.36642e-03   2.00442e-03   3.25894e-03   2.23257e-02   2.29368e-02   1.25693e-02  -1.57054e-02  -1.23344e-02   5.56710e-03
T4    2.00834e+00   1.24171e-02  -1.00808e-02   9.04331e-03   2.12752e-02  -2.89738e-01  -4.52865e-03   2.28786e-02   1.01404e-03  -4.31296e-02  -7.59509e-03  -7.08962e-03   3.21992e-03  -2.55884e-02  -1.72814e-02  -6.63331e-03  -2.03595e-02   3.27623e-03  -1.91065e-02  -2.99736e-03  -8.37476e-03
T5   -6.48764e-01   3.12033e-03   3.64421e-02   8.76776e-03   3.28339e-02  -4.52865e-03  -4.03347e-02   5.37570e-02   2.31815e-02   1.60751e-02   5.70603e-04  -1.23621e-02   6.12035e-02  -6.47410e-03  -4.61026e-03   1.93956e-02   1.03462e-02   1.04851e-02  -2.38420e-02  -6.36042e-03   7.61438e-03
T6   -1.53995e+00   1.20929e-02  -1.62621e-02   4.21049e-02   6.41688e-02   2.28786e-02   5.37570e-02   3.99608e-02   2.47935e-02   1.04017e-02  -1.14968e-02  -4.31312e-03  -6.84523e-04  -1.60003e-03  -6.64375e-03   3.59056e-02   4.09068e-02   3.33653e-02  -4.21894e-03  -7.71788e-03   9.68652e-04
T7   -5.63018e-01  -1.24643e-02   1.19428e-02   4.70640e-04   4.06215e-03   1.01404e-03   2.31815e-02   2.47935e-02  -3.67830e-02   3.37040e-04   2.60861e-03   1.48093e-02   3.67308e-02  -6.43052e-03   4.81628e-03  -4.88977e-03   1.62004e-03  -4.60193e-03  -8.08555e-03   1.67922e-03  -8.72717e-03
T8    5.62018e-01   5.82785e-03   1.99212e-02   2.25333e-02   2.58232e-03  -4.31296e-02   1.60751e-02   1.04017e-02   3.37040e-04  -7.38905e-02  -3.47819e-03  -7.81746e-03   6.39702e-02  -2.33009e-02  -2.09925e-02  -2.06948e-03   1.06922e-02   7.63223e-03  -3.31665e-02  -1.65007e-02   5.01027e-04
T9    6.48652e-01   4.06924e-03   7.64244e-03  -1.03898e-02   1.87198e-03  -7.59509e-03   5.70603e-04  -1.14968e-02   2.60861e-03  -3.47819e-03  -6.05438e-02  -1.79030e-02  -2.70803e-02  -7.03393e-03  -1.72041e-02   1.23105e-02  -7.23476e-03  -6.09384e-03   2.27693e-02  -3.21765e-03  -1.90759e-02
T10   -8.14360e-02  -9.19176e-03  -1.42189e-02   1.85848e-02   1.24105e-02  -7.08962e-03  -1.23621e-02  -4.31312e-03   1.48093e-02  -7.81746e-03  -1.79030e-02  -4.47483e-02   3.12199e-03   6.46575e-04  -1.73006e-02   3.10364e-03  -3.85374e-03   4.10282e-03   1.65987e-03   5.24007e-03  -1.55366e-02
T11   -1.49375e+00   2.93469e-02   1.13330e-01   1.66439e-02   1.36642e-03   3.21992e-03   6.12035e-02  -6.84523e-04   3.67308e-02   6.39702e-02  -2.70803e-02   3.12199e-03   4.57077e-03  -1.34766e-02  -1.26027e-02   5.08461e-02   3.20342e-02   3.15858e-02   1.43873e-02  -1.17748e-02  -3.54775e-03
T12    1.69153e+00  -1.08330e-03  -1.37524e-02  -6.58653e-03   2.00442e-03  -2.55884e-02  -6.47410e-03  -1.60003e-03  -6.43052e-03  -2.33009e-02  -7.03393e-03   6.46575e-04  -1.34766e-02  -1.84457e-01  -7.12371e-03  -7.84381e-03  -6.17777e-04   7.04712e-04   2.59729e-03   5.11920e-03   3.59740e-03
T13    1.02442e+00   7.82023e-03  -7.23378e-03  -3.87316e-03   3.25894e-03  -1.72814e-02  -4.61026e-03  -6.64375e-03   4.81628e-03  -2.09925e-02  -1.72041e-02  -1.73006e-02  -1.26027e-02  -7.12371e-03  -5.31806e-02  -6.32362e-03  -1.52835e-02  -4.66591e-03  -2.15412e-02  -2.40345e-02  -1.07687e-02
T14   -5.91634e-01   3.56867e-03   7.63883e-03   2.65517e-02   2.23257e-02  -6.63331e-03   1.93956e-02   3.59056e-02  -4.88977e-03  -2.06948e-03   1.23105e-02   3.10364e-03   5.08461e-02  -7.84381e-03  -6.32362e-03  -3.18183e-02   2.34490e-02   8.68249e-03  -3.54733e-02  -1.38660e-02   3.68001e-04
T15   -5.40892e-01   8.81552e-03   2.38978e-02  -6.33228e-03   2.29368e-02  -2.03595e-02   1.03462e-02   4.09068e-02   1.62004e-03   1.06922e-02  -7.23476e-03  -3.85374e-03   3.20342e-02  -6.17777e-04  -1.52835e-02   2.34490e-02  -3.01864e-02  -6.81025e-03  -1.07558e-02  -9.62446e-03  -3.67084e-03
T16   -3.26201e-01  -6.29875e-04   2.60614e-02  -2.82818e-03   1.25693e-02   3.27623e-03   1.04851e-02   3.33653e-02  -4.60193e-03   7.63223e-03  -6.09384e-03   4.10282e-03   3.15858e-02   7.04712e-04  -4.66591e-03   8.68249e-03  -6.81025e-03  -3.51485e-02  -4.40938e-03  -7.32056e-03  -1.24493e-02
T17    1.83147e+00   3.90768e-03  -1.55110e-02  -7.44170e-03  -1.57054e-02  -1.91065e-02  -2.38420e-02  -4.21894e-03  -8.08555e-03  -3.31665e-02   2.27693e-02   1.65987e-03   1.43873e-02   2.59729e-03  -2.15412e-02  -3.54733e-02  -1.07558e-02  -4.40938e-03  -1.25935e-01  -2.84733e-02   1.39522e-02
T18    7.38685e-01   1.32857e-02   4.08264e-03  -2.31299e-02  -1.23344e-02  -2.99736e-03  -6.36042e-03  -7.71788e-03   1.67922e-03  -1.65007e-02  -3.21765e-03   5.24007e-03  -1.17748e-02   5.11920e-03  -2.40345e-02  -1.38660e-02  -9.62446e-03  -7.32056e-03  -2.84733e-02  -4.57509e-02   9.15221e-03
T19    2.63454e-01  -1.08420e-02  -5.26941e-03   1.31952e-02   5.56710e-03  -8.37476e-03   7.61438e-03   9.68652e-04  -8.72717e-03   5.01027e-04  -1.90759e-02  -1.55366e-02  -3.54775e-03   3.59740e-03  -1.07687e-02   3.68001e-04  -3.67084e-03  -1.24493e-02   1.39522e-02   9.15221e-03  -4.26644e-02
