T0   -4.15885e-01  -5.99648e-02   6.19101e-03   2.92302e-02   8.41464e-03   6.86045e-03   6.57696e-03   2.02846e-02  -1.64838e-02   1.05459e-02  -3.74672e-03  -1.97209e-02   4.39285e-02  -9.78433e-03   3.54056e-03   6.31595e-03   1.19814e-02  -1.74505e-03   6.37888e-04   1.41345e-02  -2.24052e-02
T1   -9.88178e-01   6.19101e-03   3.25529e-02   6.73445e-02  -2.61417e-02  -4.41227e-03   5.91955e-02  -2.04109e-02   1.59687e-02   3.25323e-02   1.39777e-02  -1.52828e-02   1.62391e-01  -1.18529e-02  -6.96567e-03   5.36648e-03   3.49552e-02   4.21638e-02  -2.07104e-02   8.23440e-03  -4.20342e-04
T2   -6.85376e-01   2.92302e-02   6.73445e-02  -6.21453e-02   1.90148e-02   1.03949e-02   1.78920e-02   6.03452e-02  -2.39792e-03   2.71395e-02  -6.60766e-03   2.75633e-02   2.75547e-02  -3.70886e-03  -8.82379e-04   3.20834e-02  -1.03359e-02  -1.48998e-03  -4.38516e-03  -2.65187e-02   2.30529e-02
T3   -1.25337e+00   8.41464e-03  -2.61417e-02   1.90148e-02   4.06920e-02   3.15671e-02   4.81299e-02   9.30455e-02   2.62619e-03   1.54142e-03   1.10690e-02   2.23417e-02   1.38933e-04   6.76074e-03   1.39365e-02   2.96370e-02   2.82335e-02   1.92342e-02  -1.49200e-02  -7.98774e-03   1.63582e-02
T4    2.17324e+00   6.86045e-03  -4.41227e-03   1.03949e-02   3.15671e-02  -3.73271e-01  -3.62090e-03   3.40139e-02   1.62828e-03  -5.43461e-02  -2.29960e-02  -1.99191e-02   9.06760e-03  -4.39441e-02  -3.80666e-02  -7.25615e-03  -2.51251e-02  -4.04231e-04  -3.70498e-02  -1.35543e-02  -2.51057e-02
T5   -7.65155e-01   6.57696e-03   5.91955e-02   1.78920e-02   4.81299e-02  -3.62090e-03  -3.69139e-02   7.69960e-02   3.07625e-02   2.52760e-02   4.00010e-03  -1.40759e-02   8.90951e-02  -1.10753e-02  -5.61487e-03   2.14779e-02   1.50189e-02   1.69323e-02  -2.86430e-02  -4.48175e-03   1.32419e-02
T6   -1.67764e+00   2.02846e-02  -2.04109e-02   6.03452e-02   9.30455e-02   3.40139e-02   7.69960e-02   6.40791e-02   3.70708e-02   1.40571e-02  -8.57697e-03  -3.06818e-03   2.41794e-03   4.69847e-03  -5.97860e-04   4.93558e-02   5.50259e-02   4.90217e-02   8.26388e-04  -1.32538e-03   9.09640e-03
T7   -6.39095e-01  -1.64838e-02   1.59687e-02  -2.39792e-03   2.62619e-03   1.62828e-03   3.07625e-02   3.70708e-02  -5.15286e-02  -7.56270e-03   9.03148e-03   2.27272e-02   5.03701e-02  -8.15157e-03   9.33820e-03  -7.42800e-03  -3.62703e-03  -6.94768e-03  -5.52589e-03   4.88799e-03  -5.65142e-03
T8    4.49170e-01   1.05459e-02   3.25323e-02   2.71395e-02   1.54142e-03  -5.43461e-02   2.52760e-02   1.40571e-02  -7.56270e-03  -1.02253e-01   3.70529e-03  -4.11648e-03   9.50605e-02  -3.04712e-02  -2.50314e-02  -2.64460e-03   6.43404e-03   1.08827e-02  -4.33766e-02  -2.17452e-02   5.57255e-03
T9    8.63255e-01  -3.74672e-03   1.39777e-02  -6.60766e-03   1.10690e-02  -2.29960e-02   4.00010e-03  -8.57697e-03   9.03148e-03   3.70529e-03  -9.70151e-02  -4.23522e-02  -3.14590e-02  -2.28795e-02  -4.30898e-02   2.46293e-02  -6.54518e-03  -1.28409e-02   1.31227e-02  -1.82012e-02  -4.67189e-02
T10    1.09607e-01  -1.97209e-02  -1.52828e-02   2.75633e-02   2.23417e-02  -1.99191e-02  -1.40759e-02  -3.06818e-03   2.27272e-02  -4.11648e-03  -4.23522e-02  -7.11365e-02   7.98410e-03  -1.09465e-02  -3.82118e-02   9.64024e-03  -1.39282e-03   1.08043e-03  -1.18756e-02  -3.90253e-03  -3.74652e-02
T11   -1.64391e+00   4.39285e-02   1.62391e-01   2.75547e-02   1.38933e-04   9.06760e-03   8.90951e-02   2.41794e-03   5.03701e-02   9.50605e-02  -3.14590e-02   7.98410e-03   2.52358e-02  -5.17979e-03  -9.98788e-03   6.80355e-02   4.63512e-02   4.96889e-02   2.67184e-02  -9.51303e-03   1.58843e-03
T12    1.78703e+00  -9.78433e-03  -1.18529e-02  -3.70886e-03   6.76074e-03  -4.39441e-02  -1.10753e-02   4.69847e-03  -8.15157e-03  -3.04712e-02  -2.28795e-02  -1.09465e-02  -5.17979e-03  -2.25273e-01  -2.79069e-02  -6.42424e-03  -8.52305e-04  -1.90916e-03  -1.40139e-02  -8.10013e-03  -8.04650e-03
T13    1.18040e+00   3.54056e-03  -6.96567e-03  -8.82379e-04   1.39365e-02  -3.80666e-02  -5.61487e-03  -5.97860e-04   9.33820e-03  -2.50314e-02  -4.30898e-02  -3.82118e-02  -9.98788e-03  -2.79069e-02  -8.47513e-02  -8.88724e-04  -1.43241e-02  -1.00809e-02  -4.47736e-02  -4.73591e-02  -3.09248e-02
T14   -6.73032e-01   6.31595e-03   5.36648e-03   3.20834e-02   2.96370e-02  -7.25615e-03   2.14779e-02   4.93558e-02  -7.42800e-03  -2.64460e-03   2.46293e-02   9.64024e-03   6.80355e-02  -6.42424e-03  -8.88724e-04  -4.13458e-02   2.90948e-02   1.62355e-02  -4.08013e-02  -1.83008e-02   5.96023e-03
T15   -6.15303e-01   1.19814e-02   3.49552e-02  -1.03359e-02   2.82335e-02  -2.51251e-02   1.50189e-02   5.50259e-02  -3.62703e-03   6.43404e-03  -6.54518e-03  -1.39282e-03   4.63512e-02  -8.52305e-04  -1.43241e-02   2.90948e-02  -3.72285e-02  -9.30280e-03  -1.07055e-02  -8.95836e-03  -2.35671e-04
T16   -3.64996e-01  -1.74505e-03   4.21638e-02  -1.48998e-03   1.92342e-02  -4.04231e-04   1.69323e-02   4.90217e-02  -6.94768e-03   1.08827e-02  -1.28409e-02   1.08043e-03   4.96889e-02  -1.90916e-03  -1.00809e-02   1.62355e-02  -9.30280e-03  -4.22071e-02  -7.64181e-03  -8.75137e-03  -2.01402e-02
T17    1.93740e+00   6.37888e-04  -2.07104e-02  -4.38516e-03  -1.49200e-02  -3.70498e-02  -2.86430e-02   8.26388e-04  -5.52589e-03  -4.33766e-02   1.31227e-02  -1.18756e-02   2.67184e-02  -1.40139e-02  -4.47736e-02  -4.08013e-02  -1.07055e-02  -7.64181e-03  -1.71819e-01  -5.03837e-02   1.85099e-03
T18    7.84100e-01   1.41345e-02   8.23440e-03  -2.65187e-02  -7.98774e-03  -1.35543e-02  -4.48175e-03  -1.32538e-03   4.88799e-03  -2.17452e-02  -1.82012e-02  -3.90253e-03  -9.51303e-03  -8.10013e-03  -4.73591e-02  -1.83008e-02  -8.95836e-03  -8.75137e-03  -5.03837e-02  -6.35997e-02  -6.45396e-04
T19    4.37745e-01  -2.24052e-02  -4.20342e-04   2.30529e-02   1.63582e-02  -2.51057e-02   1.32419e-02   9.09640e-03  -5.65142e-03   5.57255e-03  -4.67189e-02  -3.74652e-02   1.58843e-03  -8.04650e-03  -3.09248e-02   5.96023e-03  -2.35671e-04  -2.01402e-02   1.85099e-03  -6.45396e-04  -7.21617e-02
