T0   -4.25371e-01  -5.72733e-02   5.74567e-03   2.74238e-02   7.29161e-03   8.00233e-03   6.15710e-03   1.84083e-02  -1.57638e-02   8.63940e-03  -1.92227e-03  -1.75214e-02   4.11969e-02  -7.74156e-03   4.86440e-03   5.63255e-03   1.11366e-02  -1.51102e-03   1.61023e-03   1.42727e-02  -2.01377e-02
T1   -9.66033e-01   5.74567e-03   2.77233e-02   6.42525e-02  -2.39310e-02  -6.45631e-03   5.59009e-02  -1.86559e-02   1.49062e-02   2.99842e-02   1.18917e-02  -1.57390e-02   1.54005e-01  -1.24052e-02  -7.30233e-03   5.68198e-03   3.35017e-02   3.94051e-02  -1.88809e-02   7.59042e-03  -1.12373e-03
T2   -6.70249e-01   2.74238e-02   6.42525e-02  -6.04471e-02   1.87786e-02   8.60537e-03   1.58508e-02   5.72407e-02  -1.97427e-03   2.66968e-02  -7.45219e-03   2.64322e-02   2.53484e-02  -3.87510e-03  -1.21404e-03   3.13828e-02  -9.30084e-03  -1.93934e-03  -4.77745e-03  -2.69370e-02   2.13106e-02
T3   -1.23662e+00   7.29161e-03  -2.39310e-02   1.87786e-02   3.78956e-02   3.06434e-02   4.64687e-02   8.77226e-02   3.37740e-03   2.96118e-03   9.43581e-03   2.02990e-02   2.82827e-04   5.87483e-03   1.18557e-02   2.78102e-02   2.66308e-02   1.79927e-02  -1.49433e-02  -8.78272e-03   1.43369e-02
T4    2.15211e+00   8.00233e-03  -6.45631e-03   8.60537e-03   3.06434e-02  -3.59204e-01  -3.87408e-03   3.18115e-02   1.78169e-03  -5.15896e-02  -2.04645e-02  -1.79759e-02   8.00965e-03  -3.93572e-02  -3.37196e-02  -6.55384e-03  -2.43475e-02  -4.19084e-05  -3.32609e-02  -1.14155e-02  -2.23266e-02
T5   -7.48143e-01   6.15710e-03   5.59009e-02   1.58508e-02   4.64687e-02  -3.87408e-03  -3.78809e-02   7.22119e-02   2.96750e-02   2.41534e-02   3.63155e-03  -1.41570e-02   8.45237e-02  -1.01656e-02  -5.76753e-03   2.16447e-02   1.48708e-02   1.52878e-02  -2.96291e-02  -4.78986e-03   1.12776e-02
T6   -1.65922e+00   1.84083e-02  -1.86559e-02   5.72407e-02   8.77226e-02   3.18115e-02   7.22119e-02   5.93466e-02   3.46195e-02   1.31449e-02  -8.56946e-03  -3.09787e-03   1.06230e-03   4.76421e-03  -1.61402e-03   4.75957e-02   5.23422e-02   4.63654e-02  -5.94723e-04  -2.40487e-03   7.72563e-03
T7   -6.32896e-01  -1.57638e-02   1.49062e-02  -1.97427e-03   3.37740e-03   1.78169e-03   2.96750e-02   3.46195e-02  -4.95460e-02  -6.45202e-03   8.24559e-03   2.17615e-02   4.79575e-02  -7.45686e-03   8.43597e-03  -7.33761e-03  -2.88823e-03  -6.55899e-03  -5.82228e-03   4.62493e-03  -5.27650e-03
T8    4.63050e-01   8.63940e-03   2.99842e-02   2.66968e-02   2.96118e-03  -5.15896e-02   2.41534e-02   1.31449e-02  -6.45202e-03  -9.89738e-02   2.81805e-03  -4.20067e-03   9.08433e-02  -2.92925e-02  -2.47193e-02  -3.74403e-03   7.24231e-03   1.13391e-02  -4.28368e-02  -2.11854e-02   4.98534e-03
T9    8.37190e-01  -1.92227e-03   1.18917e-02  -7.45219e-03   9.43581e-03  -2.04645e-02   3.63155e-03  -8.56946e-03   8.24559e-03   2.81805e-03  -9.11415e-02  -3.81987e-02  -3.12854e-02  -1.96283e-02  -3.93084e-02   2.28054e-02  -6.41372e-03  -1.17116e-02   1.40859e-02  -1.51632e-02  -4.19329e-02
T10    8.25488e-02  -1.75214e-02  -1.57390e-02   2.64322e-02   2.02990e-02  -1.79759e-02  -1.41570e-02  -3.09787e-03   2.17615e-02  -4.20067e-03  -3.81987e-02  -6.65181e-02   7.47408e-03  -8.71669e-03  -3.51953e-02   8.59439e-03  -1.27603e-03   1.50664e-03  -8.91343e-03  -2.20114e-03  -3.38487e-02
T11   -1.62286e+00   4.11969e-02   1.54005e-01   2.53484e-02   2.82827e-04   8.00965e-03   8.45237e-02   1.06230e-03   4.79575e-02   9.08433e-02  -3.12854e-02   7.47408e-03   2.08367e-02  -7.46562e-03  -1.04927e-02   6.43619e-02   4.40394e-02   4.71982e-02   2.48758e-02  -9.73688e-03   7.81140e-04
T12    1.77417e+00  -7.74156e-03  -1.24052e-02  -3.87510e-03   5.87483e-03  -3.93572e-02  -1.01656e-02   4.76421e-03  -7.45686e-03  -2.92925e-02  -1.96283e-02  -8.71669e-03  -7.46562e-03  -2.19293e-01  -2.49781e-02  -6.59814e-03  -1.52381e-03  -2.12016e-03  -1.12493e-02  -5.26117e-03  -6.39366e-03
T13    1.16252e+00   4.86440e-03  -7.30233e-03  -1.21404e-03   1.18557e-02  -3.37196e-02  -5.76753e-03  -1.61402e-03   8.43597e-03  -2.47193e-02  -3.93084e-02  -3.51953e-02  -1.04927e-02  -2.49781e-02  -7.90532e-02  -1.11776e-03  -1.37431e-02  -8.61411e-03  -4.15177e-02  -4.35064e-02  -2.73281e-02
T14   -6.67029e-01   5.63255e-03   5.68198e-03   3.13828e-02   2.78102e-02  -6.55384e-03   2.16447e-02   4.75957e-02  -7.33761e-03  -3.74403e-03   2.28054e-02   8.59439e-03   6.43619e-02  -6.59814e-03  -1.11776e-03  -4.05327e-02   2.90313e-02   1.50635e-02  -3.97981e-02  -1.75122e-02   5.82654e-03
T15   -6.08115e-01   1.11366e-02   3.35017e-02  -9.30084e-03   2.66308e-02  -2.43475e-02   1.48708e-02   5.23422e-02  -2.88823e-03   7.24231e-03  -6.41372e-03  -1.27603e-03   4.40394e-02  -1.52381e-03  -1.37431e-02   2.90313e-02  -3.63998e-02  -9.01003e-03  -1.14216e-02  -9.33230e-03  -8.78356e-04
T16   -3.60023e-01  -1.51102e-03   3.94051e-02  -1.93934e-03   1.79927e-02  -4.19084e-05   1.52878e-02   4.63654e-02  -6.55899e-03   1.13391e-02  -1.17116e-02   1.50664e-03   4.71982e-02  -2.12016e-03  -8.61411e-03   1.50635e-02  -9.01003e-03  -4.09695e-02  -6.45516e-03  -9.54427e-03  -1.85780e-02
T17    1.92784e+00   1.61023e-03  -1.88809e-02  -4.77745e-03  -1.49433e-02  -3.32609e-02  -2.96291e-02  -5.94723e-04  -5.82228e-03  -4.28368e-02   1.40859e-02  -8.91343e-03   2.48758e-02  -1.12493e-02  -4.15177e-02  -3.97981e-02  -1.14216e-02  -6.45516e-03  -1.64387e-01  -4.56802e-02   3.48323e-03
T18    7.81095e-01   1.42727e-02   7.59042e-03  -2.69370e-02  -8.78272e-03  -1.14155e-02  -4.78986e-03  -2.40487e-03   4.62493e-03  -2.11854e-02  -1.51632e-02  -2.20114e-03  -9.73688e-03  -5.26117e-03  -4.35064e-02  -1.75122e-02  -9.33230e-03  -9.54427e-03  -4.56802e-02  -6.05524e-02   8.58561e-04
T19    4.16035e-01  -2.01377e-02  -1.12373e-03   2.13106e-02   1.43369e-02  -2.23266e-02   1.12776e-02   7.72563e-03  -5.27650e-03   4.98534e-03  -4.19329e-02  -3.38487e-02   7.81140e-04  -6.39366e-03  -2.73281e-02   5.82654e-03  -8.78356e-04  -1.85780e-02   3.48323e-03   8.58561e-04  -6.79333e-02
