T0   -4.23863e-01  -5.79516e-02   5.84043e-03   2.81285e-02   7.41516e-03   7.64483e-03   6.30229e-03   1.89951e-02  -1.60278e-02   8.99894e-03  -2.39191e-03  -1.81572e-02   4.19820e-02  -8.41305e-03   4.52098e-03   5.96796e-03   1.13848e-02  -1.69658e-03   1.54582e-03   1.46614e-02  -2.05641e-02
T1   -9.71251e-01   5.84043e-03   2.87636e-02   6.45978e-02  -2.46908e-02  -4.92863e-03   5.65396e-02  -1.93929e-02   1.49454e-02   3.05562e-02   1.27701e-02  -1.55051e-02   1.56143e-01  -1.27672e-02  -7.27142e-03   5.99730e-03   3.37729e-02   4.05022e-02  -1.94381e-02   7.56682e-03  -1.02897e-03
T2   -6.73903e-01   2.81285e-02   6.45978e-02  -6.09577e-02   1.87558e-02   8.72638e-03   1.67027e-02   5.82082e-02  -2.03826e-03   2.70976e-02  -7.37919e-03   2.65058e-02   2.58077e-02  -3.90793e-03  -8.46842e-04   3.14453e-02  -9.39049e-03  -2.29586e-03  -4.57945e-03  -2.66841e-02   2.17970e-02
T3   -1.24064e+00   7.41516e-03  -2.46908e-02   1.87558e-02   3.86008e-02   3.11382e-02   4.67072e-02   8.87319e-02   3.25650e-03   2.58755e-03   9.93030e-03   2.08328e-02   2.97356e-04   6.49983e-03   1.22391e-02   2.83415e-02   2.67154e-02   1.83093e-02  -1.46361e-02  -8.42133e-03   1.50727e-02
T4    2.15736e+00   7.64483e-03  -4.92863e-03   8.72638e-03   3.11382e-02  -3.62768e-01  -3.98526e-03   3.24241e-02   1.76221e-03  -5.21892e-02  -2.15714e-02  -1.82919e-02   8.27952e-03  -4.05321e-02  -3.43571e-02  -6.49390e-03  -2.45758e-02  -2.25459e-04  -3.40387e-02  -1.26399e-02  -2.31319e-02
T5   -7.52874e-01   6.30229e-03   5.65396e-02   1.67027e-02   4.67072e-02  -3.98526e-03  -3.80102e-02   7.38466e-02   3.01007e-02   2.43740e-02   3.35637e-03  -1.38545e-02   8.53126e-02  -1.09178e-02  -6.14138e-03   2.17196e-02   1.51834e-02   1.57479e-02  -2.88650e-02  -4.94042e-03   1.17248e-02
T6   -1.66407e+00   1.89951e-02  -1.93929e-02   5.82082e-02   8.87319e-02   3.24241e-02   7.38466e-02   6.04832e-02   3.51487e-02   1.36908e-02  -8.54528e-03  -3.42495e-03   1.44909e-03   4.98997e-03  -1.36572e-03   4.84083e-02   5.31227e-02   4.70254e-02  -2.99191e-04  -2.35445e-03   8.11558e-03
T7   -6.33599e-01  -1.60278e-02   1.49454e-02  -2.03826e-03   3.25650e-03   1.76221e-03   3.01007e-02   3.51487e-02  -4.99540e-02  -7.04334e-03   8.60594e-03   2.20601e-02   4.83629e-02  -7.35093e-03   8.57962e-03  -7.22350e-03  -3.08200e-03  -6.58616e-03  -5.89623e-03   4.50899e-03  -5.50163e-03
T8    4.59533e-01   8.99894e-03   3.05562e-02   2.70976e-02   2.58755e-03  -5.21892e-02   2.43740e-02   1.36908e-02  -7.04334e-03  -1.00175e-01   2.81766e-03  -4.43165e-03   9.23201e-02  -2.90820e-02  -2.53228e-02  -3.42396e-03   6.95326e-03   1.10004e-02  -4.24058e-02  -2.09774e-02   5.76137e-03
T9    8.44210e-01  -2.39191e-03   1.27701e-02  -7.37919e-03   9.93030e-03  -2.15714e-02   3.35637e-03  -8.54528e-03   8.60594e-03   2.81766e-03  -9.23979e-02  -3.92351e-02  -3.14056e-02  -2.06116e-02  -4.01110e-02   2.30595e-02  -6.39250e-03  -1.20464e-02   1.33783e-02  -1.58330e-02  -4.31020e-02
T10    8.93773e-02  -1.81572e-02  -1.55051e-02   2.65058e-02   2.08328e-02  -1.82919e-02  -1.38545e-02  -3.42495e-03   2.20601e-02  -4.43165e-03  -3.92351e-02  -6.74672e-02   7.70955e-03  -8.71136e-03  -3.57933e-02   8.54883e-03  -1.44231e-03   1.47581e-03  -9.46775e-03  -2.64060e-03  -3.47821e-02
T11   -1.62849e+00   4.19820e-02   1.56143e-01   2.58077e-02   2.97356e-04   8.27952e-03   8.53126e-02   1.44909e-03   4.83629e-02   9.23201e-02  -3.14056e-02   7.70955e-03   2.20037e-02  -7.47339e-03  -1.05808e-02   6.51276e-02   4.46305e-02   4.73577e-02   2.50978e-02  -9.32832e-03   1.26686e-03
T12    1.77892e+00  -8.41305e-03  -1.27672e-02  -3.90793e-03   6.49983e-03  -4.05321e-02  -1.09178e-02   4.98997e-03  -7.35093e-03  -2.90820e-02  -2.06116e-02  -8.71136e-03  -7.47339e-03  -2.20789e-01  -2.55420e-02  -6.99843e-03  -1.41612e-03  -2.32522e-03  -1.18926e-02  -6.27343e-03  -6.81455e-03
T13    1.16748e+00   4.52098e-03  -7.27142e-03  -8.46842e-04   1.22391e-02  -3.43571e-02  -6.14138e-03  -1.36572e-03   8.57962e-03  -2.53228e-02  -4.01110e-02  -3.57933e-02  -1.05808e-02  -2.55420e-02  -8.07468e-02  -1.19600e-03  -1.40300e-02  -8.90584e-03  -4.19628e-02  -4.41656e-02  -2.80077e-02
T14   -6.68923e-01   5.96796e-03   5.99730e-03   3.14453e-02   2.83415e-02  -6.49390e-03   2.17196e-02   4.84083e-02  -7.22350e-03  -3.42396e-03   2.30595e-02   8.54883e-03   6.51276e-02  -6.99843e-03  -1.19600e-03  -4.09014e-02   2.91773e-02   1.53963e-02  -3.99755e-02  -1.78901e-02   5.88428e-03
T15   -6.10044e-01   1.13848e-02   3.37729e-02  -9.39049e-03   2.67154e-02  -2.45758e-02   1.51834e-02   5.31227e-02  -3.08200e-03   6.95326e-03  -6.39250e-03  -1.44231e-03   4.46305e-02  -1.41612e-03  -1.40300e-02   2.91773e-02  -3.66546e-02  -8.98765e-03  -1.10907e-02  -9.11423e-03  -6.95624e-04
T16   -3.61127e-01  -1.69658e-03   4.05022e-02  -2.29586e-03   1.83093e-02  -2.25459e-04   1.57479e-02   4.70254e-02  -6.58616e-03   1.10004e-02  -1.20464e-02   1.47581e-03   4.73577e-02  -2.32522e-03  -8.90584e-03   1.53963e-02  -8.98765e-03  -4.07990e-02  -7.34433e-03  -9.31247e-03  -1.89609e-02
T17    1.92985e+00   1.54582e-03  -1.94381e-02  -4.57945e-03  -1.46361e-02  -3.40387e-02  -2.88650e-02  -2.99191e-04  -5.89623e-03  -4.24058e-02   1.33783e-02  -9.46775e-03   2.50978e-02  -1.18926e-02  -4.19628e-02  -3.99755e-02  -1.10907e-02  -7.34433e-03  -1.66760e-01  -4.65583e-02   2.89465e-03
T18    7.80968e-01   1.46614e-02   7.56682e-03  -2.66841e-02  -8.42133e-03  -1.26399e-02  -4.94042e-03  -2.35445e-03   4.50899e-03  -2.09774e-02  -1.58330e-02  -2.64060e-03  -9.32832e-03  -6.27343e-03  -4.41656e-02  -1.78901e-02  -9.11423e-03  -9.31247e-03  -4.65583e-02  -6.14566e-02   2.79729e-04
T19    4.21075e-01  -2.05641e-02  -1.02897e-03   2.17970e-02   1.50727e-02  -2.31319e-02   1.17248e-02   8.11558e-03  -5.50163e-03   5.76137e-03  -4.31020e-02  -3.47821e-02   1.26686e-03  -6.81455e-03  -2.80077e-02   5.88428e-03  -6.95624e-04  -1.89609e-02   2.89465e-03   2.79729e-04  -6.92297e-02
