T0   -6.23327e-01  -1.24252e+00  -7.21674e-01   7.00929e-01   9.40842e-01  -1.27324e+00   2.05280e-01   3.89663e-01  -1.41486e+00   4.22798e-02  -1.18456e+00  -3.93224e-01   4.15182e-01  -8.24622e-01  -5.09090e-01   1.72354e+00  -6.48770e-01  -5.46911e-01  -6.53516e-01  -3.73896e-01  -1.05486e+00
T1   -1.31160e-01  -7.21674e-01  -5.42405e-01  -4.13335e-01  -1.31134e+00  -3.12570e-01  -8.44641e-01  -1.43103e+00  -1.48551e+00  -1.08830e+00  -1.74900e-01  -3.22818e-01   2.67467e-01  -6.50895e-01  -7.02553e-01   1.14778e+00  -6.09883e-01  -3.91603e-01  -2.01537e+00  -1.24376e+00  -2.89203e-01
T2   -5.50114e-03   7.00929e-01  -4.13335e-01  -1.86986e-01   6.59872e-01   3.15775e-01   4.00706e-01   3.19748e-01  -1.20784e+00  -3.40135e-02   1.20963e+00   1.84754e+00   1.31062e-01   6.49468e-01  -2.34773e-02   2.85497e+00  -4.87571e-01   1.45763e-01  -9.41014e-01  -5.73677e-01   1.50238e+00
T3   -3.30066e-01   9.40842e-01  -1.31134e+00   6.59872e-01   1.33312e+00   5.02830e-01   8.88924e-01   1.01903e+00  -6.32401e-01   2.83329e-01   1.80897e+00   2.42320e+00  -5.15274e-02   1.24440e+00   1.24769e+00   2.93920e+00  -7.37164e-02   8.75995e-01   1.08924e+00   6.82733e-01   1.86868e+00
T4    1.29336e+00  -1.27324e+00  -3.12570e-01   3.15775e-01   5.02830e-01  -3.54114e+00   4.35207e-02   6.75341e-01  -2.14492e+00  -6.87664e-01  -1.37131e+00  -6.01178e-01   2.06472e-01  -4.77315e-01  -1.77085e+00   1.88588e+00  -1.08113e+00  -3.14326e-01  -1.74098e+00  -1.26242e+00  -9.40605e-01
T5    1.27766e-01   2.05280e-01  -8.44641e-01   4.00706e-01   8.88924e-01   4.35207e-02  -1.55517e-01   4.53876e-01  -8.96330e-01  -8.04610e-02   2.86118e-01   1.08755e+00  -3.61160e-01   2.50280e-01   2.07637e-01   1.62564e+00  -1.41159e-01   1.61915e-01  -8.77634e-01  -5.83050e-01   5.33534e-01
T6   -4.33990e-01   3.89663e-01  -1.43103e+00   3.19748e-01   1.01903e+00   6.75341e-01   4.53876e-01   1.55219e+00  -6.55254e-01   1.89314e-01   4.25889e-01   1.74980e+00  -9.85975e-01   7.03486e-01   1.00533e+00   2.27241e+00   7.87991e-02   3.43787e-01   2.20029e-02   6.35114e-01   4.20247e-01
T7   -4.34049e-01  -1.41486e+00  -1.48551e+00  -1.20784e+00  -6.32401e-01  -2.14492e+00  -8.96330e-01  -6.55254e-01  -2.15376e+00  -1.33544e+00  -1.29973e+00  -8.47641e-01  -5.75597e-01  -1.40854e+00  -2.00801e+00   3.11068e-01  -1.39181e+00  -1.29097e+00  -2.35972e+00  -2.13261e+00  -1.65085e+00
T8    6.21221e-01   4.22798e-02  -1.08830e+00  -3.40135e-02   2.83329e-01  -6.87664e-01  -8.04610e-02   1.89314e-01  -1.33544e+00  -1.70014e+00   5.04270e-01   8.72786e-01  -3.86103e-02   8.00520e-01  -2.57997e-01   1.66562e+00  -3.30635e-01   2.59536e-01  -1.66480e+00  -9.11239e-01   9.79849e-02
T9   -2.58528e-01  -1.18456e+00  -1.74900e-01   1.20963e+00   1.80897e+00  -1.37131e+00   2.86118e-01   4.25889e-01  -1.29973e+00   5.04270e-01  -1.43485e+00  -3.26079e-01   5.18872e-01  -9.44105e-01  -7.00428e-01   2.70646e+00  -3.16141e-01   8.95043e-02  -5.72158e-01  -2.37322e-01  -7.19832e-01
T10   -7.73638e-01  -3.93224e-01  -3.22818e-01   1.84754e+00   2.42320e+00  -6.01178e-01   1.08755e+00   1.74980e+00  -8.47641e-01   8.72786e-01  -3.26079e-01   1.50862e+00   1.56489e+00   1.32847e-02   5.11667e-01   2.82058e+00   5.82744e-01   1.25867e+00   6.12917e-02   7.07729e-01  -5.93513e-02
T11   -2.72086e-01   4.15182e-01   2.67467e-01   1.31062e-01  -5.15274e-02   2.06472e-01  -3.61160e-01  -9.85975e-01  -5.75597e-01  -3.86103e-02   5.18872e-01   1.56489e+00   8.35092e-01   1.19654e-01   4.17635e-01   3.11913e+00  -8.97409e-02   2.78851e-01  -1.35526e+00  -9.17164e-01   5.73822e-01
T12    9.50869e-01  -8.24622e-01  -6.50895e-01   6.49468e-01   1.24440e+00  -4.77315e-01   2.50280e-01   7.03486e-01  -1.40854e+00   8.00520e-01  -9.44105e-01   1.32847e-02   1.19654e-01  -1.26058e+00  -1.42785e-01   1.90750e+00   9.60477e-02  -1.19527e-02  -1.08506e+00  -4.10776e-01  -8.60255e-01
T13    6.56628e-02  -5.09090e-01  -7.02553e-01  -2.34773e-02   1.24769e+00  -1.77085e+00   2.07637e-01   1.00533e+00  -2.00801e+00  -2.57997e-01  -7.00428e-01   5.11667e-01   4.17635e-01  -1.42785e-01   1.54197e-02   2.22928e+00   8.21729e-03   2.29031e-01  -5.55000e-01   1.68143e-01  -1.20149e+00
T14   -8.54178e-02   1.72354e+00   1.14778e+00   2.85497e+00   2.93920e+00   1.88588e+00   1.62564e+00   2.27241e+00   3.11068e-01   1.66562e+00   2.70646e+00   2.82058e+00   3.11913e+00   1.90750e+00   2.22928e+00   4.21507e+00   1.99030e+00   2.86413e+00  -2.80594e-01   6.04121e-01   2.76610e+00
T15   -3.11845e-01  -6.48770e-01  -6.09883e-01  -4.87571e-01  -7.37164e-02  -1.08113e+00  -1.41159e-01   7.87991e-02  -1.39181e+00  -3.30635e-01  -3.16141e-01   5.82744e-01  -8.97409e-02   9.60477e-02   8.21729e-03   1.99030e+00  -1.35783e+00  -9.98943e-01  -8.56448e-01  -4.35630e-01  -4.98093e-01
T16   -2.41433e-01  -5.46911e-01  -3.91603e-01   1.45763e-01   8.75995e-01  -3.14326e-01   1.61915e-01   3.43787e-01  -1.29097e+00   2.59536e-01   8.95043e-02   1.25867e+00   2.78851e-01  -1.19527e-02   2.29031e-01   2.86413e+00  -9.98943e-01  -6.12746e-01  -2.53551e-01  -2.09422e-01   7.14835e-01
T17    1.11025e+00  -6.53516e-01  -2.01537e+00  -9.41014e-01   1.08924e+00  -1.74098e+00  -8.77634e-01   2.20029e-02  -2.35972e+00  -1.66480e+00  -5.72158e-01   6.12917e-02  -1.35526e+00  -1.08506e+00  -5.55000e-01  -2.80594e-01  -8.56448e-01  -2.53551e-01  -9.21147e-01   3.90190e-01  -7.59927e-01
T18    1.99052e-01  -3.73896e-01  -1.24376e+00  -5.73677e-01   6.82733e-01  -1.26242e+00  -5.83050e-01   6.35114e-01  -2.13261e+00  -9.11239e-01  -2.37322e-01   7.07729e-01  -9.17164e-01  -4.10776e-01   1.68143e-01   6.04121e-01  -4.35630e-01  -2.09422e-01   3.90190e-01   3.75653e-01  -1.02212e+00
T19   -4.67137e-01  -1.05486e+00  -2.89203e-01   1.50238e+00   1.86868e+00  -9.40605e-01   5.33534e-01   4.20247e-01  -1.65085e+00   9.79849e-02  -7.19832e-01  -5.93513e-02   5.73822e-01  -8.60255e-01  -1.20149e+00   2.76610e+00  -4.98093e-01   7.14835e-01  -7.59927e-01  -1.02212e+00   2.90038e-02
