T0   -6.26179e-01  -1.73730e-01   8.53175e-02   1.45570e-01   1.71138e-01  -9.61743e-02   1.07252e-01   2.25999e-01  -5.08425e-02   7.23361e-02  -1.04552e-01  -1.15485e-01   2.52598e-01  -9.41994e-02  -9.88416e-02   4.03570e-02   4.50033e-02   4.38070e-03  -8.50446e-02  -3.99682e-02  -1.51422e-01
T1   -7.03402e-01   8.53175e-02   2.84588e-01   1.33442e-01  -2.96997e-01   1.87660e-02   1.57189e-01  -2.63397e-01   2.04633e-03   1.19691e-01   1.53232e-01   1.09908e-01   5.98533e-01   1.29232e-01   5.85554e-02   1.37234e-02   5.62549e-02   7.77320e-02  -7.48359e-02   2.37116e-03   8.20037e-02
T2   -6.35748e-01   1.45570e-01   1.33442e-01  -1.74185e-01   1.89201e-02   4.05151e-04   7.01881e-02   1.85504e-01  -6.13168e-02   4.06212e-02   1.58715e-01   2.69125e-01   8.21510e-02   1.02133e-01   9.13724e-02   4.48144e-02  -4.27289e-02  -2.03056e-02   2.88245e-02  -5.15088e-03   1.68903e-01
T3   -1.17343e+00   1.71138e-01  -2.96997e-01   1.89201e-02   2.67259e-01   9.65007e-02   1.91112e-01   4.69198e-01  -1.38220e-02  -1.29699e-01   2.74342e-01   3.39236e-01  -1.81609e-01   2.04794e-01   2.30910e-01   9.45721e-02   3.38176e-02   6.64227e-02   5.91806e-02   3.54328e-03   2.16059e-01
T4    2.26933e+00  -9.61743e-02   1.87660e-02   4.05151e-04   9.65007e-02  -1.15680e+00   1.77188e-02   1.54893e-01  -9.68228e-02  -1.34914e-01  -1.76197e-01  -1.76769e-01   8.06833e-02  -2.22549e-01  -2.78277e-01  -9.62683e-02  -9.80276e-02  -5.63106e-02  -2.72092e-01  -1.57828e-01  -2.02130e-01
T5   -7.04792e-01   1.07252e-01   1.57189e-01   7.01881e-02   1.91112e-01   1.77188e-02   9.01483e-02   3.12501e-01   2.48235e-02   1.04258e-01   1.44392e-01   1.61833e-01   2.85522e-01   1.00815e-01   7.42333e-02   4.81280e-02   3.21789e-02   3.10374e-02  -7.31294e-02   1.29295e-02   1.10940e-01
T6   -1.53141e+00   2.25999e-01  -2.63397e-01   1.85504e-01   4.69198e-01   1.54893e-01   3.12501e-01   5.14624e-01   1.22343e-01  -3.40819e-02   2.16998e-01   3.06900e-01  -1.43493e-01   2.45394e-01   1.96836e-01   1.76530e-01   1.32390e-01   1.44819e-01   5.46671e-02   9.32958e-03   1.73242e-01
T7   -5.60970e-01  -5.08425e-02   2.04633e-03  -6.13168e-02  -1.38220e-02  -9.68228e-02   2.48235e-02   1.22343e-01  -1.58959e-01  -5.38991e-02   5.67202e-02   9.54946e-02   8.23354e-02  -3.53541e-02   7.53739e-03  -4.23437e-02  -5.85032e-02  -3.50529e-02  -2.20535e-02  -1.18921e-02  -1.21715e-03
T8    4.06484e-01   7.23361e-02   1.19691e-01   4.06212e-02  -1.29699e-01  -1.34914e-01   1.04258e-01  -3.40819e-02  -5.38991e-02  -2.93093e-01   8.13185e-02   9.72437e-02   3.22473e-01  -3.50561e-02  -4.06626e-02   1.54487e-03  -4.27111e-02   1.90626e-03  -1.68937e-01  -1.15453e-01   5.60888e-02
T9    5.23198e-01  -1.04552e-01   1.53232e-01   1.58715e-01   2.74342e-01  -1.76197e-01   1.44392e-01   2.16998e-01   5.67202e-02   8.13185e-02  -4.66195e-01  -3.46528e-01   1.36626e-01  -2.28496e-01  -3.63453e-01   1.28201e-01   6.05651e-02  -3.37119e-02  -2.34658e-01  -2.37203e-01  -3.30234e-01
T10   -2.58811e-01  -1.15485e-01   1.09908e-01   2.69125e-01   3.39236e-01  -1.76769e-01   1.61833e-01   3.06900e-01   9.54946e-02   9.72437e-02  -3.46528e-01  -3.90654e-01   2.65795e-01  -1.87531e-01  -3.45281e-01   9.95012e-02   1.07941e-01   4.87693e-02  -2.68064e-01  -1.84396e-01  -2.92253e-01
T11   -1.34661e+00   2.52598e-01   5.98533e-01   8.21510e-02  -1.81609e-01   8.06833e-02   2.85522e-01  -1.43493e-01   8.23354e-02   3.22473e-01   1.36626e-01   2.65795e-01   4.10153e-01   2.43758e-01   1.43980e-01   2.50435e-01   1.07961e-01   1.36471e-01   1.25374e-01   4.81587e-03   1.40604e-01
T12    1.39468e+00  -9.41994e-02   1.29232e-01   1.02133e-01   2.04794e-01  -2.22549e-01   1.00815e-01   2.45394e-01  -3.53541e-02  -3.50561e-02  -2.28496e-01  -1.87531e-01   2.43758e-01  -5.17085e-01  -3.27960e-01   5.50273e-03   3.19625e-02  -1.63852e-03  -2.80786e-01  -1.99228e-01  -1.83105e-01
T13    1.10685e+00  -9.88416e-02   5.85554e-02   9.13724e-02   2.30910e-01  -2.78277e-01   7.42333e-02   1.96836e-01   7.53739e-03  -4.06626e-02  -3.63453e-01  -3.45281e-01   1.43980e-01  -3.27960e-01  -4.94456e-01  -1.43511e-03   4.73646e-03  -2.71919e-02  -3.94120e-01  -3.23470e-01  -2.82267e-01
T14   -4.76828e-01   4.03570e-02   1.37234e-02   4.48144e-02   9.45721e-02  -9.62683e-02   4.81280e-02   1.76530e-01  -4.23437e-02   1.54487e-03   1.28201e-01   9.95012e-02   2.50435e-01   5.50273e-03  -1.43511e-03  -7.74994e-02   5.25467e-02   5.00751e-02  -2.26352e-01  -1.45539e-01   6.90218e-02
T15   -6.34866e-01   4.50033e-02   5.62549e-02  -4.27289e-02   3.38176e-02  -9.80276e-02   3.21789e-02   1.32390e-01  -5.85032e-02  -4.27111e-02   6.05651e-02   1.07941e-01   1.07961e-01   3.19625e-02   4.73646e-03   5.25467e-02  -8.00108e-02  -2.74188e-02  -1.74044e-02  -7.37754e-03   4.10996e-02
T16   -4.13209e-01   4.38070e-03   7.77320e-02  -2.03056e-02   6.64227e-02  -5.63106e-02   3.10374e-02   1.44819e-01  -3.50529e-02   1.90626e-03  -3.37119e-02   4.87693e-02   1.36471e-01  -1.63852e-03  -2.71919e-02   5.00751e-02  -2.74188e-02  -9.01867e-02  -3.73286e-02  -3.62514e-02  -6.34788e-02
T17    2.17817e+00  -8.50446e-02  -7.48359e-02   2.88245e-02   5.91806e-02  -2.72092e-01  -7.31294e-02   5.46671e-02  -2.20535e-02  -1.68937e-01  -2.34658e-01  -2.68064e-01   1.25374e-01  -2.80786e-01  -3.94120e-01  -2.26352e-01  -1.74044e-02  -3.73286e-02  -5.50316e-01  -3.10007e-01  -1.95480e-01
T18    9.40509e-01  -3.99682e-02   2.37116e-03  -5.15088e-03   3.54328e-03  -1.57828e-01   1.29295e-02   9.32958e-03  -1.18921e-02  -1.15453e-01  -2.37203e-01  -1.84396e-01   4.81587e-03  -1.99228e-01  -3.23470e-01  -1.45539e-01  -7.37754e-03  -3.62514e-02  -3.10007e-01  -2.52480e-01  -1.58756e-01
T19    2.47036e-01  -1.51422e-01   8.20037e-02   1.68903e-01   2.16059e-01  -2.02130e-01   1.10940e-01   1.73242e-01  -1.21715e-03   5.60888e-02  -3.30234e-01  -2.92253e-01   1.40604e-01  -1.83105e-01  -2.82267e-01   6.90218e-02   4.10996e-02  -6.34788e-02  -1.95480e-01  -1.58756e-01  -3.54945e-01
