T0   -4.50757e-01  -4.88684e-02   3.66440e-03   2.16786e-02   4.67014e-03   1.17212e-02   3.48620e-03   1.41401e-02  -1.37942e-02   6.57155e-03   2.81707e-03  -1.16107e-02   3.27647e-02  -2.16332e-03   6.98197e-03   4.47840e-03   9.42289e-03  -1.29043e-03   3.91057e-03   1.38109e-02  -1.35449e-02
T1   -8.84049e-01   3.66440e-03   1.91367e-02   5.30936e-02  -1.88732e-02  -1.02042e-02   4.32642e-02  -1.66555e-02   1.31487e-02   2.33914e-02   8.43123e-03  -1.55930e-02   1.26745e-01  -1.28179e-02  -7.17136e-03   6.68810e-03   2.60578e-02   3.11943e-02  -1.68358e-02   5.38209e-03  -4.40055e-03
T2   -6.02790e-01   2.16786e-02   5.30936e-02  -5.34856e-02   1.39652e-02   8.27987e-03   1.06939e-02   4.68699e-02  -5.30944e-04   2.42169e-02  -9.56570e-03   2.16703e-02   2.01728e-02  -6.22300e-03  -3.86738e-03   2.86647e-02  -7.44891e-03  -2.53139e-03  -5.96120e-03  -2.39473e-02   1.60063e-02
T3   -1.16291e+00   4.67014e-03  -1.88732e-02   1.39652e-02   2.82163e-02   2.35826e-02   3.63941e-02   7.16638e-02   4.14445e-03   2.86095e-03   4.99738e-03   1.51465e-02   4.16880e-04   3.43928e-03   6.50252e-03   2.37395e-02   2.35957e-02   1.47234e-02  -1.53330e-02  -1.03196e-02   8.42160e-03
T4    2.06244e+00   1.17212e-02  -1.02042e-02   8.27987e-03   2.35826e-02  -3.13744e-01  -4.08193e-03   2.45518e-02   1.51414e-03  -4.76206e-02  -1.23201e-02  -1.06420e-02   5.31480e-03  -2.89789e-02  -2.20534e-02  -5.87515e-03  -2.08141e-02   1.72564e-03  -2.22920e-02  -5.98652e-03  -1.13756e-02
T5   -6.85865e-01   3.48620e-03   4.32642e-02   1.06939e-02   3.63941e-02  -4.08193e-03  -4.07068e-02   6.01061e-02   2.57545e-02   1.90363e-02   1.39229e-03  -1.28542e-02   6.93255e-02  -7.10665e-03  -4.95335e-03   2.02819e-02   1.13621e-02   1.19671e-02  -2.66721e-02  -5.60530e-03   9.22352e-03
T6   -1.58433e+00   1.41401e-02  -1.66555e-02   4.68699e-02   7.16638e-02   2.45518e-02   6.01061e-02   4.45306e-02   2.80996e-02   1.07508e-02  -1.01986e-02  -3.86700e-03   1.20987e-04  -5.50979e-04  -4.34272e-03   4.00130e-02   4.45578e-02   3.68975e-02  -2.70214e-03  -5.87229e-03   3.35565e-03
T7   -5.90016e-01  -1.37942e-02   1.31487e-02  -5.30944e-04   4.14445e-03   1.51414e-03   2.57545e-02   2.80996e-02  -4.09885e-02  -1.57462e-03   4.61268e-03   1.74268e-02   4.04268e-02  -7.07398e-03   5.14582e-03  -6.16179e-03   5.59021e-04  -4.89171e-03  -7.16317e-03   2.63132e-03  -7.96466e-03
T8    5.30276e-01   6.57155e-03   2.33914e-02   2.42169e-02   2.86095e-03  -4.76206e-02   1.90363e-02   1.07508e-02  -1.57462e-03  -8.05910e-02  -2.02900e-03  -6.65546e-03   7.23966e-02  -2.76313e-02  -2.12706e-02  -4.50411e-03   1.02366e-02   8.30553e-03  -3.61879e-02  -1.73889e-02   1.87166e-03
T9    7.19103e-01   2.81707e-03   8.43123e-03  -9.56570e-03   4.99738e-03  -1.23201e-02   1.39229e-03  -1.01986e-02   4.61268e-03  -2.02900e-03  -7.08749e-02  -2.44318e-02  -2.92262e-02  -1.03313e-02  -2.48742e-02   1.65399e-02  -6.34648e-03  -7.79333e-03   1.92780e-02  -6.90821e-03  -2.67412e-02
T10   -2.13134e-02  -1.16107e-02  -1.55930e-02   2.16703e-02   1.51465e-02  -1.06420e-02  -1.28542e-02  -3.86700e-03   1.74268e-02  -6.65546e-03  -2.44318e-02  -5.20598e-02   4.46134e-03  -2.26043e-03  -2.28299e-02   5.61043e-03  -2.14536e-03   2.98442e-03  -1.68390e-03   2.30287e-03  -2.15907e-02
T11   -1.54191e+00   3.27647e-02   1.26745e-01   2.01728e-02   4.16880e-04   5.31480e-03   6.93255e-02   1.20987e-04   4.04268e-02   7.23966e-02  -2.92262e-02   4.46134e-03   9.96205e-03  -1.14600e-02  -1.19250e-02   5.64291e-02   3.58168e-02   3.66531e-02   1.85644e-02  -1.18767e-02  -2.75642e-03
T12    1.72103e+00  -2.16332e-03  -1.28179e-02  -6.22300e-03   3.43928e-03  -2.89789e-02  -7.10665e-03  -5.50979e-04  -7.07398e-03  -2.76313e-02  -1.03313e-02  -2.26043e-03  -1.14600e-02  -1.98483e-01  -1.23986e-02  -7.98695e-03  -8.00406e-04  -8.80777e-06  -1.44628e-03   2.61818e-03   4.81532e-04
T13    1.07705e+00   6.98197e-03  -7.17136e-03  -3.86738e-03   6.50252e-03  -2.20534e-02  -4.95335e-03  -4.34272e-03   5.14582e-03  -2.12706e-02  -2.48742e-02  -2.28299e-02  -1.19250e-02  -1.23986e-02  -6.14886e-02  -4.17902e-03  -1.48185e-02  -5.82713e-03  -2.78327e-02  -2.98060e-02  -1.65169e-02
T14   -6.27319e-01   4.47840e-03   6.68810e-03   2.86647e-02   2.37395e-02  -5.87515e-03   2.02819e-02   4.00130e-02  -6.16179e-03  -4.50411e-03   1.65399e-02   5.61043e-03   5.64291e-02  -7.98695e-03  -4.17902e-03  -3.57920e-02   2.51649e-02   1.09779e-02  -3.71425e-02  -1.54202e-02   2.48584e-03
T15   -5.67981e-01   9.42289e-03   2.60578e-02  -7.44891e-03   2.35957e-02  -2.08141e-02   1.13621e-02   4.45578e-02   5.59021e-04   1.02366e-02  -6.34648e-03  -2.14536e-03   3.58168e-02  -8.00406e-04  -1.48185e-02   2.51649e-02  -3.29555e-02  -7.62384e-03  -1.05523e-02  -1.01000e-02  -2.32589e-03
T16   -3.39661e-01  -1.29043e-03   3.11943e-02  -2.53139e-03   1.47234e-02   1.72564e-03   1.19671e-02   3.68975e-02  -4.89171e-03   8.30553e-03  -7.79333e-03   2.98442e-03   3.66531e-02  -8.80777e-06  -5.82713e-03   1.09779e-02  -7.62384e-03  -3.67975e-02  -5.55984e-03  -8.20690e-03  -1.39817e-02
T17    1.87216e+00   3.91057e-03  -1.68358e-02  -5.96120e-03  -1.53330e-02  -2.22920e-02  -2.66721e-02  -2.70214e-03  -7.16317e-03  -3.61879e-02   1.92780e-02  -1.68390e-03   1.85644e-02  -1.44628e-03  -2.78327e-02  -3.71425e-02  -1.05523e-02  -5.55984e-03  -1.39667e-01  -3.47802e-02   9.86877e-03
T18    7.58249e-01   1.38109e-02   5.38209e-03  -2.39473e-02  -1.03196e-02  -5.98652e-03  -5.60530e-03  -5.87229e-03   2.63132e-03  -1.73889e-02  -6.90821e-03   2.30287e-03  -1.18767e-02   2.61818e-03  -2.98060e-02  -1.54202e-02  -1.01000e-02  -8.20690e-03  -3.47802e-02  -5.09518e-02   6.48248e-03
T19    3.18586e-01  -1.35449e-02  -4.40055e-03   1.60063e-02   8.42160e-03  -1.13756e-02   9.22352e-03   3.35565e-03  -7.96466e-03   1.87166e-03  -2.67412e-02  -2.15907e-02  -2.75642e-03   4.81532e-04  -1.65169e-02   2.48584e-03  -2.32589e-03  -1.39817e-02   9.86877e-03   6.48248e-03  -5.02412e-02
