T0   -4.10535e-01  -8.29207e-02   1.69657e-02   4.76398e-02   2.14269e-02  -2.38451e-03   1.65298e-02   4.04825e-02  -2.20204e-02   1.91511e-02  -2.17023e-02  -4.07050e-02   7.53549e-02  -2.36969e-02  -1.02180e-02   8.95477e-03   1.69811e-02  -1.12688e-03  -8.66383e-03   1.23607e-02  -4.32687e-02
T1   -1.03046e+00   1.69657e-02   5.38649e-02   8.81959e-02  -5.02353e-02  -1.07962e-03   7.59125e-02  -4.31716e-02   1.98206e-02   4.22670e-02   3.80536e-02  -3.88899e-03   2.32542e-01   9.29543e-04  -3.11554e-03   1.01898e-02   5.18655e-02   6.26399e-02  -2.56808e-02   5.70347e-03   1.54373e-02
T2   -7.81803e-01   4.76398e-02   8.81959e-02  -7.87120e-02   2.70644e-02   9.27494e-03   3.56991e-02   9.23437e-02  -5.76688e-03   3.64923e-02   4.84055e-03   5.18739e-02   4.31762e-02  -5.02461e-04   3.30826e-03   3.76867e-02  -1.27580e-02   9.87256e-04  -1.63385e-03  -3.00189e-02   4.22762e-02
T3   -1.34711e+00   2.14269e-02  -5.02353e-02   2.70644e-02   7.32094e-02   4.58304e-02   7.81473e-02   1.49421e-01   1.49576e-03  -1.20288e-02   3.18354e-02   4.73321e-02  -6.43659e-03   2.29137e-02   3.29212e-02   3.66716e-02   3.34006e-02   2.97236e-02  -7.49282e-03  -4.80973e-04   3.91336e-02
T4    2.30077e+00  -2.38451e-03  -1.07962e-03   9.27494e-03   4.58304e-02  -4.99659e-01  -3.47415e-03   5.12270e-02  -1.11776e-02  -6.20536e-02  -4.54876e-02  -4.31640e-02   2.08850e-02  -7.73952e-02  -6.83111e-02  -1.56196e-02  -3.74416e-02  -7.02884e-03  -6.91361e-02  -3.11456e-02  -5.04048e-02
T5   -8.48418e-01   1.65298e-02   7.59125e-02   3.56991e-02   7.81473e-02  -3.47415e-03  -2.37192e-02   1.15536e-01   4.02137e-02   4.12955e-02   1.81565e-02  -6.01146e-03   1.26515e-01  -6.62038e-03  -6.81077e-03   2.52302e-02   2.34678e-02   2.84497e-02  -4.11507e-02  -6.17294e-03   2.85824e-02
T6   -1.77686e+00   4.04825e-02  -4.31716e-02   9.23437e-02   1.49421e-01   5.12270e-02   1.15536e-01   1.21002e-01   5.54457e-02   1.83873e-02   8.80143e-03   1.40247e-02  -5.91754e-03   1.97982e-02   1.11146e-02   6.95409e-02   7.92104e-02   7.73320e-02   3.05869e-05   9.63023e-04   2.76322e-02
T7   -6.73547e-01  -2.20204e-02   1.98206e-02  -5.76688e-03   1.49576e-03  -1.11776e-02   4.02137e-02   5.54457e-02  -6.98289e-02  -1.85035e-02   1.81653e-02   3.25669e-02   6.96924e-02  -1.13520e-02   1.58470e-02  -1.23933e-02  -1.01779e-02  -1.28333e-02  -3.62044e-04   9.58905e-03  -3.29805e-03
T8    3.63090e-01   1.91511e-02   4.22670e-02   3.64923e-02  -1.20288e-02  -6.20536e-02   4.12955e-02   1.83873e-02  -1.85035e-02  -1.41546e-01   1.82794e-02   7.58290e-03   1.34526e-01  -3.31975e-02  -3.08278e-02   1.63857e-03   3.09596e-03   1.43992e-02  -6.36073e-02  -3.52902e-02   1.63465e-02
T9    9.46610e-01  -2.17023e-02   3.80536e-02   4.84055e-03   3.18354e-02  -4.54876e-02   1.81565e-02   8.80143e-03   1.81653e-02   1.82794e-02  -1.59856e-01  -9.04713e-02  -2.16140e-02  -5.65221e-02  -8.98255e-02   4.26442e-02  -4.56097e-03  -1.99834e-02  -1.25373e-02  -4.51931e-02  -9.33902e-02
T10    2.00024e-01  -4.07050e-02  -3.88899e-03   5.18739e-02   4.73321e-02  -4.31640e-02  -6.01146e-03   1.40247e-02   3.25669e-02   7.58290e-03  -9.04713e-02  -1.24230e-01   2.78600e-02  -3.87410e-02  -8.06077e-02   2.34437e-02   6.17619e-03  -9.79266e-04  -4.31444e-02  -2.00970e-02  -7.74937e-02
T11   -1.71494e+00   7.53549e-02   2.32542e-01   4.31762e-02  -6.43659e-03   2.08850e-02   1.26515e-01  -5.91754e-03   6.96924e-02   1.34526e-01  -2.16140e-02   2.78600e-02   6.65161e-02   2.09982e-02  -3.47904e-03   9.59448e-02   6.89980e-02   7.98978e-02   4.22638e-02  -1.61814e-02   2.07097e-02
T12    1.81123e+00  -2.36969e-02   9.29543e-04  -5.02461e-04   2.29137e-02  -7.73952e-02  -6.62038e-03   1.97982e-02  -1.13520e-02  -3.31975e-02  -5.65221e-02  -3.87410e-02   2.09982e-02  -2.91613e-01  -6.72379e-02   1.73206e-03  -8.99531e-04  -6.31205e-03  -3.63269e-02  -3.50336e-02  -3.53456e-02
T13    1.30943e+00  -1.02180e-02  -3.11554e-03   3.30826e-03   3.29212e-02  -6.83111e-02  -6.81077e-03   1.11146e-02   1.58470e-02  -3.08278e-02  -8.98255e-02  -8.06077e-02  -3.47904e-03  -6.72379e-02  -1.40364e-01   1.25771e-02  -1.55686e-02  -1.77574e-02  -9.21270e-02  -8.16631e-02  -6.69316e-02
T14   -6.87733e-01   8.95477e-03   1.01898e-02   3.76867e-02   3.66716e-02  -1.56196e-02   2.52302e-02   6.95409e-02  -1.23933e-02   1.63857e-03   4.26442e-02   2.34437e-02   9.59448e-02   1.73206e-03   1.25771e-02  -5.55394e-02   3.17065e-02   2.61905e-02  -5.73727e-02  -2.79984e-02   1.57474e-02
T15   -6.83881e-01   1.69811e-02   5.18655e-02  -1.27580e-02   3.34006e-02  -3.74416e-02   2.34678e-02   7.92104e-02  -1.01779e-02   3.09596e-03  -4.56097e-03   6.17619e-03   6.89980e-02  -8.99531e-04  -1.55686e-02   3.17065e-02  -4.12683e-02  -1.16437e-02  -1.37979e-02  -1.00237e-02   6.77100e-03
T16   -4.34128e-01  -1.12688e-03   6.26399e-02   9.87256e-04   2.97236e-02  -7.02884e-03   2.84497e-02   7.73320e-02  -1.28333e-02   1.43992e-02  -1.99834e-02  -9.79266e-04   7.98978e-02  -6.31205e-03  -1.77574e-02   2.61905e-02  -1.16437e-02  -4.50396e-02  -1.06435e-02  -1.35109e-02  -2.97993e-02
T17    2.09622e+00  -8.66383e-03  -2.56808e-02  -1.63385e-03  -7.49282e-03  -6.91361e-02  -4.11507e-02   3.05869e-05  -3.62044e-04  -6.36073e-02  -1.25373e-02  -4.31444e-02   4.22638e-02  -3.63269e-02  -9.21270e-02  -5.73727e-02  -1.37979e-02  -1.06435e-02  -2.36686e-01  -8.41030e-02  -2.48939e-02
T18    8.66111e-01   1.23607e-02   5.70347e-03  -3.00189e-02  -4.80973e-04  -3.11456e-02  -6.17294e-03   9.63023e-04   9.58905e-03  -3.52902e-02  -4.51931e-02  -2.00970e-02  -1.61814e-02  -3.50336e-02  -8.16631e-02  -2.79984e-02  -1.00237e-02  -1.35109e-02  -8.41030e-02  -9.17073e-02  -1.88547e-02
T19    4.95929e-01  -4.32687e-02   1.54373e-02   4.22762e-02   3.91336e-02  -5.04048e-02   2.85824e-02   2.76322e-02  -3.29805e-03   1.63465e-02  -9.33902e-02  -7.74937e-02   2.07097e-02  -3.53456e-02  -6.69316e-02   1.57474e-02   6.77100e-03  -2.97993e-02  -2.48939e-02  -1.88547e-02  -1.18652e-01
