T0   -4.45386e-01  -1.29012e-01   3.96219e-02   8.75615e-02   8.10856e-02  -4.02016e-02   4.63077e-02   1.06252e-01  -2.86064e-02   2.89710e-02  -6.97479e-02  -9.17711e-02   1.33425e-01  -5.88484e-02  -5.64422e-02   2.78933e-02   3.48037e-02  -2.00284e-04  -4.39426e-02  -1.47449e-02  -9.76925e-02
T1   -1.01526e+00   3.96219e-02   1.54285e-01   1.18196e-01  -1.50254e-01   6.94445e-03   1.14796e-01  -1.24078e-01   1.74644e-02   7.34704e-02   1.02069e-01   6.09025e-02   3.95862e-01   4.93944e-02   5.69817e-02   2.12166e-02   5.69938e-02   7.48757e-02  -1.00977e-02   3.24564e-02   5.23965e-02
T2   -7.51384e-01   8.75615e-02   1.18196e-01  -1.15995e-01   4.22467e-02   2.69466e-03   5.56775e-02   1.42650e-01  -1.36953e-02   3.81524e-02   3.84699e-02   1.08210e-01   6.24602e-02   2.03643e-02   2.76219e-02   6.03308e-02  -1.22978e-02  -2.11027e-03   1.96313e-02  -2.05944e-02   7.60907e-02
T3   -1.33175e+00   8.10856e-02  -1.50254e-01   4.22467e-02   1.74509e-01   5.39302e-02   1.23321e-01   2.71301e-01   1.15695e-02  -5.41666e-02   9.52957e-02   1.16993e-01  -6.37625e-02   7.37362e-02   8.68113e-02   7.60872e-02   5.96824e-02   5.07712e-02   2.08953e-02   3.14523e-03   8.63094e-02
T4    2.50896e+00  -4.02016e-02   6.94445e-03   2.69466e-03   5.39302e-02  -7.70882e-01  -1.00713e-02   7.32778e-02  -4.26177e-02  -9.03980e-02  -1.14831e-01  -1.12211e-01   3.94761e-02  -1.60328e-01  -1.54427e-01  -5.22732e-02  -7.35234e-02  -3.62121e-02  -1.36008e-01  -8.65913e-02  -1.18461e-01
T5   -8.28587e-01   4.63077e-02   1.14796e-01   5.56775e-02   1.23321e-01  -1.00713e-02   1.80026e-02   1.83030e-01   5.40294e-02   6.83504e-02   5.31079e-02   3.57673e-02   1.92045e-01   7.04231e-03   3.49035e-02   5.28344e-02   3.70685e-02   2.92759e-02  -3.01849e-02   6.69932e-03   4.69251e-02
T6   -1.73696e+00   1.06252e-01  -1.24078e-01   1.42650e-01   2.71301e-01   7.32778e-02   1.83030e-01   2.31986e-01   1.08513e-01   8.86951e-03   6.26971e-02   8.87571e-02  -4.71262e-02   8.11875e-02   7.65673e-02   1.35900e-01   1.26847e-01   1.15034e-01   4.64241e-02   1.76507e-02   6.56071e-02
T7   -6.95564e-01  -2.86064e-02   1.74644e-02  -1.36953e-02   1.15695e-02  -4.26177e-02   5.40294e-02   1.08513e-01  -9.88160e-02  -3.08458e-02   3.02011e-02   5.28756e-02   9.42293e-02  -1.57934e-02   8.76539e-03  -1.02805e-02  -1.56803e-02  -1.39904e-02  -1.82185e-02  -2.89064e-03  -4.67391e-03
T8    3.32684e-01   2.89710e-02   7.34704e-02   3.81524e-02  -5.41666e-02  -9.03980e-02   6.83504e-02   8.86951e-03  -3.08458e-02  -2.20899e-01   4.80604e-02   4.23345e-02   2.14909e-01  -3.82070e-02  -1.53033e-02   1.00515e-02  -1.78372e-02   6.84035e-03  -9.18250e-02  -3.76491e-02   2.74318e-02
T9    9.07733e-01  -6.97479e-02   1.02069e-01   3.84699e-02   9.52957e-02  -1.14831e-01   5.31079e-02   6.26971e-02   3.02011e-02   4.80604e-02  -2.96474e-01  -2.03246e-01   2.76777e-02  -1.36258e-01  -1.95741e-01   6.21591e-02   6.28395e-04  -4.33461e-02  -7.76280e-02  -1.07104e-01  -1.97631e-01
T10    1.11879e-01  -9.17711e-02   6.09025e-02   1.08210e-01   1.16993e-01  -1.12211e-01   3.57673e-02   8.87571e-02   5.28756e-02   4.23345e-02  -2.03246e-01  -2.43114e-01   1.13275e-01  -1.07854e-01  -1.76584e-01   3.91647e-02   1.96616e-02  -3.32934e-04  -1.10857e-01  -6.85349e-02  -1.70242e-01
T11   -1.63793e+00   1.33425e-01   3.95862e-01   6.24602e-02  -6.37625e-02   3.94761e-02   1.92045e-01  -4.71262e-02   9.42293e-02   2.14909e-01   2.76777e-02   1.13275e-01   1.89706e-01   9.40466e-02   6.45200e-02   1.68606e-01   9.53035e-02   1.09389e-01   1.15106e-01   1.28992e-02   5.79833e-02
T12    1.71901e+00  -5.88484e-02   4.93944e-02   2.03643e-02   7.37362e-02  -1.60328e-01   7.04231e-03   8.11875e-02  -1.57934e-02  -3.82070e-02  -1.36258e-01  -1.07854e-01   9.40466e-02  -4.08253e-01  -1.71865e-01  -2.98843e-03   1.89200e-03  -1.91158e-02  -1.19309e-01  -8.32687e-02  -1.06034e-01
T13    1.19228e+00  -5.64422e-02   5.69817e-02   2.76219e-02   8.68113e-02  -1.54427e-01   3.49035e-02   7.65673e-02   8.76539e-03  -1.53033e-02  -1.95741e-01  -1.76584e-01   6.45200e-02  -1.71865e-01  -2.68236e-01   9.88547e-03  -2.55050e-02  -2.27091e-02  -1.91069e-01  -1.59981e-01  -1.48413e-01
T14   -6.48839e-01   2.78933e-02   2.12166e-02   6.03308e-02   7.60872e-02  -5.22732e-02   5.28344e-02   1.35900e-01  -1.02805e-02   1.00515e-02   6.21591e-02   3.91647e-02   1.68606e-01  -2.98843e-03   9.88547e-03  -7.00015e-02   5.31593e-02   4.57366e-02  -1.04790e-01  -7.07200e-02   2.27726e-02
T15   -6.74709e-01   3.48037e-02   5.69938e-02  -1.22978e-02   5.96824e-02  -7.35234e-02   3.70685e-02   1.26847e-01  -1.56803e-02  -1.78372e-02   6.28395e-04   1.96616e-02   9.53035e-02   1.89200e-03  -2.55050e-02   5.31593e-02  -5.15920e-02  -1.39598e-02  -2.35026e-02  -1.83193e-02   4.92025e-03
T16   -3.90916e-01  -2.00284e-04   7.48757e-02  -2.11027e-03   5.07712e-02  -3.62121e-02   2.92759e-02   1.15034e-01  -1.39904e-02   6.84035e-03  -4.33461e-02  -3.32934e-04   1.09389e-01  -1.91158e-02  -2.27091e-02   4.57366e-02  -1.39598e-02  -6.70531e-02  -1.57400e-02  -2.73248e-02  -5.65880e-02
T17    1.97829e+00  -4.39426e-02  -1.00977e-02   1.96313e-02   2.08953e-02  -1.36008e-01  -3.01849e-02   4.64241e-02  -1.82185e-02  -9.18250e-02  -7.76280e-02  -1.10857e-01   1.15106e-01  -1.19309e-01  -1.91069e-01  -1.04790e-01  -2.35026e-02  -1.57400e-02  -3.56616e-01  -1.48827e-01  -7.34599e-02
T18    8.41922e-01  -1.47449e-02   3.24564e-02  -2.05944e-02   3.14523e-03  -8.65913e-02   6.69932e-03   1.76507e-02  -2.89064e-03  -3.76491e-02  -1.07104e-01  -6.85349e-02   1.28992e-02  -8.32687e-02  -1.59981e-01  -7.07200e-02  -1.83193e-02  -2.73248e-02  -1.48827e-01  -1.34819e-01  -6.90931e-02
T19    5.64526e-01  -9.76925e-02   5.23965e-02   7.60907e-02   8.63094e-02  -1.18461e-01   4.69251e-02   6.56071e-02  -4.67391e-03   2.74318e-02  -1.97631e-01  -1.70242e-01   5.79833e-02  -1.06034e-01  -1.48413e-01   2.27726e-02   4.92025e-03  -5.65880e-02  -7.34599e-02  -6.90931e-02  -2.30939e-01
