T0   -7.79667e-01  -1.46141e-01   1.45348e-01   1.89014e-01   2.47253e-01  -1.03529e-01   1.72360e-01   3.19916e-01  -5.25685e-02   1.04631e-01  -1.25599e-01  -1.29802e-01   3.36358e-01  -9.22052e-02  -1.30848e-01   8.21259e-02   8.86704e-02   3.43450e-02  -1.10286e-01  -4.15833e-02  -1.56066e-01
T1   -6.05690e-01   1.45348e-01   3.56521e-01   1.50795e-01  -3.69438e-01   1.31636e-02   1.77555e-01  -3.25650e-01   5.26942e-03   1.59583e-01   1.50248e-01   1.00832e-01   7.03751e-01   1.37498e-01   4.20528e-02   3.95746e-02   8.03747e-02   8.09976e-02  -1.14142e-01  -2.69921e-02   8.30037e-02
T2   -5.74578e-01   1.89014e-01   1.50795e-01  -2.04534e-01   1.88919e-02   2.80303e-02   7.75933e-02   2.10239e-01  -7.30512e-02   4.69064e-02   2.03229e-01   3.25502e-01   1.12682e-01   1.38218e-01   1.18745e-01   5.32455e-02  -4.74450e-02  -1.85983e-02   3.72612e-02   6.00032e-04   1.97893e-01
T3   -1.09232e+00   2.47253e-01  -3.69438e-01   1.88919e-02   3.66900e-01   1.66009e-01   2.46805e-01   6.49184e-01  -5.98126e-03  -1.82539e-01   3.43407e-01   4.39450e-01  -2.34263e-01   2.91329e-01   2.81116e-01   1.39786e-01   3.02627e-02   7.52178e-02   7.48104e-02   3.86275e-03   2.73866e-01
T4    2.07975e+00  -1.03529e-01   1.31636e-02   2.80303e-02   1.66009e-01  -1.38077e+00   4.71782e-02   2.10005e-01  -9.87305e-02  -1.61740e-01  -2.23117e-01  -2.08362e-01   1.10171e-01  -2.61138e-01  -3.45802e-01  -1.10808e-01  -7.63138e-02  -4.11232e-02  -3.55837e-01  -2.14531e-01  -2.40323e-01
T5   -5.91595e-01   1.72360e-01   1.77555e-01   7.75933e-02   2.46805e-01   4.71782e-02   1.15557e-01   3.76302e-01   4.98861e-02   1.20363e-01   1.36451e-01   1.77350e-01   3.10137e-01   1.19901e-01   7.70551e-02   7.20180e-02   6.04946e-02   3.83421e-02  -8.79717e-02   7.97485e-03   1.04390e-01
T6   -1.37573e+00   3.19916e-01  -3.25650e-01   2.10239e-01   6.49184e-01   2.10005e-01   3.76302e-01   7.11741e-01   1.70668e-01  -6.32980e-02   2.42382e-01   3.63069e-01  -2.05766e-01   3.02095e-01   2.23511e-01   2.41419e-01   1.54553e-01   1.65046e-01   5.78920e-02   1.82629e-02   1.94200e-01
T7   -6.62208e-01  -5.25685e-02   5.26942e-03  -7.30512e-02  -5.98126e-03  -9.87305e-02   4.98861e-02   1.70668e-01  -1.99261e-01  -3.33051e-02   1.01883e-01   1.51045e-01   1.17506e-01  -1.49393e-02   2.39016e-02  -4.09959e-02  -7.53142e-02  -2.90336e-02  -3.16725e-02  -5.13852e-03   4.03168e-02
T8    4.70056e-01   1.04631e-01   1.59583e-01   4.69064e-02  -1.82539e-01  -1.61740e-01   1.20363e-01  -6.32980e-02  -3.33051e-02  -3.27930e-01   5.40900e-02   8.26413e-02   3.87062e-01  -5.18263e-02  -7.26540e-02  -6.69770e-03  -5.60215e-02  -1.68111e-02  -2.20770e-01  -1.56746e-01   2.93859e-02
T9    5.04325e-01  -1.25599e-01   1.50248e-01   2.03229e-01   3.43407e-01  -2.23117e-01   1.36451e-01   2.42382e-01   1.01883e-01   5.40900e-02  -5.69559e-01  -4.30145e-01   1.43061e-01  -2.86593e-01  -4.49372e-01   1.35078e-01   9.96501e-02  -5.29925e-02  -2.81252e-01  -3.23628e-01  -4.30428e-01
T10   -2.92324e-01  -1.29802e-01   1.00832e-01   3.25502e-01   4.39450e-01  -2.08362e-01   1.77350e-01   3.63069e-01   1.51045e-01   8.26413e-02  -4.30145e-01  -4.56219e-01   2.79922e-01  -2.27541e-01  -4.19397e-01   1.02803e-01   1.60150e-01   5.60304e-02  -3.29573e-01  -2.65094e-01  -3.77638e-01
T11   -1.16435e+00   3.36358e-01   7.03751e-01   1.12682e-01  -2.34263e-01   1.10171e-01   3.10137e-01  -2.05766e-01   1.17506e-01   3.87062e-01   1.43061e-01   2.79922e-01   5.47224e-01   2.67685e-01   1.59852e-01   3.27014e-01   1.45129e-01   1.43136e-01   1.19802e-01  -1.34216e-02   1.44709e-01
T12    1.30304e+00  -9.22052e-02   1.37498e-01   1.38218e-01   2.91329e-01  -2.61138e-01   1.19901e-01   3.02095e-01  -1.49393e-02  -5.18263e-02  -2.86593e-01  -2.27541e-01   2.67685e-01  -5.80368e-01  -4.02409e-01   3.45401e-03   7.35342e-02   6.60969e-03  -3.66220e-01  -2.61103e-01  -2.35821e-01
T13    1.05372e+00  -1.30848e-01   4.20528e-02   1.18745e-01   2.81116e-01  -3.45802e-01   7.70551e-02   2.23511e-01   2.39016e-02  -7.26540e-02  -4.49372e-01  -4.19397e-01   1.59852e-01  -4.02409e-01  -6.04871e-01  -4.45878e-02   6.53082e-03  -4.96942e-02  -4.81121e-01  -4.16811e-01  -3.62930e-01
T14   -4.38860e-01   8.21259e-02   3.95746e-02   5.32455e-02   1.39786e-01  -1.10808e-01   7.20180e-02   2.41419e-01  -4.09959e-02  -6.69770e-03   1.35078e-01   1.02803e-01   3.27014e-01   3.45401e-03  -4.45878e-02  -6.87800e-02   7.26703e-02   5.13334e-02  -3.23668e-01  -2.04263e-01   6.66405e-02
T15   -6.77412e-01   8.86704e-02   8.03747e-02  -4.74450e-02   3.02627e-02  -7.63138e-02   6.04946e-02   1.54553e-01  -7.53142e-02  -5.60215e-02   9.96501e-02   1.60150e-01   1.45129e-01   7.35342e-02   6.53082e-03   7.26703e-02  -7.94406e-02  -2.51888e-02  -2.92647e-02   1.88108e-03   5.89399e-02
T16   -4.09418e-01   3.43450e-02   8.09976e-02  -1.85983e-02   7.52178e-02  -4.11232e-02   3.83421e-02   1.65046e-01  -2.90336e-02  -1.68111e-02  -5.29925e-02   5.60304e-02   1.43136e-01   6.60969e-03  -4.96942e-02   5.13334e-02  -2.51888e-02  -1.03864e-01  -4.47757e-02  -4.20965e-02  -9.25928e-02
T17    2.07960e+00  -1.10286e-01  -1.14142e-01   3.72612e-02   7.48104e-02  -3.55837e-01  -8.79717e-02   5.78920e-02  -3.16725e-02  -2.20770e-01  -2.81252e-01  -3.29573e-01   1.19802e-01  -3.66220e-01  -4.81121e-01  -3.23668e-01  -2.92647e-02  -4.47757e-02  -6.21871e-01  -3.76262e-01  -2.47099e-01
T18    9.33425e-01  -4.15833e-02  -2.69921e-02   6.00032e-04   3.86275e-03  -2.14531e-01   7.97485e-03   1.82629e-02  -5.13852e-03  -1.56746e-01  -3.23628e-01  -2.65094e-01  -1.34216e-02  -2.61103e-01  -4.16811e-01  -2.04263e-01   1.88108e-03  -4.20965e-02  -3.76262e-01  -3.14978e-01  -2.40844e-01
T19    2.40239e-01  -1.56066e-01   8.30037e-02   1.97893e-01   2.73866e-01  -2.40323e-01   1.04390e-01   1.94200e-01   4.03168e-02   2.93859e-02  -4.30428e-01  -3.77638e-01   1.44709e-01  -2.35821e-01  -3.62930e-01   6.66405e-02   5.89399e-02  -9.25928e-02  -2.47099e-01  -2.40844e-01  -4.63800e-01
