T0   -4.48499e-01  -4.97780e-02   4.10103e-03   2.20485e-02   4.82367e-03   1.12910e-02   3.84108e-03   1.43833e-02  -1.40562e-02   6.66462e-03   2.38311e-03  -1.20915e-02   3.36502e-02  -2.62788e-03   6.85837e-03   4.20658e-03   9.80901e-03  -1.16997e-03   3.36389e-03   1.39349e-02  -1.40686e-02
T1   -8.92344e-01   4.10103e-03   1.98405e-02   5.40341e-02  -1.97057e-02  -9.52829e-03   4.44759e-02  -1.66420e-02   1.33278e-02   2.42227e-02   8.75934e-03  -1.55642e-02   1.29348e-01  -1.34514e-02  -7.17984e-03   6.82771e-03   2.65247e-02   3.21901e-02  -1.74337e-02   5.82225e-03  -4.12210e-03
T2   -6.11320e-01   2.20485e-02   5.40341e-02  -5.45217e-02   1.41693e-02   8.85410e-03   1.15965e-02   4.78721e-02  -5.07608e-04   2.39920e-02  -9.26772e-03   2.26306e-02   2.09977e-02  -6.13661e-03  -3.52150e-03   2.92095e-02  -7.65438e-03  -2.48887e-03  -5.62241e-03  -2.43825e-02   1.62961e-02
T3   -1.17197e+00   4.82367e-03  -1.97057e-02   1.41693e-02   2.88433e-02   2.47841e-02   3.73403e-02   7.32561e-02   3.92189e-03   3.88524e-03   5.51412e-03   1.56564e-02   8.12610e-04   3.44662e-03   7.35325e-03   2.44355e-02   2.39866e-02   1.49671e-02  -1.50485e-02  -1.00053e-02   9.10066e-03
T4    2.07117e+00   1.12910e-02  -9.52829e-03   8.85410e-03   2.47841e-02  -3.18882e-01  -4.79284e-03   2.56810e-02   1.85919e-03  -4.83978e-02  -1.37028e-02  -1.14191e-02   5.70777e-03  -2.97371e-02  -2.30793e-02  -5.96564e-03  -2.09013e-02   1.31537e-03  -2.40459e-02  -6.54658e-03  -1.26384e-02
T5   -6.92539e-01   3.84108e-03   4.44759e-02   1.15965e-02   3.73403e-02  -4.79284e-03  -4.02465e-02   6.16317e-02   2.64673e-02   1.88127e-02   1.38076e-03  -1.30855e-02   7.10853e-02  -7.81570e-03  -5.42663e-03   2.02343e-02   1.15681e-02   1.23496e-02  -2.57880e-02  -5.33050e-03   9.44645e-03
T6   -1.59340e+00   1.43833e-02  -1.66420e-02   4.78721e-02   7.32561e-02   2.56810e-02   6.16317e-02   4.57413e-02   2.89305e-02   1.08193e-02  -9.92566e-03  -3.92818e-03   7.87317e-04   6.22752e-04  -4.35339e-03   4.11549e-02   4.50741e-02   3.77061e-02  -2.37744e-03  -5.54575e-03   4.01406e-03
T7   -5.96962e-01  -1.40562e-02   1.33278e-02  -5.07608e-04   3.92189e-03   1.85919e-03   2.64673e-02   2.89305e-02  -4.22776e-02  -2.01501e-03   4.99956e-03   1.78987e-02   4.12906e-02  -7.45326e-03   5.63789e-03  -6.46379e-03   3.66370e-04  -4.96046e-03  -6.57426e-03   3.04827e-03  -7.52857e-03
T8    5.22257e-01   6.66462e-03   2.42227e-02   2.39920e-02   3.88524e-03  -4.83978e-02   1.88127e-02   1.08193e-02  -2.01501e-03  -8.30402e-02  -1.21774e-03  -6.55045e-03   7.49327e-02  -2.75809e-02  -2.16532e-02  -4.35700e-03   9.85247e-03   8.72877e-03  -3.68159e-02  -1.81491e-02   2.15750e-03
T9    7.34227e-01   2.38311e-03   8.75934e-03  -9.26772e-03   5.51412e-03  -1.37028e-02   1.38076e-03  -9.92566e-03   4.99956e-03  -1.21774e-03  -7.27202e-02  -2.57232e-02  -3.02030e-02  -1.07440e-02  -2.68606e-02   1.73188e-02  -6.14739e-03  -8.46656e-03   1.89595e-02  -8.04067e-03  -2.83507e-02
T10   -9.10014e-03  -1.20915e-02  -1.55642e-02   2.26306e-02   1.56564e-02  -1.14191e-02  -1.30855e-02  -3.92818e-03   1.78987e-02  -6.55045e-03  -2.57232e-02  -5.33870e-02   4.61003e-03  -2.89737e-03  -2.43133e-02   6.02581e-03  -2.09923e-03   2.68902e-03  -2.56548e-03   1.93367e-03  -2.31361e-02
T11   -1.55223e+00   3.36502e-02   1.29348e-01   2.09977e-02   8.12610e-04   5.70777e-03   7.10853e-02   7.87317e-04   4.12906e-02   7.49327e-02  -3.02030e-02   4.61003e-03   1.13995e-02  -1.12697e-02  -1.13619e-02   5.72445e-02   3.67354e-02   3.81666e-02   1.84176e-02  -1.21180e-02  -2.66912e-03
T12    1.72724e+00  -2.62788e-03  -1.34514e-02  -6.13661e-03   3.44662e-03  -2.97371e-02  -7.81570e-03   6.22752e-04  -7.45326e-03  -2.75809e-02  -1.07440e-02  -2.89737e-03  -1.12697e-02  -2.01718e-01  -1.37792e-02  -7.41647e-03  -4.47055e-04  -5.64519e-05  -2.74624e-03   1.87190e-03  -3.86588e-04
T13    1.08891e+00   6.85837e-03  -7.17984e-03  -3.52150e-03   7.35325e-03  -2.30793e-02  -5.42663e-03  -4.35339e-03   5.63789e-03  -2.16532e-02  -2.68606e-02  -2.43133e-02  -1.13619e-02  -1.37792e-02  -6.38234e-02  -3.98798e-03  -1.43155e-02  -6.25169e-03  -2.95543e-02  -3.10441e-02  -1.74366e-02
T14   -6.33612e-01   4.20658e-03   6.82771e-03   2.92095e-02   2.44355e-02  -5.96564e-03   2.02343e-02   4.11549e-02  -6.46379e-03  -4.35700e-03   1.73188e-02   6.02581e-03   5.72445e-02  -7.41647e-03  -3.98798e-03  -3.57704e-02   2.55889e-02   1.12624e-02  -3.76009e-02  -1.55295e-02   2.72026e-03
T15   -5.72113e-01   9.80901e-03   2.65247e-02  -7.65438e-03   2.39866e-02  -2.09013e-02   1.15681e-02   4.50741e-02   3.66370e-04   9.85247e-03  -6.14739e-03  -2.09923e-03   3.67354e-02  -4.47055e-04  -1.43155e-02   2.55889e-02  -3.39444e-02  -7.99960e-03  -1.01382e-02  -9.95672e-03  -2.20979e-03
T16   -3.42483e-01  -1.16997e-03   3.21901e-02  -2.48887e-03   1.49671e-02   1.31537e-03   1.23496e-02   3.77061e-02  -4.96046e-03   8.72877e-03  -8.46656e-03   2.68902e-03   3.81666e-02  -5.64519e-05  -6.25169e-03   1.12624e-02  -7.99960e-03  -3.67216e-02  -6.18644e-03  -8.54003e-03  -1.41986e-02
T17    1.88068e+00   3.36389e-03  -1.74337e-02  -5.62241e-03  -1.50485e-02  -2.40459e-02  -2.57880e-02  -2.37744e-03  -6.57426e-03  -3.68159e-02   1.89595e-02  -2.56548e-03   1.84176e-02  -2.74624e-03  -2.95543e-02  -3.76009e-02  -1.01382e-02  -6.18644e-03  -1.41649e-01  -3.67580e-02   9.35180e-03
T18    7.62445e-01   1.39349e-02   5.82225e-03  -2.43825e-02  -1.00053e-02  -6.54658e-03  -5.33050e-03  -5.54575e-03   3.04827e-03  -1.81491e-02  -8.04067e-03   1.93367e-03  -1.21180e-02   1.87190e-03  -3.10441e-02  -1.55295e-02  -9.95672e-03  -8.54003e-03  -3.67580e-02  -5.20552e-02   5.82408e-03
T19    3.29646e-01  -1.40686e-02  -4.12210e-03   1.62961e-02   9.10066e-03  -1.26384e-02   9.44645e-03   4.01406e-03  -7.52857e-03   2.15750e-03  -2.83507e-02  -2.31361e-02  -2.66912e-03  -3.86588e-04  -1.74366e-02   2.72026e-03  -2.20979e-03  -1.41986e-02   9.35180e-03   5.82408e-03  -5.19800e-02
