T0   -4.41982e-01  -9.03031e-02   2.13838e-02   5.65131e-02   3.03235e-02  -5.07918e-03   2.26009e-02   5.18706e-02  -2.26538e-02   2.13788e-02  -2.79522e-02  -4.70896e-02   8.72951e-02  -2.74446e-02  -1.62979e-02   1.03775e-02   2.22867e-02   8.01067e-04  -1.39702e-02   9.58227e-03  -5.03897e-02
T1   -1.02322e+00   2.13838e-02   6.19114e-02   9.30780e-02  -6.23529e-02  -2.84206e-03   7.96817e-02  -5.56670e-02   2.10861e-02   4.28558e-02   4.51816e-02   2.66488e-03   2.51674e-01   9.59694e-03   5.38822e-04   1.42161e-02   5.47214e-02   6.72624e-02  -2.64521e-02   7.11843e-03   2.06386e-02
T2   -8.00970e-01   5.65131e-02   9.30780e-02  -8.32305e-02   3.04783e-02   8.49020e-03   4.05268e-02   9.84499e-02  -4.49833e-03   3.51848e-02   1.07114e-02   5.91710e-02   4.65004e-02   9.32516e-04   5.35038e-03   4.22620e-02  -1.11553e-02   2.92289e-03  -5.17549e-03  -3.23978e-02   4.89625e-02
T3   -1.37148e+00   3.03235e-02  -6.23529e-02   3.04783e-02   8.91172e-02   4.82875e-02   8.56361e-02   1.67803e-01  -7.50832e-05  -1.55367e-02   4.18547e-02   5.62644e-02  -1.19973e-02   2.96367e-02   3.79071e-02   3.98392e-02   3.90934e-02   3.57395e-02  -8.45838e-03  -1.41772e-03   4.80849e-02
T4    2.32938e+00  -5.07918e-03  -2.84206e-03   8.49020e-03   4.82875e-02  -5.39977e-01  -2.89998e-03   5.76216e-02  -1.44857e-02  -6.16851e-02  -5.32434e-02  -5.13901e-02   2.44921e-02  -8.61499e-02  -7.90030e-02  -2.11061e-02  -4.13495e-02  -1.18850e-02  -7.44274e-02  -4.00158e-02  -5.73468e-02
T5   -8.57264e-01   2.26009e-02   7.96817e-02   4.05268e-02   8.56361e-02  -2.89998e-03  -1.96402e-02   1.26157e-01   4.42110e-02   4.59719e-02   2.18334e-02  -3.21601e-03   1.35689e-01  -6.59910e-03  -4.74776e-03   2.78078e-02   2.85110e-02   3.13236e-02  -4.45352e-02  -8.23617e-03   3.48004e-02
T6   -1.78679e+00   5.18706e-02  -5.56670e-02   9.84499e-02   1.67803e-01   5.76216e-02   1.26157e-01   1.37475e-01   6.29593e-02   1.94659e-02   1.63349e-02   2.17025e-02  -9.95318e-03   2.72310e-02   1.34332e-02   7.92445e-02   8.81030e-02   8.63263e-02  -7.46487e-04  -3.40700e-03   3.59034e-02
T7   -7.06716e-01  -2.26538e-02   2.10861e-02  -4.49833e-03  -7.50832e-05  -1.44857e-02   4.42110e-02   6.29593e-02  -7.52086e-02  -2.04721e-02   2.31498e-02   3.75410e-02   7.56083e-02  -1.15267e-02   1.66142e-02  -1.30038e-02  -1.12669e-02  -1.19767e-02  -1.81364e-03   1.06543e-02  -1.01485e-03
T8    3.57121e-01   2.13788e-02   4.28558e-02   3.51848e-02  -1.55367e-02  -6.16851e-02   4.59719e-02   1.94659e-02  -2.04721e-02  -1.53458e-01   2.24878e-02   1.17274e-02   1.43438e-01  -3.53557e-02  -3.15839e-02   1.72361e-03   5.09587e-05   1.37088e-02  -6.95774e-02  -3.39937e-02   1.95990e-02
T9    9.58675e-01  -2.79522e-02   4.51816e-02   1.07114e-02   4.18547e-02  -5.32434e-02   2.18334e-02   1.63349e-02   2.31498e-02   2.24878e-02  -1.81006e-01  -1.07015e-01  -1.64562e-02  -6.70625e-02  -1.05498e-01   4.48223e-02  -3.51649e-03  -2.33793e-02  -2.29598e-02  -5.35461e-02  -1.08154e-01
T10    2.15957e-01  -4.70896e-02   2.66488e-03   5.91710e-02   5.62644e-02  -5.13901e-02  -3.21601e-03   2.17025e-02   3.75410e-02   1.17274e-02  -1.07015e-01  -1.42932e-01   3.62726e-02  -4.88139e-02  -9.46126e-02   2.69631e-02   8.91807e-03  -1.88448e-03  -5.28061e-02  -2.71027e-02  -9.13020e-02
T11   -1.71217e+00   8.72951e-02   2.51674e-01   4.65004e-02  -1.19973e-02   2.44921e-02   1.35689e-01  -9.95318e-03   7.56083e-02   1.43438e-01  -1.64562e-02   3.62726e-02   8.04038e-02   2.61803e-02   9.98022e-04   1.08619e-01   7.58074e-02   8.80510e-02   4.67522e-02  -1.80436e-02   2.65268e-02
T12    1.80761e+00  -2.74446e-02   9.59694e-03   9.32516e-04   2.96367e-02  -8.61499e-02  -6.59910e-03   2.72310e-02  -1.15267e-02  -3.53557e-02  -6.70625e-02  -4.88139e-02   2.61803e-02  -3.10068e-01  -8.14936e-02   4.38010e-03   1.22778e-03  -9.76827e-03  -4.84089e-02  -4.30162e-02  -4.53786e-02
T13    1.34276e+00  -1.62979e-02   5.38822e-04   5.35038e-03   3.79071e-02  -7.90030e-02  -4.74776e-03   1.34332e-02   1.66142e-02  -3.15839e-02  -1.05498e-01  -9.46126e-02   9.98022e-04  -8.14936e-02  -1.59020e-01   1.46947e-02  -1.73045e-02  -1.98212e-02  -1.07574e-01  -9.46969e-02  -7.84485e-02
T14   -6.96226e-01   1.03775e-02   1.42161e-02   4.22620e-02   3.98392e-02  -2.11061e-02   2.78078e-02   7.92445e-02  -1.30038e-02   1.72361e-03   4.48223e-02   2.69631e-02   1.08619e-01   4.38010e-03   1.46947e-02  -5.72467e-02   3.36342e-02   2.86179e-02  -6.19745e-02  -3.24098e-02   1.91981e-02
T15   -7.13568e-01   2.22867e-02   5.47214e-02  -1.11553e-02   3.90934e-02  -4.13495e-02   2.85110e-02   8.81030e-02  -1.12669e-02   5.09587e-05  -3.51649e-03   8.91807e-03   7.58074e-02   1.22778e-03  -1.73045e-02   3.36342e-02  -4.15151e-02  -9.67333e-03  -1.52770e-02  -1.22147e-02   6.88423e-03
T16   -4.52570e-01   8.01067e-04   6.72624e-02   2.92289e-03   3.57395e-02  -1.18850e-02   3.13236e-02   8.63263e-02  -1.19767e-02   1.37088e-02  -2.33793e-02  -1.88448e-03   8.80510e-02  -9.76827e-03  -1.98212e-02   2.86179e-02  -9.67333e-03  -4.55442e-02  -1.29793e-02  -1.55313e-02  -3.31260e-02
T17    2.14248e+00  -1.39702e-02  -2.64521e-02  -5.17549e-03  -8.45838e-03  -7.44274e-02  -4.45352e-02  -7.46487e-04  -1.81364e-03  -6.95774e-02  -2.29598e-02  -5.28061e-02   4.67522e-02  -4.84089e-02  -1.07574e-01  -6.19745e-02  -1.52770e-02  -1.29793e-02  -2.56307e-01  -9.16236e-02  -3.31487e-02
T18    9.07155e-01   9.58227e-03   7.11843e-03  -3.23978e-02  -1.41772e-03  -4.00158e-02  -8.23617e-03  -3.40700e-03   1.06543e-02  -3.39937e-02  -5.35461e-02  -2.71027e-02  -1.80436e-02  -4.30162e-02  -9.46969e-02  -3.24098e-02  -1.22147e-02  -1.55313e-02  -9.16236e-02  -9.91005e-02  -2.63579e-02
T19    5.01811e-01  -5.03897e-02   2.06386e-02   4.89625e-02   4.80849e-02  -5.73468e-02   3.48004e-02   3.59034e-02  -1.01485e-03   1.95990e-02  -1.08154e-01  -9.13020e-02   2.65268e-02  -4.53786e-02  -7.84485e-02   1.91981e-02   6.88423e-03  -3.31260e-02  -3.31487e-02  -2.63579e-02  -1.33343e-01
