T0   -6.13056e-01  -2.39863e-01   1.95598e-01   2.24704e-01   3.91444e-01  -2.07495e-01   2.46077e-01   4.65418e-01  -3.31459e-02   8.42470e-02  -3.02427e-01  -2.27126e-01   4.48765e-01  -1.57730e-01  -2.50025e-01   1.80230e-02   9.64326e-02  -1.50238e-02  -1.44838e-01  -1.97148e-01  -3.82114e-01
T1   -3.98995e-01   1.95598e-01   5.17091e-01   2.45873e-01  -3.36976e-01   2.03029e-02   2.46515e-01  -2.44707e-01   3.68933e-02   1.53624e-01   1.83220e-01   1.16099e-01   9.86745e-01   1.76939e-01  -3.81840e-02   1.22002e-01   1.30925e-01   9.73682e-02  -3.65625e-01  -1.95708e-01   8.75957e-02
T2   -2.77163e-01   2.24704e-01   2.45873e-01  -2.85280e-01   1.18655e-02  -3.65109e-02   1.47937e-01   3.16409e-01  -1.10954e-01   1.06925e-01   2.17119e-01   4.10423e-01   2.23868e-01   2.31440e-01   1.77781e-01   6.93218e-02  -9.92544e-02  -9.81661e-02   1.38487e-01   5.26201e-02   1.68056e-01
T3   -8.03456e-01   3.91444e-01  -3.36976e-01   1.18655e-02   5.96305e-01   2.40045e-01   4.22773e-01   9.90741e-01   5.67112e-02  -1.65035e-01   4.59114e-01   6.17258e-01  -1.47325e-01   4.10357e-01   5.10263e-01   2.71670e-01  -2.39114e-02   4.26563e-03   3.96930e-01   3.18452e-01   3.24944e-01
T4    1.95163e+00  -2.07495e-01   2.03029e-02  -3.65109e-02   2.40045e-01  -2.17910e+00   3.22514e-02   2.84350e-01  -2.20827e-01  -2.59235e-01  -4.28283e-01  -3.53148e-01   1.94722e-01  -4.60466e-01  -5.19362e-01  -1.87837e-01  -1.80853e-01  -1.88708e-01  -5.01484e-01  -3.67771e-01  -4.62326e-01
T5   -2.73830e-01   2.46077e-01   2.46515e-01   1.47937e-01   4.22773e-01   3.22514e-02   2.76415e-01   6.06472e-01   1.26128e-01   1.91512e-01   1.39802e-01   2.19036e-01   4.10759e-01   1.81957e-01   1.18089e-01   1.46635e-01   7.94667e-02  -1.10225e-02  -2.54160e-02   6.15864e-02   6.16397e-02
T6   -1.01402e+00   4.65418e-01  -2.44707e-01   3.16409e-01   9.90741e-01   2.84350e-01   6.06472e-01   1.14160e+00   3.31959e-01   3.15236e-02   3.37311e-01   5.37067e-01  -1.21343e-01   4.51047e-01   4.34407e-01   3.57282e-01   1.90321e-01   1.25133e-01   3.55929e-01   2.53884e-01   1.84056e-01
T7   -4.99457e-01  -3.31459e-02   3.68933e-02  -1.10954e-01   5.67112e-02  -2.20827e-01   1.26128e-01   3.31959e-01  -2.29812e-01  -1.04042e-01  -2.83200e-02   8.20992e-02   2.30733e-01  -7.23361e-02  -1.33923e-01  -1.51119e-01  -8.52201e-02  -8.76656e-02  -1.98396e-01  -1.62266e-01  -1.14858e-01
T8    5.63059e-01   8.42470e-02   1.53624e-01   1.06925e-01  -1.65035e-01  -2.59235e-01   1.91512e-01   3.15236e-02  -1.04042e-01  -4.10327e-01   6.56763e-02   1.32498e-01   4.74571e-01  -4.04395e-02  -1.19012e-01  -2.19395e-02  -1.17537e-01  -8.80531e-02  -3.21602e-01  -2.28319e-01  -2.78511e-02
T9    9.89719e-02  -3.02427e-01   1.83220e-01   2.17119e-01   4.59114e-01  -4.28283e-01   1.39802e-01   3.37311e-01  -2.83200e-02   6.56763e-02  -6.71499e-01  -4.51369e-01   2.34851e-01  -3.84326e-01  -5.07423e-01   2.24253e-01   4.98165e-03  -1.07806e-01  -2.85061e-01  -4.40667e-01  -5.95262e-01
T10   -6.52340e-01  -2.27126e-01   1.16099e-01   4.10423e-01   6.17258e-01  -3.53148e-01   2.19036e-01   5.37067e-01   8.20992e-02   1.32498e-01  -4.51369e-01  -4.19840e-01   4.11202e-01  -2.60662e-01  -4.17263e-01   2.03230e-01   1.52772e-01   6.69664e-02  -3.42899e-01  -3.42911e-01  -4.73669e-01
T11   -7.88705e-01   4.48765e-01   9.86745e-01   2.23868e-01  -1.47325e-01   1.94722e-01   4.10759e-01  -1.21343e-01   2.30733e-01   4.74571e-01   2.34851e-01   4.11202e-01   9.82164e-01   4.38537e-01   2.56770e-01   5.17651e-01   2.44171e-01   1.68164e-01   3.63078e-02  -1.06280e-01   1.43857e-01
T12    1.11653e+00  -1.57730e-01   1.76939e-01   2.31440e-01   4.10357e-01  -4.60466e-01   1.81957e-01   4.51047e-01  -7.23361e-02  -4.04395e-02  -3.84326e-01  -2.60662e-01   4.38537e-01  -7.44758e-01  -5.28705e-01   4.74568e-02   6.16204e-02  -2.62304e-04  -4.81162e-01  -3.81767e-01  -4.02705e-01
T13    4.46499e-01  -2.50025e-01  -3.81840e-02   1.77781e-01   5.10263e-01  -5.19362e-01   1.18089e-01   4.34407e-01  -1.33923e-01  -1.19012e-01  -5.07423e-01  -4.17263e-01   2.56770e-01  -5.28705e-01  -6.93377e-01  -1.21980e-01   4.28754e-03   2.48042e-02  -5.42196e-01  -5.43139e-01  -4.58887e-01
T14   -2.45374e-01   1.80230e-02   1.22002e-01   6.93218e-02   2.71670e-01  -1.87837e-01   1.46635e-01   3.57282e-01  -1.51119e-01  -2.19395e-02   2.24253e-01   2.03230e-01   5.17651e-01   4.74568e-02  -1.21980e-01  -9.82032e-02   2.74372e-02   5.95862e-02  -4.82138e-01  -3.39816e-01   6.51493e-02
T15   -4.24749e-01   9.64326e-02   1.30925e-01  -9.92544e-02  -2.39114e-02  -1.80853e-01   7.94667e-02   1.90321e-01  -8.52201e-02  -1.17537e-01   4.98165e-03   1.52772e-01   2.44171e-01   6.16204e-02   4.28754e-03   2.74372e-02  -1.52939e-01  -1.23735e-01  -6.07329e-03  -1.66087e-02  -7.05629e-02
T16   -2.42609e-01  -1.50238e-02   9.73682e-02  -9.81661e-02   4.26563e-03  -1.88708e-01  -1.10225e-02   1.25133e-01  -8.76656e-02  -8.80531e-02  -1.07806e-01   6.69664e-02   1.68164e-01  -2.62304e-04   2.48042e-02   5.95862e-02  -1.23735e-01  -2.61411e-01   1.30195e-01   1.78125e-02  -2.19656e-01
T17    1.43708e+00  -1.44838e-01  -3.65625e-01   1.38487e-01   3.96930e-01  -5.01484e-01  -2.54160e-02   3.55929e-01  -1.98396e-01  -3.21602e-01  -2.85061e-01  -3.42899e-01   3.63078e-02  -4.81162e-01  -5.42196e-01  -4.82138e-01  -6.07329e-03   1.30195e-01  -6.78569e-01  -4.32052e-01  -2.50624e-01
T18    5.89644e-01  -1.97148e-01  -1.95708e-01   5.26201e-02   3.18452e-01  -3.67771e-01   6.15864e-02   2.53884e-01  -1.62266e-01  -2.28319e-01  -4.40667e-01  -3.42911e-01  -1.06280e-01  -3.81767e-01  -5.43139e-01  -3.39816e-01  -1.66087e-02   1.78125e-02  -4.32052e-01  -5.27571e-01  -3.71710e-01
T19    3.03422e-02  -3.82114e-01   8.75957e-02   1.68056e-01   3.24944e-01  -4.62326e-01   6.16397e-02   1.84056e-01  -1.14858e-01  -2.78511e-02  -5.95262e-01  -4.73669e-01   1.43857e-01  -4.02705e-01  -4.58887e-01   6.51493e-02  -7.05629e-02  -2.19656e-01  -2.50624e-01  -3.71710e-01  -6.86559e-01
