T0   -4.20821e-01  -1.42779e-01   5.11561e-02   9.08992e-02   9.72806e-02  -6.63214e-02   4.77792e-02   1.23257e-01  -4.24058e-02   3.47651e-02  -9.09569e-02  -1.14062e-01   1.56002e-01  -8.04127e-02  -6.83413e-02   3.16816e-02   2.98740e-02  -4.60890e-03  -5.40864e-02  -2.01610e-02  -1.24183e-01
T1   -9.15927e-01   5.11561e-02   1.99291e-01   1.18214e-01  -2.01274e-01   7.50473e-03   1.34354e-01  -1.59810e-01   1.18220e-02   8.99401e-02   1.31011e-01   8.41154e-02   4.63488e-01   8.02239e-02   6.89084e-02   1.45674e-02   5.75413e-02   7.26116e-02  -1.93041e-02   3.25418e-02   6.51080e-02
T2   -6.99087e-01   9.08992e-02   1.18214e-01  -1.32334e-01   3.71732e-02  -3.35478e-03   5.28368e-02   1.55744e-01  -2.99927e-02   4.13304e-02   7.79474e-02   1.54031e-01   6.48304e-02   3.43681e-02   5.98564e-02   5.81400e-02  -2.48477e-02  -9.48343e-03   2.80519e-02  -1.21403e-02   1.01158e-01
T3   -1.26749e+00   9.72806e-02  -2.01274e-01   3.71732e-02   2.01532e-01   5.89933e-02   1.32718e-01   3.21048e-01   4.81343e-03  -7.95038e-02   1.49275e-01   1.80947e-01  -1.03335e-01   1.08116e-01   1.37281e-01   7.60819e-02   5.53523e-02   5.20625e-02   4.31434e-02   5.12372e-03   1.21211e-01
T4    2.50053e+00  -6.63214e-02   7.50473e-03  -3.35478e-03   5.89933e-02  -8.91013e-01  -1.36979e-02   8.75740e-02  -6.78694e-02  -1.06593e-01  -1.39971e-01  -1.36426e-01   5.01130e-02  -1.84038e-01  -1.89553e-01  -7.14090e-02  -9.36380e-02  -4.77858e-02  -1.72708e-01  -1.04150e-01  -1.47706e-01
T5   -7.88079e-01   4.77792e-02   1.34354e-01   5.28368e-02   1.32718e-01  -1.36979e-02   3.65239e-02   2.24641e-01   4.26478e-02   8.08108e-02   8.32923e-02   7.64199e-02   2.26689e-01   3.62519e-02   6.17013e-02   5.00783e-02   2.99992e-02   2.61028e-02  -2.41272e-02   1.40190e-02   6.91973e-02
T6   -1.67746e+00   1.23257e-01  -1.59810e-01   1.55744e-01   3.21048e-01   8.75740e-02   2.24641e-01   3.09705e-01   1.14509e-01  -2.31815e-03   1.09539e-01   1.51815e-01  -7.03473e-02   1.26408e-01   1.29398e-01   1.47821e-01   1.24386e-01   1.14590e-01   7.18625e-02   2.17417e-02   9.74243e-02
T7   -5.77875e-01  -4.24058e-02   1.18220e-02  -2.99927e-02   4.81343e-03  -6.78694e-02   4.26478e-02   1.14509e-01  -1.14273e-01  -4.39508e-02   2.84598e-02   5.36753e-02   8.73131e-02  -2.72146e-02   3.77190e-03  -1.73999e-02  -2.88167e-02  -2.55557e-02  -2.00958e-02  -9.45227e-03  -1.45272e-02
T8    3.34218e-01   3.47651e-02   8.99401e-02   4.13304e-02  -7.95038e-02  -1.06593e-01   8.08108e-02  -2.31815e-03  -4.39508e-02  -2.52729e-01   7.17931e-02   7.45264e-02   2.57179e-01  -2.51528e-02  -1.36027e-02   4.23714e-03  -2.69867e-02   2.90813e-03  -1.02728e-01  -5.45881e-02   3.91270e-02
T9    7.26234e-01  -9.09569e-02   1.31011e-01   7.79474e-02   1.49275e-01  -1.39971e-01   8.32923e-02   1.09539e-01   2.84598e-02   7.17931e-02  -3.48021e-01  -2.42544e-01   7.57914e-02  -1.63031e-01  -2.44177e-01   8.06894e-02   1.29688e-02  -3.87513e-02  -1.23591e-01  -1.39332e-01  -2.36323e-01
T10   -7.35851e-02  -1.14062e-01   8.41154e-02   1.54031e-01   1.80947e-01  -1.36426e-01   7.64199e-02   1.51815e-01   5.36753e-02   7.45264e-02  -2.42544e-01  -2.79630e-01   1.73758e-01  -1.34335e-01  -2.22830e-01   5.73453e-02   3.41643e-02   1.55972e-02  -1.54223e-01  -9.32932e-02  -2.02749e-01
T11   -1.56129e+00   1.56002e-01   4.63488e-01   6.48304e-02  -1.03335e-01   5.01130e-02   2.26689e-01  -7.03473e-02   8.73131e-02   2.57179e-01   7.57914e-02   1.73758e-01   2.66136e-01   1.42243e-01   1.02231e-01   1.87059e-01   9.04925e-02   1.09130e-01   1.29451e-01   1.91183e-02   9.09117e-02
T12    1.60793e+00  -8.04127e-02   8.02239e-02   3.43681e-02   1.08116e-01  -1.84038e-01   3.62519e-02   1.26408e-01  -2.72146e-02  -2.51528e-02  -1.63031e-01  -1.34335e-01   1.42243e-01  -4.51165e-01  -2.20410e-01   2.98796e-03   6.78185e-03  -1.91741e-02  -1.61362e-01  -1.17323e-01  -1.29346e-01
T13    1.08564e+00  -6.83413e-02   6.89084e-02   5.98564e-02   1.37281e-01  -1.89553e-01   6.17013e-02   1.29398e-01   3.77190e-03  -1.36027e-02  -2.44177e-01  -2.22830e-01   1.02231e-01  -2.20410e-01  -3.33827e-01   1.45474e-02  -1.75569e-02  -1.61249e-02  -2.49301e-01  -2.07026e-01  -1.82552e-01
T14   -5.70546e-01   3.16816e-02   1.45674e-02   5.81400e-02   7.60819e-02  -7.14090e-02   5.00783e-02   1.47821e-01  -1.73999e-02   4.23714e-03   8.06894e-02   5.73453e-02   1.87059e-01   2.98796e-03   1.45474e-02  -8.18517e-02   5.18869e-02   4.43804e-02  -1.34912e-01  -8.87453e-02   3.62019e-02
T15   -6.07324e-01   2.98740e-02   5.75413e-02  -2.48477e-02   5.53523e-02  -9.36380e-02   2.99992e-02   1.24386e-01  -2.88167e-02  -2.69867e-02   1.29688e-02   3.41643e-02   9.04925e-02   6.78185e-03  -1.75569e-02   5.18869e-02  -6.22367e-02  -2.64994e-02  -1.87277e-02  -1.35845e-02   6.77448e-03
T16   -3.66518e-01  -4.60890e-03   7.26116e-02  -9.48343e-03   5.20625e-02  -4.77858e-02   2.61028e-02   1.14590e-01  -2.55557e-02   2.90813e-03  -3.87513e-02   1.55972e-02   1.09130e-01  -1.91741e-02  -1.61249e-02   4.43804e-02  -2.64994e-02  -8.59538e-02  -1.40210e-02  -2.30183e-02  -6.04270e-02
T17    1.99676e+00  -5.40864e-02  -1.93041e-02   2.80519e-02   4.31434e-02  -1.72708e-01  -2.41272e-02   7.18625e-02  -2.00958e-02  -1.02728e-01  -1.23591e-01  -1.54223e-01   1.29451e-01  -1.61362e-01  -2.49301e-01  -1.34912e-01  -1.87277e-02  -1.40210e-02  -4.17545e-01  -1.96382e-01  -1.03641e-01
T18    8.32946e-01  -2.01610e-02   3.25418e-02  -1.21403e-02   5.12372e-03  -1.04150e-01   1.40190e-02   2.17417e-02  -9.45227e-03  -5.45881e-02  -1.39332e-01  -9.32932e-02   1.91183e-02  -1.17323e-01  -2.07026e-01  -8.87453e-02  -1.35845e-02  -2.30183e-02  -1.96382e-01  -1.65118e-01  -8.95881e-02
T19    4.41746e-01  -1.24183e-01   6.51080e-02   1.01158e-01   1.21211e-01  -1.47706e-01   6.91973e-02   9.74243e-02  -1.45272e-02   3.91270e-02  -2.36323e-01  -2.02749e-01   9.09117e-02  -1.29346e-01  -1.82552e-01   3.62019e-02   6.77448e-03  -6.04270e-02  -1.03641e-01  -8.95881e-02  -2.68548e-01
