T0   -4.81323e-01  -1.06204e-01   2.97847e-02   7.70650e-02   6.05539e-02  -1.82728e-02   3.72268e-02   8.44562e-02  -2.33881e-02   2.59302e-02  -5.20695e-02  -7.36513e-02   1.16011e-01  -4.74434e-02  -3.80454e-02   1.99737e-02   3.54026e-02   4.94163e-03  -3.42466e-02  -3.42380e-03  -7.38477e-02
T1   -1.02582e+00   2.97847e-02   1.11284e-01   1.08949e-01  -1.10725e-01  -1.40436e-03   9.93344e-02  -9.39652e-02   2.33136e-02   6.49053e-02   7.17628e-02   2.93553e-02   3.36986e-01   3.07828e-02   3.27298e-02   2.26784e-02   5.78660e-02   7.18007e-02  -8.62121e-03   2.65474e-02   3.28486e-02
T2   -7.99517e-01   7.70650e-02   1.08949e-01  -9.81701e-02   3.98168e-02   8.11501e-03   5.22882e-02   1.26532e-01  -5.48029e-03   3.40563e-02   2.53392e-02   8.88406e-02   6.02973e-02   1.48137e-02   1.06261e-02   5.57415e-02  -1.03522e-02   3.75174e-03   8.23049e-04  -3.33312e-02   6.65037e-02
T3   -1.38100e+00   6.05539e-02  -1.10725e-01   3.98168e-02   1.45756e-01   5.56299e-02   1.11428e-01   2.33398e-01   8.44413e-03  -3.47345e-02   7.27639e-02   8.88161e-02  -3.66284e-02   5.82600e-02   5.55190e-02   6.35950e-02   5.45357e-02   4.86535e-02   1.99385e-03  -1.09763e-02   7.16659e-02
T4    2.42666e+00  -1.82728e-02  -1.40436e-03   8.11501e-03   5.56299e-02  -6.74264e-01  -6.45093e-03   6.77740e-02  -2.56592e-02  -7.91580e-02  -8.53034e-02  -8.19320e-02   3.06010e-02  -1.29976e-01  -1.23918e-01  -3.71950e-02  -5.78798e-02  -2.07352e-02  -1.12874e-01  -7.24536e-02  -8.88386e-02
T5   -8.41590e-01   3.72268e-02   9.93344e-02   5.22882e-02   1.11428e-01  -6.45093e-03   1.33506e-03   1.65061e-01   5.47752e-02   5.85111e-02   3.33264e-02   1.12754e-02   1.67475e-01  -2.52283e-03   9.99909e-03   4.76274e-02   3.79338e-02   3.37787e-02  -4.31689e-02  -7.29962e-03   3.94659e-02
T6   -1.76301e+00   8.44562e-02  -9.39652e-02   1.26532e-01   2.33398e-01   6.77740e-02   1.65061e-01   1.99709e-01   9.17779e-02   1.13783e-02   3.73442e-02   4.77158e-02  -2.91177e-02   5.43146e-02   3.29034e-02   1.19339e-01   1.15464e-01   1.09853e-01   2.28040e-02  -5.02932e-04   4.99805e-02
T7   -7.51673e-01  -2.33881e-02   2.33136e-02  -5.48029e-03   8.44413e-03  -2.56592e-02   5.47752e-02   9.17779e-02  -9.08879e-02  -2.06300e-02   3.01183e-02   5.02398e-02   9.05251e-02  -1.22443e-02   1.69648e-02  -1.20812e-02  -1.44696e-02  -1.25118e-02  -1.03721e-02   6.52332e-03   1.27524e-03
T8    3.57235e-01   2.59302e-02   6.49053e-02   3.40563e-02  -3.47345e-02  -7.91580e-02   5.85111e-02   1.13783e-02  -2.06300e-02  -1.98205e-01   3.15764e-02   2.11546e-02   1.81776e-01  -3.36785e-02  -2.55705e-02   8.55806e-03  -1.09493e-02   8.17253e-03  -7.93315e-02  -3.42866e-02   2.17973e-02
T9    9.64911e-01  -5.20695e-02   7.17628e-02   2.53392e-02   7.27639e-02  -8.53034e-02   3.33264e-02   3.73442e-02   3.01183e-02   3.15764e-02  -2.46049e-01  -1.61471e-01   1.63079e-03  -1.08779e-01  -1.61143e-01   5.60686e-02   3.02773e-04  -3.39666e-02  -5.48234e-02  -8.69013e-02  -1.58963e-01
T10    1.98478e-01  -7.36513e-02   2.93553e-02   8.88406e-02   8.88161e-02  -8.19320e-02   1.12754e-02   4.77158e-02   5.02398e-02   2.11546e-02  -1.61471e-01  -2.00025e-01   6.75397e-02  -8.28625e-02  -1.45297e-01   3.34588e-02   1.63786e-02  -7.48935e-04  -8.87667e-02  -5.56640e-02  -1.35464e-01
T11   -1.66184e+00   1.16011e-01   3.36986e-01   6.02973e-02  -3.66284e-02   3.06010e-02   1.67475e-01  -2.91177e-02   9.05251e-02   1.81776e-01   1.63079e-03   6.75397e-02   1.33061e-01   5.95093e-02   2.70879e-02   1.48537e-01   9.24508e-02   1.02286e-01   8.43698e-02  -2.84076e-03   4.14257e-02
T12    1.77354e+00  -4.74434e-02   3.07828e-02   1.48137e-02   5.82600e-02  -1.29976e-01  -2.52283e-03   5.43146e-02  -1.22443e-02  -3.36785e-02  -1.08779e-01  -8.28625e-02   5.95093e-02  -3.68963e-01  -1.34228e-01   3.94624e-03   2.22095e-03  -1.19099e-02  -9.51803e-02  -7.08245e-02  -8.01371e-02
T13    1.33041e+00  -3.80454e-02   3.27298e-02   1.06261e-02   5.55190e-02  -1.23918e-01   9.99909e-03   3.29034e-02   1.69648e-02  -2.55705e-02  -1.61143e-01  -1.45297e-01   2.70879e-02  -1.34228e-01  -2.20849e-01   1.36884e-02  -2.56943e-02  -2.85076e-02  -1.50962e-01  -1.28808e-01  -1.20285e-01
T14   -7.01394e-01   1.99737e-02   2.26784e-02   5.57415e-02   6.35950e-02  -3.71950e-02   4.76274e-02   1.19339e-01  -1.20812e-02   8.55806e-03   5.60686e-02   3.34588e-02   1.48537e-01   3.94624e-03   1.36884e-02  -6.27131e-02   4.79107e-02   3.83142e-02  -8.81695e-02  -5.20481e-02   1.95776e-02
T15   -7.38748e-01   3.54026e-02   5.78660e-02  -1.03522e-02   5.45357e-02  -5.78798e-02   3.79338e-02   1.15464e-01  -1.44696e-02  -1.09493e-02   3.02773e-04   1.63786e-02   9.24508e-02   2.22095e-03  -2.56943e-02   4.79107e-02  -4.16518e-02  -6.27340e-03  -2.32483e-02  -1.74648e-02   1.09725e-02
T16   -4.48020e-01   4.94163e-03   7.18007e-02   3.75174e-03   4.86535e-02  -2.07352e-02   3.37787e-02   1.09853e-01  -1.25118e-02   8.17253e-03  -3.39666e-02  -7.48935e-04   1.02286e-01  -1.19099e-02  -2.85076e-02   3.83142e-02  -6.27340e-03  -5.24790e-02  -1.92480e-02  -2.48124e-02  -4.27923e-02
T17    2.07504e+00  -3.42466e-02  -8.62121e-03   8.23049e-04   1.99385e-03  -1.12874e-01  -4.31689e-02   2.28040e-02  -1.03721e-02  -7.93315e-02  -5.48234e-02  -8.87667e-02   8.43698e-02  -9.51803e-02  -1.50962e-01  -8.81695e-02  -2.32483e-02  -1.92480e-02  -3.05196e-01  -1.22638e-01  -5.59893e-02
T18    9.19826e-01  -3.42380e-03   2.65474e-02  -3.33312e-02  -1.09763e-02  -7.24536e-02  -7.29962e-03  -5.02932e-04   6.52332e-03  -3.42866e-02  -8.69013e-02  -5.56640e-02  -2.84076e-03  -7.08245e-02  -1.28808e-01  -5.20481e-02  -1.74648e-02  -2.48124e-02  -1.22638e-01  -1.11836e-01  -5.46720e-02
T19    5.47839e-01  -7.38477e-02   3.28486e-02   6.65037e-02   7.16659e-02  -8.88386e-02   3.94659e-02   4.99805e-02   1.27524e-03   2.17973e-02  -1.58963e-01  -1.35464e-01   4.14257e-02  -8.01371e-02  -1.20285e-01   1.95776e-02   1.09725e-02  -4.27923e-02  -5.59893e-02  -5.46720e-02  -1.87625e-01
