T0   -4.49594e-01  -9.27436e-02   2.16997e-02   5.95371e-02   3.37202e-02  -6.36736e-03   2.38186e-02   5.65059e-02  -2.32890e-02   2.16953e-02  -3.01763e-02  -4.95500e-02   9.07714e-02  -2.95588e-02  -1.86501e-02   1.24402e-02   2.33253e-02   1.27173e-03  -1.61538e-02   9.60756e-03  -5.24819e-02
T1   -1.02138e+00   2.16997e-02   6.75512e-02   9.41612e-02  -6.75169e-02  -4.00733e-03   8.03439e-02  -5.97191e-02   2.20406e-02   4.39416e-02   4.77747e-02   5.09136e-03   2.59741e-01   1.08757e-02   2.76415e-03   1.69492e-02   5.57081e-02   6.79496e-02  -2.37410e-02   6.84567e-03   2.19907e-02
T2   -8.04954e-01   5.95371e-02   9.41612e-02  -8.31948e-02   3.12415e-02   8.33643e-03   4.12016e-02   1.00921e-01  -4.13198e-03   3.49109e-02   1.15104e-02   6.20302e-02   4.84715e-02   4.99674e-04   5.85171e-03   4.38644e-02  -9.89847e-03   2.55946e-03  -5.07102e-03  -3.26087e-02   5.14317e-02
T3   -1.37926e+00   3.37202e-02  -6.75169e-02   3.12415e-02   9.58604e-02   4.88197e-02   9.04004e-02   1.75871e-01   6.21396e-04  -1.69187e-02   4.50573e-02   5.96169e-02  -1.44375e-02   3.23750e-02   4.01475e-02   4.16992e-02   4.02488e-02   3.81802e-02  -9.04369e-03  -3.20132e-03   5.05680e-02
T4    2.33359e+00  -6.36736e-03  -4.00733e-03   8.33643e-03   4.88197e-02  -5.54773e-01  -2.57618e-03   6.00611e-02  -1.58383e-02  -6.33837e-02  -5.61651e-02  -5.36423e-02   2.68234e-02  -9.06119e-02  -8.35891e-02  -2.17058e-02  -4.28652e-02  -1.15687e-02  -7.91319e-02  -4.10671e-02  -6.02688e-02
T5   -8.60077e-01   2.38186e-02   8.03439e-02   4.12016e-02   9.04004e-02  -2.57618e-03  -1.69840e-02   1.30129e-01   4.60190e-02   4.57210e-02   2.41208e-02  -1.50802e-03   1.38304e-01  -6.48988e-03  -4.08125e-03   2.94230e-02   3.04174e-02   3.26672e-02  -4.65544e-02  -9.09917e-03   3.61786e-02
T6   -1.78892e+00   5.65059e-02  -5.97191e-02   1.00921e-01   1.75871e-01   6.00611e-02   1.30129e-01   1.42251e-01   6.61597e-02   1.77402e-02   1.94392e-02   2.46648e-02  -1.22479e-02   2.99819e-02   1.38283e-02   8.27679e-02   9.10144e-02   8.86434e-02   2.94186e-04  -4.15298e-03   3.89819e-02
T7   -7.17776e-01  -2.32890e-02   2.20406e-02  -4.13198e-03   6.21396e-04  -1.58383e-02   4.60190e-02   6.61597e-02  -7.75857e-02  -2.00545e-02   2.42754e-02   3.94877e-02   7.75293e-02  -1.10603e-02   1.72915e-02  -1.31618e-02  -1.15832e-02  -1.12659e-02  -2.74150e-03   1.05228e-02  -5.63115e-04
T8    3.57088e-01   2.16953e-02   4.39416e-02   3.49109e-02  -1.69187e-02  -6.33837e-02   4.57210e-02   1.77402e-02  -2.00545e-02  -1.60192e-01   2.27055e-02   1.26954e-02   1.46954e-01  -3.49720e-02  -3.19482e-02   3.72719e-03  -8.87569e-05   1.43816e-02  -7.19084e-02  -3.40820e-02   2.15745e-02
T9    9.63237e-01  -3.01763e-02   4.77747e-02   1.15104e-02   4.50573e-02  -5.61651e-02   2.41208e-02   1.94392e-02   2.42754e-02   2.27055e-02  -1.87820e-01  -1.13099e-01  -1.49048e-02  -7.16421e-02  -1.11088e-01   4.57542e-02  -2.82516e-03  -2.51088e-02  -2.45772e-02  -5.71502e-02  -1.13381e-01
T10    2.18155e-01  -4.95500e-02   5.09136e-03   6.20302e-02   5.96169e-02  -5.36423e-02  -1.50802e-03   2.46648e-02   3.94877e-02   1.26954e-02  -1.13099e-01  -1.49354e-01   3.95153e-02  -5.18303e-02  -1.00322e-01   2.72708e-02   1.02827e-02  -1.65926e-03  -5.68812e-02  -2.98735e-02  -9.61876e-02
T11   -1.70714e+00   9.07714e-02   2.59741e-01   4.84715e-02  -1.44375e-02   2.68234e-02   1.38304e-01  -1.22479e-02   7.75293e-02   1.46954e-01  -1.49048e-02   3.95153e-02   8.37217e-02   2.90580e-02   2.46294e-03   1.13089e-01   7.82686e-02   9.03693e-02   4.77764e-02  -1.84649e-02   2.95805e-02
T12    1.80621e+00  -2.95588e-02   1.08757e-02   4.99674e-04   3.23750e-02  -9.06119e-02  -6.48988e-03   2.99819e-02  -1.10603e-02  -3.49720e-02  -7.16421e-02  -5.18303e-02   2.90580e-02  -3.15586e-01  -8.63413e-02   3.86851e-03   1.36057e-03  -9.58506e-03  -5.24723e-02  -4.63385e-02  -4.87307e-02
T13    1.35244e+00  -1.86501e-02   2.76415e-03   5.85171e-03   4.01475e-02  -8.35891e-02  -4.08125e-03   1.38283e-02   1.72915e-02  -3.19482e-02  -1.11088e-01  -1.00322e-01   2.46294e-03  -8.63413e-02  -1.65340e-01   1.50489e-02  -1.91632e-02  -2.05145e-02  -1.12601e-01  -9.81499e-02  -8.24698e-02
T14   -6.99692e-01   1.24402e-02   1.69492e-02   4.38644e-02   4.16992e-02  -2.17058e-02   2.94230e-02   8.27679e-02  -1.31618e-02   3.72719e-03   4.57542e-02   2.72708e-02   1.13089e-01   3.86851e-03   1.50489e-02  -5.83051e-02   3.43209e-02   2.99217e-02  -6.65089e-02  -3.32496e-02   1.91606e-02
T15   -7.22391e-01   2.33253e-02   5.57081e-02  -9.89847e-03   4.02488e-02  -4.28652e-02   3.04174e-02   9.10144e-02  -1.15832e-02  -8.87569e-05  -2.82516e-03   1.02827e-02   7.82686e-02   1.36057e-03  -1.91632e-02   3.43209e-02  -4.10741e-02  -9.49287e-03  -1.66717e-02  -1.21254e-02   7.78691e-03
T16   -4.56485e-01   1.27173e-03   6.79496e-02   2.55946e-03   3.81802e-02  -1.15687e-02   3.26672e-02   8.86434e-02  -1.12659e-02   1.43816e-02  -2.51088e-02  -1.65926e-03   9.03693e-02  -9.58506e-03  -2.05145e-02   2.99217e-02  -9.49287e-03  -4.45836e-02  -1.25671e-02  -1.75339e-02  -3.51344e-02
T17    2.15175e+00  -1.61538e-02  -2.37410e-02  -5.07102e-03  -9.04369e-03  -7.91319e-02  -4.65544e-02   2.94186e-04  -2.74150e-03  -7.19084e-02  -2.45772e-02  -5.68812e-02   4.77764e-02  -5.24723e-02  -1.12601e-01  -6.65089e-02  -1.66717e-02  -1.25671e-02  -2.60415e-01  -9.55312e-02  -3.63510e-02
T18    9.19801e-01   9.60756e-03   6.84567e-03  -3.26087e-02  -3.20132e-03  -4.10671e-02  -9.09917e-03  -4.15298e-03   1.05228e-02  -3.40820e-02  -5.71502e-02  -2.98735e-02  -1.84649e-02  -4.63385e-02  -9.81499e-02  -3.32496e-02  -1.21254e-02  -1.75339e-02  -9.55312e-02  -1.00811e-01  -3.04080e-02
T19    5.05393e-01  -5.24819e-02   2.19907e-02   5.14317e-02   5.05680e-02  -6.02688e-02   3.61786e-02   3.89819e-02  -5.63115e-04   2.15745e-02  -1.13381e-01  -9.61876e-02   2.95805e-02  -4.87307e-02  -8.24698e-02   1.91606e-02   7.78691e-03  -3.51344e-02  -3.63510e-02  -3.04080e-02  -1.38606e-01
