T0   -4.63235e-01  -4.54806e-02   3.57525e-03   1.91207e-02   3.85124e-03   1.22968e-02   3.28787e-03   1.25179e-02  -1.26901e-02   6.01431e-03   3.96942e-03  -9.56724e-03   2.98657e-02  -1.31480e-03   7.51477e-03   3.71777e-03   9.04807e-03  -7.93728e-04   3.79627e-03   1.33300e-02  -1.13940e-02
T1   -8.48629e-01   3.57525e-03   1.43005e-02   4.85130e-02  -1.71063e-02  -1.03498e-02   3.76015e-02  -1.63303e-02   1.23082e-02   2.02977e-02   7.64264e-03  -1.45376e-02   1.15871e-01  -1.37034e-02  -7.52701e-03   7.48639e-03   2.45256e-02   2.70691e-02  -1.56784e-02   4.33286e-03  -5.15508e-03
T2   -5.65932e-01   1.91207e-02   4.85130e-02  -5.07307e-02   1.30588e-02   9.24128e-03   9.36180e-03   4.27443e-02   3.86463e-04   2.21753e-02  -9.85822e-03   1.91566e-02   1.69733e-02  -6.98572e-03  -3.68297e-03   2.69203e-02  -6.65246e-03  -2.73294e-03  -6.80041e-03  -2.31003e-02   1.36311e-02
T3   -1.12639e+00   3.85124e-03  -1.71063e-02   1.30588e-02   2.51432e-02   2.18780e-02   3.36795e-02   6.51993e-02   4.16862e-03   3.40515e-03   2.46880e-03   1.27207e-02   1.15731e-03   2.37505e-03   3.92960e-03   2.25731e-02   2.30775e-02   1.30490e-02  -1.65949e-02  -1.21535e-02   6.25155e-03
T4    2.01868e+00   1.22968e-02  -1.03498e-02   9.24128e-03   2.18780e-02  -2.94392e-01  -3.64893e-03   2.33154e-02   1.08356e-03  -4.43549e-02  -8.11796e-03  -8.07705e-03   3.91524e-03  -2.62666e-02  -1.80956e-02  -6.73067e-03  -2.06852e-02   2.79946e-03  -2.00029e-02  -3.38344e-03  -8.78451e-03
T5   -6.56384e-01   3.28787e-03   3.76015e-02   9.36180e-03   3.36795e-02  -3.64893e-03  -4.06781e-02   5.47827e-02   2.32296e-02   1.69927e-02   8.33254e-04  -1.24438e-02   6.23701e-02  -6.85105e-03  -4.39524e-03   1.95152e-02   1.02483e-02   1.09533e-02  -2.44848e-02  -5.85585e-03   7.92120e-03
T6   -1.54848e+00   1.25179e-02  -1.63303e-02   4.27443e-02   6.51993e-02   2.33154e-02   5.47827e-02   4.08725e-02   2.53058e-02   1.02736e-02  -1.13956e-02  -4.26612e-03  -5.36864e-04  -1.49860e-03  -5.85461e-03   3.66947e-02   4.16302e-02   3.40953e-02  -4.32156e-03  -7.45793e-03   1.73965e-03
T7   -5.67283e-01  -1.26901e-02   1.23082e-02   3.86463e-04   4.16862e-03   1.08356e-03   2.32296e-02   2.53058e-02  -3.76438e-02   1.90975e-05   2.90240e-03   1.51884e-02   3.74951e-02  -6.33334e-03   5.05829e-03  -5.10046e-03   1.62573e-03  -4.68285e-03  -7.48508e-03   1.43574e-03  -8.66340e-03
T8    5.56461e-01   6.01431e-03   2.02977e-02   2.21753e-02   3.40515e-03  -4.43549e-02   1.69927e-02   1.02736e-02   1.90975e-05  -7.49163e-02  -2.94409e-03  -7.81846e-03   6.54044e-02  -2.40883e-02  -2.07145e-02  -2.91728e-03   1.08834e-02   7.41697e-03  -3.35287e-02  -1.64122e-02   5.26373e-04
T9    6.62457e-01   3.96942e-03   7.64264e-03  -9.85822e-03   2.46880e-03  -8.11796e-03   8.33254e-04  -1.13956e-02   2.90240e-03  -2.94409e-03  -6.26225e-02  -1.90889e-02  -2.74015e-02  -7.72248e-03  -1.85168e-02   1.33025e-02  -7.05921e-03  -6.46962e-03   2.18149e-02  -3.89788e-03  -2.06936e-02
T10   -7.01662e-02  -9.56724e-03  -1.45376e-02   1.91566e-02   1.27207e-02  -8.07705e-03  -1.24438e-02  -4.26612e-03   1.51884e-02  -7.81846e-03  -1.90889e-02  -4.60237e-02   3.43650e-03   2.90875e-04  -1.82799e-02   3.71873e-03  -3.60296e-03   3.93696e-03   1.18632e-03   4.91481e-03  -1.66137e-02
T11   -1.50299e+00   2.98657e-02   1.15871e-01   1.69733e-02   1.15731e-03   3.91524e-03   6.23701e-02  -5.36864e-04   3.74951e-02   6.54044e-02  -2.74015e-02   3.43650e-03   5.35649e-03  -1.34031e-02  -1.26002e-02   5.16700e-02   3.32058e-02   3.29214e-02   1.52948e-02  -1.18502e-02  -3.56241e-03
T12    1.69873e+00  -1.31480e-03  -1.37034e-02  -6.98572e-03   2.37505e-03  -2.62666e-02  -6.85105e-03  -1.49860e-03  -6.33334e-03  -2.40883e-02  -7.72248e-03   2.90875e-04  -1.34031e-02  -1.87267e-01  -8.32273e-03  -7.57542e-03  -3.90018e-04   5.46103e-04   1.96976e-03   4.85615e-03   2.89680e-03
T13    1.03353e+00   7.51477e-03  -7.52701e-03  -3.68297e-03   3.92960e-03  -1.80956e-02  -4.39524e-03  -5.85461e-03   5.05829e-03  -2.07145e-02  -1.85168e-02  -1.82799e-02  -1.26002e-02  -8.32273e-03  -5.46494e-02  -5.97120e-03  -1.54379e-02  -4.93347e-03  -2.25336e-02  -2.55488e-02  -1.16682e-02
T14   -5.98316e-01   3.71777e-03   7.48639e-03   2.69203e-02   2.25731e-02  -6.73067e-03   1.95152e-02   3.66947e-02  -5.10046e-03  -2.91728e-03   1.33025e-02   3.71873e-03   5.16700e-02  -7.57542e-03  -5.97120e-03  -3.23558e-02   2.35668e-02   9.13632e-03  -3.58251e-02  -1.40911e-02   5.63082e-04
T15   -5.46988e-01   9.04807e-03   2.45256e-02  -6.65246e-03   2.30775e-02  -2.06852e-02   1.02483e-02   4.16302e-02   1.62573e-03   1.08834e-02  -7.05921e-03  -3.60296e-03   3.32058e-02  -3.90018e-04  -1.54379e-02   2.35668e-02  -3.06273e-02  -7.19444e-03  -1.07204e-02  -9.76584e-03  -3.49171e-03
T16   -3.29937e-01  -7.93728e-04   2.70691e-02  -2.73294e-03   1.30490e-02   2.79946e-03   1.09533e-02   3.40953e-02  -4.68285e-03   7.41697e-03  -6.46962e-03   3.93696e-03   3.29214e-02   5.46103e-04  -4.93347e-03   9.13632e-03  -7.19444e-03  -3.57072e-02  -4.61151e-03  -7.25527e-03  -1.25405e-02
T17    1.83911e+00   3.79627e-03  -1.56784e-02  -6.80041e-03  -1.65949e-02  -2.00029e-02  -2.44848e-02  -4.32156e-03  -7.48508e-03  -3.35287e-02   2.18149e-02   1.18632e-03   1.52948e-02   1.96976e-03  -2.25336e-02  -3.58251e-02  -1.07204e-02  -4.61151e-03  -1.29163e-01  -2.91062e-02   1.35251e-02
T18    7.42360e-01   1.33300e-02   4.33286e-03  -2.31003e-02  -1.21535e-02  -3.38344e-03  -5.85585e-03  -7.45793e-03   1.43574e-03  -1.64122e-02  -3.89788e-03   4.91481e-03  -1.18502e-02   4.85615e-03  -2.55488e-02  -1.40911e-02  -9.76584e-03  -7.25527e-03  -2.91062e-02  -4.67220e-02   8.71898e-03
T19    2.73397e-01  -1.13940e-02  -5.15508e-03   1.36311e-02   6.25155e-03  -8.78451e-03   7.92120e-03   1.73965e-03  -8.66340e-03   5.26373e-04  -2.06936e-02  -1.66137e-02  -3.56241e-03   2.89680e-03  -1.16682e-02   5.63082e-04  -3.49171e-03  -1.25405e-02   1.35251e-02   8.71898e-03  -4.39146e-02
