T0   -4.53736e-01  -9.42713e-02   2.21352e-02   6.12122e-02   3.56364e-02  -6.49535e-03   2.48878e-02   5.79783e-02  -2.32081e-02   2.22946e-02  -3.11600e-02  -5.06602e-02   9.29808e-02  -3.06852e-02  -1.99982e-02   1.29318e-02   2.36329e-02   1.38786e-03  -1.74405e-02   9.78238e-03  -5.35713e-02
T1   -1.02026e+00   2.21352e-02   7.06627e-02   9.46876e-02  -6.99417e-02  -3.27502e-03   8.11617e-02  -6.24339e-02   2.16392e-02   4.45669e-02   4.84256e-02   5.99053e-03   2.64197e-01   1.17018e-02   3.61926e-03   1.70276e-02   5.67005e-02   6.92334e-02  -2.25911e-02   7.73508e-03   2.32960e-02
T2   -8.05661e-01   6.12122e-02   9.46876e-02  -8.42234e-02   3.21328e-02   9.28830e-03   4.16327e-02   1.02707e-01  -4.64561e-03   3.59567e-02   1.28876e-02   6.31897e-02   4.88168e-02   4.14313e-04   7.00844e-03   4.40124e-02  -9.69135e-03   2.49929e-03  -4.41905e-03  -3.39604e-02   5.26518e-02
T3   -1.38185e+00   3.56364e-02  -6.99417e-02   3.21328e-02   9.88461e-02   4.86665e-02   9.13756e-02   1.79388e-01   1.16796e-03  -1.76029e-02   4.68081e-02   6.14076e-02  -1.59190e-02   3.42321e-02   4.08076e-02   4.24027e-02   4.08029e-02   3.94268e-02  -7.34130e-03  -3.23261e-03   5.14612e-02
T4    2.33766e+00  -6.49535e-03  -3.27502e-03   9.28830e-03   4.86665e-02  -5.62098e-01  -2.27028e-03   6.21211e-02  -1.53310e-02  -6.45746e-02  -5.81587e-02  -5.55254e-02   2.66552e-02  -9.33598e-02  -8.54282e-02  -2.23158e-02  -4.48429e-02  -1.15351e-02  -8.14063e-02  -4.27175e-02  -6.23036e-02
T5   -8.61058e-01   2.48878e-02   8.11617e-02   4.16327e-02   9.13756e-02  -2.27028e-03  -1.74474e-02   1.33854e-01   4.76107e-02   4.67670e-02   2.46303e-02  -2.57516e-04   1.39481e-01  -6.44771e-03  -4.35225e-03   3.10818e-02   3.07789e-02   3.30327e-02  -4.77241e-02  -9.98894e-03   3.68410e-02
T6   -1.78969e+00   5.79783e-02  -6.24339e-02   1.02707e-01   1.79388e-01   6.21211e-02   1.33854e-01   1.45849e-01   6.78470e-02   1.74397e-02   2.07677e-02   2.60679e-02  -1.29389e-02   3.13452e-02   1.45720e-02   8.44490e-02   9.32068e-02   9.00616e-02   6.37261e-05  -5.64072e-03   4.03655e-02
T7   -7.22636e-01  -2.32081e-02   2.16392e-02  -4.64561e-03   1.16796e-03  -1.53310e-02   4.76107e-02   6.78470e-02  -7.86332e-02  -2.03951e-02   2.48632e-02   4.02295e-02   7.82248e-02  -1.04609e-02   1.71264e-02  -1.30991e-02  -1.17121e-02  -1.11719e-02  -2.84169e-03   1.09246e-02  -3.37223e-04
T8    3.56328e-01   2.22946e-02   4.45669e-02   3.59567e-02  -1.76029e-02  -6.45746e-02   4.67670e-02   1.74397e-02  -2.03951e-02  -1.64543e-01   2.35657e-02   1.31770e-02   1.47596e-01  -3.38345e-02  -3.18836e-02   4.05656e-03  -2.40899e-04   1.48550e-02  -7.26389e-02  -3.45715e-02   2.19510e-02
T9    9.63445e-01  -3.11600e-02   4.84256e-02   1.28876e-02   4.68081e-02  -5.81587e-02   2.46303e-02   2.07677e-02   2.48632e-02   2.35657e-02  -1.90921e-01  -1.16039e-01  -1.39204e-02  -7.35596e-02  -1.13927e-01   4.59422e-02  -3.06621e-03  -2.59517e-02  -2.59097e-02  -5.88560e-02  -1.15952e-01
T10    2.18718e-01  -5.06602e-02   5.99053e-03   6.31897e-02   6.14076e-02  -5.55254e-02  -2.57516e-04   2.60679e-02   4.02295e-02   1.31770e-02  -1.16039e-01  -1.52579e-01   4.13617e-02  -5.37783e-02  -1.02985e-01   2.80975e-02   1.07614e-02  -1.90530e-03  -5.87847e-02  -3.14545e-02  -9.86446e-02
T11   -1.70579e+00   9.29808e-02   2.64197e-01   4.88168e-02  -1.59190e-02   2.66552e-02   1.39481e-01  -1.29389e-02   7.82248e-02   1.47596e-01  -1.39204e-02   4.13617e-02   8.61444e-02   3.00594e-02   3.33304e-03   1.16231e-01   8.01531e-02   9.20632e-02   4.72579e-02  -1.85212e-02   3.06176e-02
T12    1.80600e+00  -3.06852e-02   1.17018e-02   4.14313e-04   3.42321e-02  -9.33598e-02  -6.44771e-03   3.13452e-02  -1.04609e-02  -3.38345e-02  -7.35596e-02  -5.37783e-02   3.00594e-02  -3.19925e-01  -8.93733e-02   5.09524e-03   1.74808e-03  -9.21971e-03  -5.53387e-02  -4.88675e-02  -5.08954e-02
T13    1.35614e+00  -1.99982e-02   3.61926e-03   7.00844e-03   4.08076e-02  -8.54282e-02  -4.35225e-03   1.45720e-02   1.71264e-02  -3.18836e-02  -1.13927e-01  -1.02985e-01   3.33304e-03  -8.93733e-02  -1.69024e-01   1.50468e-02  -1.93031e-02  -2.06091e-02  -1.14337e-01  -1.00112e-01  -8.48100e-02
T14   -7.01260e-01   1.29318e-02   1.70276e-02   4.40124e-02   4.24027e-02  -2.23158e-02   3.10818e-02   8.44490e-02  -1.30991e-02   4.05656e-03   4.59422e-02   2.80975e-02   1.16231e-01   5.09524e-03   1.50468e-02  -5.88726e-02   3.51416e-02   3.05054e-02  -6.83740e-02  -3.45155e-02   1.96751e-02
T15   -7.26300e-01   2.36329e-02   5.67005e-02  -9.69135e-03   4.08029e-02  -4.48429e-02   3.07789e-02   9.32068e-02  -1.17121e-02  -2.40899e-04  -3.06621e-03   1.07614e-02   8.01531e-02   1.74808e-03  -1.93031e-02   3.51416e-02  -4.16879e-02  -9.42446e-03  -1.76858e-02  -1.17362e-02   8.59667e-03
T16   -4.57934e-01   1.38786e-03   6.92334e-02   2.49929e-03   3.94268e-02  -1.15351e-02   3.30327e-02   9.00616e-02  -1.11719e-02   1.48550e-02  -2.59517e-02  -1.90530e-03   9.20632e-02  -9.21971e-03  -2.06091e-02   3.05054e-02  -9.42446e-03  -4.52369e-02  -1.35552e-02  -1.81862e-02  -3.56483e-02
T17    2.15566e+00  -1.74405e-02  -2.25911e-02  -4.41905e-03  -7.34130e-03  -8.14063e-02  -4.77241e-02   6.37261e-05  -2.84169e-03  -7.26389e-02  -2.59097e-02  -5.87847e-02   4.72579e-02  -5.53387e-02  -1.14337e-01  -6.83740e-02  -1.76858e-02  -1.35552e-02  -2.62563e-01  -9.71209e-02  -3.83578e-02
T18    9.25415e-01   9.78238e-03   7.73508e-03  -3.39604e-02  -3.23261e-03  -4.27175e-02  -9.98894e-03  -5.64072e-03   1.09246e-02  -3.45715e-02  -5.88560e-02  -3.14545e-02  -1.85212e-02  -4.88675e-02  -1.00112e-01  -3.45155e-02  -1.17362e-02  -1.81862e-02  -9.71209e-02  -1.01182e-01  -3.24044e-02
T19    5.06810e-01  -5.35713e-02   2.32960e-02   5.26518e-02   5.14612e-02  -6.23036e-02   3.68410e-02   4.03655e-02  -3.37223e-04   2.19510e-02  -1.15952e-01  -9.86446e-02   3.06176e-02  -5.08954e-02  -8.48100e-02   1.96751e-02   8.59667e-03  -3.56483e-02  -3.83578e-02  -3.24044e-02  -1.41441e-01
