T0   -3.91826e-01  -7.75632e-02   1.34933e-02   4.19367e-02   1.57305e-02  -6.82829e-04   1.30947e-02   3.34839e-02  -2.08634e-02   1.76178e-02  -1.62646e-02  -3.47110e-02   6.51225e-02  -2.09707e-02  -5.93577e-03   8.99083e-03   1.54562e-02  -2.22748e-03  -5.52511e-03   1.36961e-02  -3.87663e-02
T1   -1.03429e+00   1.34933e-02   4.79881e-02   8.46835e-02  -4.15185e-02  -1.84503e-03   7.32408e-02  -3.43448e-02   1.89186e-02   4.07248e-02   3.02135e-02  -8.31656e-03   2.14009e-01  -2.93853e-03  -5.66466e-03   6.99396e-03   4.77648e-02   5.83680e-02  -2.37771e-02   5.73850e-03   1.08739e-02
T2   -7.59832e-01   4.19367e-02   8.46835e-02  -7.51650e-02   2.27461e-02   1.14029e-02   2.99813e-02   8.35212e-02  -5.89286e-03   3.54538e-02   2.41388e-05   4.43353e-02   4.12477e-02  -9.83534e-04   1.97270e-03   3.52658e-02  -1.33194e-02  -1.48346e-04  -2.95942e-04  -2.78073e-02   3.65341e-02
T3   -1.32176e+00   1.57305e-02  -4.15185e-02   2.27461e-02   6.29001e-02   4.35505e-02   6.95460e-02   1.32558e-01   1.67859e-03  -7.84648e-03   2.57948e-02   3.90156e-02  -3.37574e-03   1.69433e-02   2.61009e-02   3.38566e-02   3.18363e-02   2.53461e-02  -8.35905e-03  -3.63114e-05   3.18999e-02
T4    2.27877e+00  -6.82829e-04  -1.84503e-03   1.14029e-02   4.35505e-02  -4.65585e-01  -4.76782e-03   4.81193e-02  -7.84025e-03  -5.94258e-02  -4.00535e-02  -3.70521e-02   1.80984e-02  -6.94405e-02  -5.90494e-02  -1.34695e-02  -3.50339e-02  -5.66313e-03  -5.89319e-02  -2.65864e-02  -4.20192e-02
T5   -8.38363e-01   1.30947e-02   7.32408e-02   2.99813e-02   6.95460e-02  -4.76782e-03  -2.55344e-02   1.05769e-01   3.60959e-02   3.90707e-02   1.22155e-02  -8.73586e-03   1.20155e-01  -9.38820e-03  -5.46371e-03   2.24614e-02   2.05973e-02   2.60383e-02  -3.36825e-02  -6.49313e-03   2.30655e-02
T6   -1.76296e+00   3.34839e-02  -3.43448e-02   8.35212e-02   1.32558e-01   4.81193e-02   1.05769e-01   1.04701e-01   4.80542e-02   1.79836e-02   2.10707e-03   8.00644e-03   1.80022e-04   1.57184e-02   7.87579e-03   6.45751e-02   7.23904e-02   6.86970e-02   1.57770e-03   1.95588e-03   2.08573e-02
T7   -6.50661e-01  -2.08634e-02   1.89186e-02  -5.89286e-03   1.67859e-03  -7.84025e-03   3.60959e-02   4.80542e-02  -6.43577e-02  -1.77037e-02   1.55216e-02   2.83144e-02   6.30007e-02  -1.14298e-02   1.45201e-02  -1.09527e-02  -8.42584e-03  -1.04513e-02  -9.05693e-04   8.77286e-03  -4.61254e-03
T8    3.71644e-01   1.76178e-02   4.07248e-02   3.54538e-02  -7.84648e-03  -5.94258e-02   3.90707e-02   1.79836e-02  -1.77037e-02  -1.27388e-01   1.25830e-02   4.52161e-03   1.26726e-01  -3.13094e-02  -3.18301e-02  -5.85096e-04   4.21643e-03   1.58140e-02  -5.87244e-02  -3.24341e-02   1.23903e-02
T9    9.40109e-01  -1.62646e-02   3.02135e-02   2.41388e-05   2.57948e-02  -4.00535e-02   1.22155e-02   2.10707e-03   1.55216e-02   1.25830e-02  -1.42592e-01  -7.56017e-02  -2.60289e-02  -4.58246e-02  -7.59522e-02   3.80105e-02  -6.49558e-03  -1.85013e-02  -3.87670e-03  -3.75632e-02  -7.98065e-02
T10    1.85771e-01  -3.47110e-02  -8.31656e-03   4.43353e-02   3.90156e-02  -3.70521e-02  -8.73586e-03   8.00644e-03   2.83144e-02   4.52161e-03  -7.56017e-02  -1.08256e-01   2.08715e-02  -2.77499e-02  -6.67896e-02   1.93933e-02   1.99386e-03  -1.98259e-03  -3.32333e-02  -1.40058e-02  -6.58584e-02
T11   -1.71681e+00   6.51225e-02   2.14009e-01   4.12477e-02  -3.37574e-03   1.80984e-02   1.20155e-01   1.80022e-04   6.30007e-02   1.26726e-01  -2.60289e-02   2.08715e-02   5.72138e-02   1.42493e-02  -7.19057e-03   8.65687e-02   6.26692e-02   7.18595e-02   3.73739e-02  -1.33148e-02   1.47603e-02
T12    1.80938e+00  -2.09707e-02  -2.93853e-03  -9.83534e-04   1.69433e-02  -6.94405e-02  -9.38820e-03   1.57184e-02  -1.14298e-02  -3.13094e-02  -4.58246e-02  -2.77499e-02   1.42493e-02  -2.72222e-01  -5.65201e-02  -9.10021e-04  -1.57339e-03  -7.37315e-03  -2.96372e-02  -2.84913e-02  -2.74906e-02
T13    1.27228e+00  -5.93577e-03  -5.66466e-03   1.97270e-03   2.61009e-02  -5.90494e-02  -5.46371e-03   7.87579e-03   1.45201e-02  -3.18301e-02  -7.59522e-02  -6.67896e-02  -7.19057e-03  -5.65201e-02  -1.22039e-01   9.15784e-03  -1.53838e-02  -1.43402e-02  -8.06032e-02  -7.32487e-02  -5.57730e-02
T14   -6.84080e-01   8.99083e-03   6.99396e-03   3.52658e-02   3.38566e-02  -1.34695e-02   2.24614e-02   6.45751e-02  -1.09527e-02  -5.85096e-04   3.80105e-02   1.93933e-02   8.65687e-02  -9.10021e-04   9.15784e-03  -5.36997e-02   3.23517e-02   2.27143e-02  -5.30763e-02  -2.45398e-02   1.38380e-02
T15   -6.56127e-01   1.54562e-02   4.77648e-02  -1.33194e-02   3.18363e-02  -3.50339e-02   2.05973e-02   7.23904e-02  -8.42584e-03   4.21643e-03  -6.49558e-03   1.99386e-03   6.26692e-02  -1.57339e-03  -1.53838e-02   3.23517e-02  -4.03849e-02  -1.19482e-02  -1.27483e-02  -8.70846e-03   3.75423e-03
T16   -4.06967e-01  -2.22748e-03   5.83680e-02  -1.48346e-04   2.53461e-02  -5.66313e-03   2.60383e-02   6.86970e-02  -1.04513e-02   1.58140e-02  -1.85013e-02  -1.98259e-03   7.18595e-02  -7.37315e-03  -1.43402e-02   2.27143e-02  -1.19482e-02  -4.61008e-02  -8.48751e-03  -1.21401e-02  -2.76990e-02
T17    2.03859e+00  -5.52511e-03  -2.37771e-02  -2.95942e-04  -8.35905e-03  -5.89319e-02  -3.36825e-02   1.57770e-03  -9.05693e-04  -5.87244e-02  -3.87670e-03  -3.32333e-02   3.73739e-02  -2.96372e-02  -8.06032e-02  -5.30763e-02  -1.27483e-02  -8.48751e-03  -2.19800e-01  -7.32521e-02  -1.74690e-02
T18    8.31704e-01   1.36961e-02   5.73850e-03  -2.78073e-02  -3.63114e-05  -2.65864e-02  -6.49313e-03   1.95588e-03   8.77286e-03  -3.24341e-02  -3.75632e-02  -1.40058e-02  -1.33148e-02  -2.84913e-02  -7.32487e-02  -2.45398e-02  -8.70846e-03  -1.21401e-02  -7.32521e-02  -8.58864e-02  -1.29129e-02
T19    4.95429e-01  -3.87663e-02   1.08739e-02   3.65341e-02   3.18999e-02  -4.20192e-02   2.30655e-02   2.08573e-02  -4.61254e-03   1.23903e-02  -7.98065e-02  -6.58584e-02   1.47603e-02  -2.74906e-02  -5.57730e-02   1.38380e-02   3.75423e-03  -2.76990e-02  -1.74690e-02  -1.29129e-02  -1.05018e-01
