T0   -4.63574e-01  -1.18640e-01   3.48056e-02   8.35618e-02   7.33620e-02  -3.03606e-02   4.41027e-02   9.75212e-02  -2.50083e-02   2.74467e-02  -6.29265e-02  -8.43360e-02   1.26681e-01  -5.44534e-02  -4.79187e-02   2.47228e-02   3.56456e-02   2.49891e-03  -4.12688e-02  -1.16146e-02  -8.80611e-02
T1   -1.02824e+00   3.48056e-02   1.36576e-01   1.17529e-01  -1.31498e-01   3.04826e-03   1.08441e-01  -1.11595e-01   1.99366e-02   6.92368e-02   8.89620e-02   4.72593e-02   3.72784e-01   4.22962e-02   4.69590e-02   2.30410e-02   5.83528e-02   7.27657e-02  -8.38222e-03   2.95995e-02   4.55347e-02
T2   -7.73399e-01   8.35618e-02   1.17529e-01  -1.05366e-01   4.18978e-02   4.93607e-03   5.39633e-02   1.38020e-01  -1.18387e-02   3.78682e-02   3.15056e-02   9.86198e-02   6.21256e-02   1.62395e-02   1.96361e-02   5.99498e-02  -1.19348e-02   1.07888e-03   1.15423e-02  -2.76325e-02   7.23609e-02
T3   -1.35418e+00   7.33620e-02  -1.31498e-01   4.18978e-02   1.66107e-01   5.52187e-02   1.20088e-01   2.55414e-01   1.06072e-02  -4.79155e-02   8.42445e-02   1.03861e-01  -5.15795e-02   6.31918e-02   7.06702e-02   7.27386e-02   5.78178e-02   5.14546e-02   1.24185e-02  -3.79652e-03   7.82576e-02
T4    2.48146e+00  -3.03606e-02   3.04826e-03   4.93607e-03   5.52187e-02  -7.30631e-01  -9.84717e-03   7.08513e-02  -3.56617e-02  -8.93002e-02  -1.04108e-01  -9.90586e-02   3.56955e-02  -1.49114e-01  -1.40392e-01  -4.61210e-02  -6.78164e-02  -2.88512e-02  -1.25435e-01  -7.95905e-02  -1.06071e-01
T5   -8.34904e-01   4.41027e-02   1.08441e-01   5.39633e-02   1.20088e-01  -9.84717e-03   1.07139e-02   1.77520e-01   5.54254e-02   6.36048e-02   4.25298e-02   2.19206e-02   1.82245e-01   6.64513e-03   2.20144e-02   5.04033e-02   3.77088e-02   3.04054e-02  -3.47661e-02   4.32844e-03   4.33333e-02
T6   -1.74683e+00   9.75212e-02  -1.11595e-01   1.38020e-01   2.55414e-01   7.08513e-02   1.77520e-01   2.18829e-01   1.04584e-01   9.18766e-03   4.84932e-02   6.76137e-02  -3.92950e-02   7.00843e-02   5.74981e-02   1.30593e-01   1.22898e-01   1.13323e-01   3.82916e-02   9.64126e-03   5.65695e-02
T7   -7.27864e-01  -2.50083e-02   1.99366e-02  -1.18387e-02   1.06072e-02  -3.56617e-02   5.54254e-02   1.04584e-01  -9.42105e-02  -2.66623e-02   3.09048e-02   5.19338e-02   9.37550e-02  -1.43997e-02   1.29440e-02  -1.09383e-02  -1.34514e-02  -1.31252e-02  -1.65119e-02   4.10785e-04  -1.98362e-03
T8    3.46226e-01   2.74467e-02   6.92368e-02   3.78682e-02  -4.79155e-02  -8.93002e-02   6.36048e-02   9.18766e-03  -2.66623e-02  -2.14465e-01   4.20906e-02   3.09687e-02   2.00602e-01  -3.56935e-02  -1.96722e-02   1.11499e-02  -1.34477e-02   5.43176e-03  -8.23988e-02  -3.54388e-02   2.42674e-02
T9    9.46245e-01  -6.29265e-02   8.89620e-02   3.15056e-02   8.42445e-02  -1.04108e-01   4.25298e-02   4.84932e-02   3.09048e-02   4.20906e-02  -2.76339e-01  -1.86014e-01   1.45319e-02  -1.24041e-01  -1.82529e-01   5.82935e-02   9.74240e-04  -4.00414e-02  -6.68405e-02  -9.97417e-02  -1.81792e-01
T10    1.57480e-01  -8.43360e-02   4.72593e-02   9.86198e-02   1.03861e-01  -9.90586e-02   2.19206e-02   6.76137e-02   5.19338e-02   3.09687e-02  -1.86014e-01  -2.26029e-01   9.23081e-02  -9.80522e-02  -1.63488e-01   3.63146e-02   1.87143e-02  -2.04171e-04  -1.01536e-01  -6.32638e-02  -1.55682e-01
T11   -1.64971e+00   1.26681e-01   3.72784e-01   6.21256e-02  -5.15795e-02   3.56955e-02   1.82245e-01  -3.92950e-02   9.37550e-02   2.00602e-01   1.45319e-02   9.23081e-02   1.66366e-01   7.75019e-02   4.92940e-02   1.60220e-01   9.42702e-02   1.04893e-01   1.06003e-01   7.28920e-03   4.96401e-02
T12    1.74910e+00  -5.44534e-02   4.22962e-02   1.62395e-02   6.31918e-02  -1.49114e-01   6.64513e-03   7.00843e-02  -1.43997e-02  -3.56935e-02  -1.24041e-01  -9.80522e-02   7.75019e-02  -3.91865e-01  -1.56408e-01   1.79970e-03   2.31329e-03  -1.75553e-02  -1.08084e-01  -7.86072e-02  -9.76170e-02
T13    1.25032e+00  -4.79187e-02   4.69590e-02   1.96361e-02   7.06702e-02  -1.40392e-01   2.20144e-02   5.74981e-02   1.29440e-02  -1.96722e-02  -1.82529e-01  -1.63488e-01   4.92940e-02  -1.56408e-01  -2.49476e-01   1.17318e-02  -2.61794e-02  -2.61390e-02  -1.73108e-01  -1.46226e-01  -1.36927e-01
T14   -6.75249e-01   2.47228e-02   2.30410e-02   5.99498e-02   7.27386e-02  -4.61210e-02   5.04033e-02   1.30593e-01  -1.09383e-02   1.11499e-02   5.82935e-02   3.63146e-02   1.60220e-01   1.79970e-03   1.17318e-02  -6.58316e-02   4.97906e-02   4.34351e-02  -9.43090e-02  -6.18015e-02   2.00771e-02
T15   -7.05571e-01   3.56456e-02   5.83528e-02  -1.19348e-02   5.78178e-02  -6.78164e-02   3.77088e-02   1.22898e-01  -1.34514e-02  -1.34477e-02   9.74240e-04   1.87143e-02   9.42702e-02   2.31329e-03  -2.61794e-02   4.97906e-02  -4.73714e-02  -9.74455e-03  -2.42522e-02  -1.86941e-02   7.87778e-03
T16   -4.13909e-01   2.49891e-03   7.27657e-02   1.07888e-03   5.14546e-02  -2.88512e-02   3.04054e-02   1.13323e-01  -1.31252e-02   5.43176e-03  -4.00414e-02  -2.04171e-04   1.04893e-01  -1.75553e-02  -2.61390e-02   4.34351e-02  -9.74455e-03  -6.08478e-02  -1.64664e-02  -2.47579e-02  -5.16857e-02
T17    2.00296e+00  -4.12688e-02  -8.38222e-03   1.15423e-02   1.24185e-02  -1.25435e-01  -3.47661e-02   3.82916e-02  -1.65119e-02  -8.23988e-02  -6.68405e-02  -1.01536e-01   1.06003e-01  -1.08084e-01  -1.73108e-01  -9.43090e-02  -2.42522e-02  -1.64664e-02  -3.37244e-01  -1.37212e-01  -6.52770e-02
T18    8.71408e-01  -1.16146e-02   2.95995e-02  -2.76325e-02  -3.79652e-03  -7.95905e-02   4.32844e-03   9.64126e-03   4.10785e-04  -3.54388e-02  -9.97417e-02  -6.32638e-02   7.28920e-03  -7.86072e-02  -1.46226e-01  -6.18015e-02  -1.86941e-02  -2.47579e-02  -1.37212e-01  -1.26112e-01  -6.18405e-02
T19    5.68248e-01  -8.80611e-02   4.55347e-02   7.23609e-02   7.82576e-02  -1.06071e-01   4.33333e-02   5.65695e-02  -1.98362e-03   2.42674e-02  -1.81792e-01  -1.55682e-01   4.96401e-02  -9.76170e-02  -1.36927e-01   2.00771e-02   7.87778e-03  -5.16857e-02  -6.52770e-02  -6.18405e-02  -2.13305e-01
