T0   -4.16030e-01  -8.37032e-02   1.75009e-02   4.94295e-02   2.28196e-02  -2.56741e-03   1.72951e-02   4.19280e-02  -2.23257e-02   1.91627e-02  -2.26172e-02  -4.15637e-02   7.68330e-02  -2.45677e-02  -1.13427e-02   8.92018e-03   1.77227e-02  -7.32393e-04  -9.06269e-03   1.16381e-02  -4.42347e-02
T1   -1.02972e+00   1.75009e-02   5.57463e-02   8.89362e-02  -5.21732e-02  -1.81423e-03   7.67326e-02  -4.49206e-02   1.98840e-02   4.33686e-02   3.93997e-02  -2.97112e-03   2.35177e-01   2.86895e-03  -2.19740e-03   1.04811e-02   5.22180e-02   6.31076e-02  -2.56223e-02   5.51790e-03   1.61946e-02
T2   -7.85631e-01   4.94295e-02   8.89362e-02  -7.94711e-02   2.77757e-02   1.03326e-02   3.68447e-02   9.32581e-02  -5.64419e-03   3.60274e-02   5.74492e-03   5.32538e-02   4.28317e-02  -6.04136e-04   4.00083e-03   3.81863e-02  -1.21291e-02   6.57071e-04  -3.00698e-03  -3.04363e-02   4.32522e-02
T3   -1.35090e+00   2.28196e-02  -5.21732e-02   2.77757e-02   7.56900e-02   4.61289e-02   7.89834e-02   1.51698e-01   1.63068e-03  -1.23839e-02   3.33464e-02   4.83171e-02  -7.41384e-03   2.41391e-02   3.35393e-02   3.75531e-02   3.46954e-02   2.97776e-02  -8.22982e-03   2.36732e-04   4.06780e-02
T4    2.30449e+00  -2.56741e-03  -1.81423e-03   1.03326e-02   4.61289e-02  -5.05843e-01  -3.22483e-03   5.23077e-02  -1.20114e-02  -6.22605e-02  -4.71820e-02  -4.43738e-02   2.12464e-02  -7.83302e-02  -6.98435e-02  -1.72200e-02  -3.79359e-02  -8.22644e-03  -6.94719e-02  -3.17216e-02  -5.11921e-02
T5   -8.49350e-01   1.72951e-02   7.67326e-02   3.68447e-02   7.89834e-02  -3.22483e-03  -2.32964e-02   1.17162e-01   4.10890e-02   4.24124e-02   1.90310e-02  -6.10506e-03   1.28296e-01  -6.04864e-03  -7.19841e-03   2.57996e-02   2.38974e-02   2.94149e-02  -4.09993e-02  -6.84041e-03   2.94288e-02
T6   -1.77878e+00   4.19280e-02  -4.49206e-02   9.32581e-02   1.51698e-01   5.23077e-02   1.17162e-01   1.22874e-01   5.69601e-02   1.85364e-02   9.83699e-03   1.55828e-02  -6.60586e-03   2.09536e-02   1.11254e-02   7.13933e-02   8.05562e-02   7.88228e-02   6.06510e-04   4.09813e-04   2.90384e-02
T7   -6.79053e-01  -2.23257e-02   1.98840e-02  -5.64419e-03   1.63068e-03  -1.20114e-02   4.10890e-02   5.69601e-02  -7.07571e-02  -1.91616e-02   1.90199e-02   3.33111e-02   7.06403e-02  -1.08760e-02   1.60692e-02  -1.23134e-02  -1.05226e-02  -1.29692e-02  -5.31881e-04   9.96416e-03  -3.19818e-03
T8    3.62937e-01   1.91627e-02   4.33686e-02   3.60274e-02  -1.23839e-02  -6.22605e-02   4.24124e-02   1.85364e-02  -1.91616e-02  -1.43312e-01   1.91447e-02   8.05745e-03   1.35663e-01  -3.41299e-02  -3.00998e-02   1.60901e-03   1.69505e-03   1.43164e-02  -6.39143e-02  -3.47041e-02   1.65537e-02
T9    9.48776e-01  -2.26172e-02   3.93997e-02   5.74492e-03   3.33464e-02  -4.71820e-02   1.90310e-02   9.83699e-03   1.90199e-02   1.91447e-02  -1.63360e-01  -9.32369e-02  -2.09530e-02  -5.80418e-02  -9.20463e-02   4.30927e-02  -4.25091e-03  -2.05541e-02  -1.41396e-02  -4.68580e-02  -9.56826e-02
T10    2.02847e-01  -4.15637e-02  -2.97112e-03   5.32538e-02   4.83171e-02  -4.43738e-02  -6.10506e-03   1.55828e-02   3.33111e-02   8.05745e-03  -9.32369e-02  -1.26970e-01   2.92005e-02  -4.04724e-02  -8.28218e-02   2.41943e-02   6.68403e-03  -1.33293e-03  -4.51432e-02  -2.09943e-02  -7.98074e-02
T11   -1.71357e+00   7.68330e-02   2.35177e-01   4.28317e-02  -7.41384e-03   2.12464e-02   1.28296e-01  -6.60586e-03   7.06403e-02   1.35663e-01  -2.09530e-02   2.92005e-02   6.83933e-02   2.17796e-02  -2.59005e-03   9.69736e-02   7.06519e-02   8.14605e-02   4.33381e-02  -1.66326e-02   2.20614e-02
T12    1.81129e+00  -2.45677e-02   2.86895e-03  -6.04136e-04   2.41391e-02  -7.83302e-02  -6.04864e-03   2.09536e-02  -1.08760e-02  -3.41299e-02  -5.80418e-02  -4.04724e-02   2.17796e-02  -2.94767e-01  -7.00576e-02   2.24466e-03  -5.63510e-04  -6.72086e-03  -3.79118e-02  -3.66834e-02  -3.71564e-02
T13    1.31615e+00  -1.13427e-02  -2.19740e-03   4.00083e-03   3.35393e-02  -6.98435e-02  -7.19841e-03   1.11254e-02   1.60692e-02  -3.00998e-02  -9.20463e-02  -8.28218e-02  -2.59005e-03  -7.00576e-02  -1.43542e-01   1.27948e-02  -1.55515e-02  -1.83705e-02  -9.45234e-02  -8.39633e-02  -6.88126e-02
T14   -6.88707e-01   8.92018e-03   1.04811e-02   3.81863e-02   3.75531e-02  -1.72200e-02   2.57996e-02   7.13933e-02  -1.23134e-02   1.60901e-03   4.30927e-02   2.41943e-02   9.69736e-02   2.24466e-03   1.27948e-02  -5.66571e-02   3.19932e-02   2.67152e-02  -5.66689e-02  -2.86903e-02   1.62615e-02
T15   -6.88889e-01   1.77227e-02   5.22180e-02  -1.21291e-02   3.46954e-02  -3.79359e-02   2.38974e-02   8.05562e-02  -1.05226e-02   1.69505e-03  -4.25091e-03   6.68403e-03   7.06519e-02  -5.63510e-04  -1.55515e-02   3.19932e-02  -4.16529e-02  -1.11154e-02  -1.54152e-02  -1.05768e-02   6.71526e-03
T16   -4.38160e-01  -7.32393e-04   6.31076e-02   6.57071e-04   2.97776e-02  -8.22644e-03   2.94149e-02   7.88228e-02  -1.29692e-02   1.43164e-02  -2.05541e-02  -1.33293e-03   8.14605e-02  -6.72086e-03  -1.83705e-02   2.67152e-02  -1.11154e-02  -4.43992e-02  -1.11591e-02  -1.32227e-02  -2.98968e-02
T17    2.10390e+00  -9.06269e-03  -2.56223e-02  -3.00698e-03  -8.22982e-03  -6.94719e-02  -4.09993e-02   6.06510e-04  -5.31881e-04  -6.39143e-02  -1.41396e-02  -4.51432e-02   4.33381e-02  -3.79118e-02  -9.45234e-02  -5.66689e-02  -1.54152e-02  -1.11591e-02  -2.39974e-01  -8.45918e-02  -2.66327e-02
T18    8.72480e-01   1.16381e-02   5.51790e-03  -3.04363e-02   2.36732e-04  -3.17216e-02  -6.84041e-03   4.09813e-04   9.96416e-03  -3.47041e-02  -4.68580e-02  -2.09943e-02  -1.66326e-02  -3.66834e-02  -8.39633e-02  -2.86903e-02  -1.05768e-02  -1.32227e-02  -8.45918e-02  -9.32272e-02  -2.00233e-02
T19    4.95927e-01  -4.42347e-02   1.61946e-02   4.32522e-02   4.06780e-02  -5.11921e-02   2.94288e-02   2.90384e-02  -3.19818e-03   1.65537e-02  -9.56826e-02  -7.98074e-02   2.20614e-02  -3.71564e-02  -6.88126e-02   1.62615e-02   6.71526e-03  -2.98968e-02  -2.66327e-02  -2.00233e-02  -1.20766e-01
