T0   -4.54433e-01  -4.80368e-02   3.41831e-03   2.11009e-02   4.36304e-03   1.16860e-02   3.84405e-03   1.40644e-02  -1.35946e-02   6.83086e-03   3.24264e-03  -1.10729e-02   3.19011e-02  -1.62765e-03   7.10016e-03   4.43445e-03   9.32063e-03  -1.12591e-03   3.81225e-03   1.34952e-02  -1.31654e-02
T1   -8.74677e-01   3.41831e-03   1.81917e-02   5.20421e-02  -1.85614e-02  -1.05522e-02   4.16854e-02  -1.68584e-02   1.27717e-02   2.22674e-02   8.38458e-03  -1.51992e-02   1.23740e-01  -1.31926e-02  -7.65014e-03   6.85032e-03   2.57198e-02   3.02563e-02  -1.62602e-02   5.68179e-03  -4.54839e-03
T2   -5.93811e-01   2.11009e-02   5.20421e-02  -5.32546e-02   1.39698e-02   8.61435e-03   1.09349e-02   4.56710e-02  -1.53820e-04   2.36006e-02  -1.00016e-02   2.10780e-02   1.92384e-02  -6.95079e-03  -3.68407e-03   2.83400e-02  -7.16951e-03  -2.52777e-03  -6.92147e-03  -2.35900e-02   1.52642e-02
T3   -1.15443e+00   4.36304e-03  -1.85614e-02   1.39698e-02   2.75101e-02   2.38912e-02   3.60311e-02   6.99595e-02   4.06561e-03   2.77583e-03   4.58257e-03   1.45059e-02   3.92743e-04   3.37928e-03   5.95511e-03   2.30223e-02   2.37587e-02   1.42284e-02  -1.57934e-02  -1.10538e-02   7.79034e-03
T4    2.05049e+00   1.16860e-02  -1.05522e-02   8.61435e-03   2.38912e-02  -3.08621e-01  -3.72202e-03   2.41901e-02   1.08304e-03  -4.57570e-02  -1.14084e-02  -1.00414e-02   4.94740e-03  -2.84934e-02  -2.08752e-02  -6.05591e-03  -2.04356e-02   2.21501e-03  -2.26545e-02  -5.42946e-03  -1.07043e-02
T5   -6.78769e-01   3.84405e-03   4.16854e-02   1.09349e-02   3.60311e-02  -3.72202e-03  -4.09310e-02   5.83234e-02   2.44172e-02   1.88818e-02   1.38176e-03  -1.25265e-02   6.77998e-02  -6.84466e-03  -4.96563e-03   1.96534e-02   1.07191e-02   1.16495e-02  -2.59736e-02  -5.51493e-03   8.64933e-03
T6   -1.57612e+00   1.40644e-02  -1.68584e-02   4.56710e-02   6.99595e-02   2.41901e-02   5.83234e-02   4.37853e-02   2.73832e-02   1.04353e-02  -1.04850e-02  -3.94342e-03   4.75189e-05  -9.46067e-04  -4.88300e-03   3.88769e-02   4.39506e-02   3.58857e-02  -3.14416e-03  -6.48344e-03   3.22178e-03
T7   -5.83352e-01  -1.35946e-02   1.27717e-02  -1.53820e-04   4.06561e-03   1.08304e-03   2.44172e-02   2.73832e-02  -4.00260e-02  -9.87109e-04   4.16813e-03   1.69492e-02   3.96443e-02  -6.55922e-03   5.00093e-03  -5.71741e-03   7.54293e-04  -5.08987e-03  -7.09004e-03   2.58517e-03  -8.09895e-03
T8    5.37887e-01   6.83086e-03   2.22674e-02   2.36006e-02   2.77583e-03  -4.57570e-02   1.88818e-02   1.04353e-02  -9.87109e-04  -7.94832e-02  -2.41854e-03  -7.11495e-03   7.05129e-02  -2.66693e-02  -2.07812e-02  -4.32775e-03   1.03654e-02   7.63525e-03  -3.55818e-02  -1.71140e-02   1.62402e-03
T9    7.04162e-01   3.24264e-03   8.38458e-03  -1.00016e-02   4.58257e-03  -1.14084e-02   1.38176e-03  -1.04850e-02   4.16813e-03  -2.41854e-03  -6.87925e-02  -2.31265e-02  -2.85689e-02  -9.72908e-03  -2.30559e-02   1.58727e-02  -6.60187e-03  -7.48544e-03   1.97273e-02  -5.97250e-03  -2.51976e-02
T10   -3.40867e-02  -1.10729e-02  -1.51992e-02   2.10780e-02   1.45059e-02  -1.00414e-02  -1.25265e-02  -3.94342e-03   1.69492e-02  -7.11495e-03  -2.31265e-02  -5.03950e-02   4.31114e-03  -1.88852e-03  -2.14534e-02   5.06211e-03  -2.71464e-03   3.02916e-03  -1.02925e-03   3.09293e-03  -2.02582e-02
T11   -1.53265e+00   3.19011e-02   1.23740e-01   1.92384e-02   3.92743e-04   4.94740e-03   6.77998e-02   4.75189e-05   3.96443e-02   7.05129e-02  -2.85689e-02   4.31114e-03   9.18694e-03  -1.15626e-02  -1.22663e-02   5.50671e-02   3.51597e-02   3.58891e-02   1.81842e-02  -1.21920e-02  -3.43534e-03
T12    1.71650e+00  -1.62765e-03  -1.31926e-02  -6.95079e-03   3.37928e-03  -2.84934e-02  -6.84466e-03  -9.46067e-04  -6.55922e-03  -2.66693e-02  -9.72908e-03  -1.88852e-03  -1.15626e-02  -1.95668e-01  -1.12927e-02  -8.01963e-03  -6.17019e-04   5.98969e-05  -7.51142e-05   2.97534e-03   9.52274e-04
T13    1.06594e+00   7.10016e-03  -7.65014e-03  -3.68407e-03   5.95511e-03  -2.08752e-02  -4.96563e-03  -4.88300e-03   5.00093e-03  -2.07812e-02  -2.30559e-02  -2.14534e-02  -1.22663e-02  -1.12927e-02  -5.93841e-02  -5.11577e-03  -1.52553e-02  -5.56733e-03  -2.64010e-02  -2.86139e-02  -1.49889e-02
T14   -6.18994e-01   4.43445e-03   6.85032e-03   2.83400e-02   2.30223e-02  -6.05591e-03   1.96534e-02   3.88769e-02  -5.71741e-03  -4.32775e-03   1.58727e-02   5.06211e-03   5.50671e-02  -8.01963e-03  -5.11577e-03  -3.43808e-02   2.46656e-02   1.05856e-02  -3.61442e-02  -1.49414e-02   1.87604e-03
T15   -5.62623e-01   9.32063e-03   2.57198e-02  -7.16951e-03   2.37587e-02  -2.04356e-02   1.07191e-02   4.39506e-02   7.54293e-04   1.03654e-02  -6.60187e-03  -2.71464e-03   3.51597e-02  -6.17019e-04  -1.52553e-02   2.46656e-02  -3.21239e-02  -7.33045e-03  -1.06431e-02  -1.02131e-02  -2.56584e-03
T16   -3.37233e-01  -1.12591e-03   3.02563e-02  -2.52777e-03   1.42284e-02   2.21501e-03   1.16495e-02   3.58857e-02  -5.08987e-03   7.63525e-03  -7.48544e-03   3.02916e-03   3.58891e-02   5.98969e-05  -5.56733e-03   1.05856e-02  -7.33045e-03  -3.63036e-02  -5.32890e-03  -8.12986e-03  -1.32558e-02
T17    1.86348e+00   3.81225e-03  -1.62602e-02  -6.92147e-03  -1.57934e-02  -2.26545e-02  -2.59736e-02  -3.14416e-03  -7.09004e-03  -3.55818e-02   1.97273e-02  -1.02925e-03   1.81842e-02  -7.51142e-05  -2.64010e-02  -3.61442e-02  -1.06431e-02  -5.32890e-03  -1.37193e-01  -3.29593e-02   1.08013e-02
T18    7.54708e-01   1.34952e-02   5.68179e-03  -2.35900e-02  -1.10538e-02  -5.42946e-03  -5.51493e-03  -6.48344e-03   2.58517e-03  -1.71140e-02  -5.97250e-03   3.09293e-03  -1.21920e-02   2.97534e-03  -2.86139e-02  -1.49414e-02  -1.02131e-02  -8.12986e-03  -3.29593e-02  -4.98448e-02   6.92233e-03
T19    3.08025e-01  -1.31654e-02  -4.54839e-03   1.52642e-02   7.79034e-03  -1.07043e-02   8.64933e-03   3.22178e-03  -8.09895e-03   1.62402e-03  -2.51976e-02  -2.02582e-02  -3.43534e-03   9.52274e-04  -1.49889e-02   1.87604e-03  -2.56584e-03  -1.32558e-02   1.08013e-02   6.92233e-03  -4.85525e-02
