T0   -4.19674e-01  -1.40266e-01   5.03547e-02   9.07512e-02   9.48776e-02  -6.10568e-02   4.82284e-02   1.20301e-01  -4.02653e-02   3.21969e-02  -8.74445e-02  -1.11460e-01   1.50672e-01  -7.88909e-02  -6.66500e-02   3.02772e-02   3.07682e-02  -4.73123e-03  -5.25899e-02  -1.91259e-02  -1.21212e-01
T1   -9.36028e-01   5.03547e-02   1.96142e-01   1.18651e-01  -1.95718e-01   1.12693e-02   1.30535e-01  -1.53617e-01   1.24787e-02   8.76091e-02   1.25566e-01   8.08912e-02   4.52992e-01   7.69624e-02   6.72604e-02   1.63972e-02   5.72450e-02   7.37782e-02  -1.61084e-02   3.24153e-02   6.37689e-02
T2   -7.07806e-01   9.07512e-02   1.18651e-01  -1.30379e-01   3.77787e-02  -3.88418e-03   5.18834e-02   1.54059e-01  -2.56927e-02   4.23659e-02   7.11243e-02   1.45727e-01   6.51825e-02   3.02313e-02   5.61720e-02   5.88299e-02  -2.30171e-02  -9.56053e-03   2.90982e-02  -1.36000e-02   9.53263e-02
T3   -1.27894e+00   9.48776e-02  -1.95718e-01   3.77787e-02   1.95720e-01   5.79536e-02   1.32010e-01   3.13403e-01   6.37244e-03  -7.41773e-02   1.38913e-01   1.70664e-01  -9.84001e-02   1.04045e-01   1.28469e-01   7.44212e-02   5.62325e-02   5.31956e-02   4.11304e-02   5.27224e-03   1.17165e-01
T4    2.51197e+00  -6.10568e-02   1.12693e-02  -3.88418e-03   5.79536e-02  -8.72444e-01  -1.39365e-02   8.39371e-02  -6.20344e-02  -1.09091e-01  -1.38169e-01  -1.34430e-01   4.90269e-02  -1.77422e-01  -1.84279e-01  -6.66453e-02  -9.21577e-02  -4.93006e-02  -1.64378e-01  -9.90347e-02  -1.45665e-01
T5   -7.96930e-01   4.82284e-02   1.30535e-01   5.18834e-02   1.32010e-01  -1.39365e-02   3.67751e-02   2.18195e-01   4.26188e-02   7.87175e-02   7.70747e-02   6.96432e-02   2.19411e-01   3.24586e-02   5.79227e-02   5.05658e-02   3.08206e-02   2.80212e-02  -2.58847e-02   1.54676e-02   6.54963e-02
T6   -1.69060e+00   1.20301e-01  -1.53617e-01   1.54059e-01   3.13403e-01   8.39371e-02   2.18195e-01   2.96377e-01   1.13750e-01   1.43127e-03   1.00298e-01   1.40713e-01  -6.44128e-02   1.17594e-01   1.22967e-01   1.44067e-01   1.24454e-01   1.14857e-01   6.80169e-02   2.23040e-02   9.23463e-02
T7   -5.95387e-01  -4.02653e-02   1.24787e-02  -2.56927e-02   6.37244e-03  -6.20344e-02   4.26188e-02   1.13750e-01  -1.11632e-01  -4.19697e-02   2.99402e-02   5.37491e-02   8.84322e-02  -2.56127e-02   3.56774e-03  -1.43290e-02  -2.72858e-02  -2.39469e-02  -2.12517e-02  -7.85966e-03  -1.34363e-02
T8    3.30485e-01   3.21969e-02   8.76091e-02   4.23659e-02  -7.41773e-02  -1.09091e-01   7.87175e-02   1.43127e-03  -4.19697e-02  -2.46980e-01   6.68295e-02   7.01749e-02   2.49919e-01  -2.59704e-02  -1.27678e-02   5.92806e-03  -2.64031e-02   4.97274e-03  -1.00867e-01  -5.18325e-02   3.68829e-02
T9    7.56615e-01  -8.74445e-02   1.25566e-01   7.11243e-02   1.38913e-01  -1.38169e-01   7.70747e-02   1.00298e-01   2.99402e-02   6.68295e-02  -3.39956e-01  -2.36142e-01   6.65550e-02  -1.61775e-01  -2.34954e-01   7.76864e-02   9.71523e-03  -4.01910e-02  -1.16839e-01  -1.33397e-01  -2.30777e-01
T10   -4.24707e-02  -1.11460e-01   8.08912e-02   1.45727e-01   1.70664e-01  -1.34430e-01   6.96432e-02   1.40713e-01   5.37491e-02   7.01749e-02  -2.36142e-01  -2.73661e-01   1.62998e-01  -1.29485e-01  -2.15183e-01   5.28540e-02   3.01642e-02   9.73113e-03  -1.45535e-01  -8.70039e-02  -1.98846e-01
T11   -1.57564e+00   1.50672e-01   4.52992e-01   6.51825e-02  -9.84001e-02   4.90269e-02   2.19411e-01  -6.44128e-02   8.84322e-02   2.49919e-01   6.65550e-02   1.62998e-01   2.51736e-01   1.35107e-01   9.60258e-02   1.85116e-01   9.08963e-02   1.09803e-01   1.29695e-01   2.13673e-02   8.64270e-02
T12    1.62467e+00  -7.88909e-02   7.69624e-02   3.02313e-02   1.04045e-01  -1.77422e-01   3.24586e-02   1.17594e-01  -2.56127e-02  -2.59704e-02  -1.61775e-01  -1.29485e-01   1.35107e-01  -4.40684e-01  -2.11066e-01   6.40634e-04   4.74496e-03  -1.93547e-02  -1.52785e-01  -1.12494e-01  -1.25258e-01
T13    1.09843e+00  -6.66500e-02   6.72604e-02   5.61720e-02   1.28469e-01  -1.84279e-01   5.79227e-02   1.22967e-01   3.56774e-03  -1.27678e-02  -2.34954e-01  -2.15183e-01   9.60258e-02  -2.11066e-01  -3.23135e-01   1.35710e-02  -1.98913e-02  -1.75440e-02  -2.38964e-01  -2.00437e-01  -1.77274e-01
T14   -5.80917e-01   3.02772e-02   1.63972e-02   5.88299e-02   7.44212e-02  -6.66453e-02   5.05658e-02   1.44067e-01  -1.43290e-02   5.92806e-03   7.76864e-02   5.28540e-02   1.85116e-01   6.40634e-04   1.35710e-02  -8.19574e-02   5.24076e-02   4.39546e-02  -1.28166e-01  -8.34795e-02   3.33566e-02
T15   -6.12132e-01   3.07682e-02   5.72450e-02  -2.30171e-02   5.62325e-02  -9.21577e-02   3.08206e-02   1.24454e-01  -2.72858e-02  -2.64031e-02   9.71523e-03   3.01642e-02   9.08963e-02   4.74496e-03  -1.98913e-02   5.24076e-02  -6.01398e-02  -2.43685e-02  -1.94612e-02  -1.45369e-02   6.27878e-03
T16   -3.63085e-01  -4.73123e-03   7.37782e-02  -9.56053e-03   5.31956e-02  -4.93006e-02   2.80212e-02   1.14857e-01  -2.39469e-02   4.97274e-03  -4.01910e-02   9.73113e-03   1.09803e-01  -1.93547e-02  -1.75440e-02   4.39546e-02  -2.43685e-02  -8.30955e-02  -1.38691e-02  -2.40178e-02  -6.17394e-02
T17    1.98528e+00  -5.25899e-02  -1.61084e-02   2.90982e-02   4.11304e-02  -1.64378e-01  -2.58847e-02   6.80169e-02  -2.12517e-02  -1.00867e-01  -1.16839e-01  -1.45535e-01   1.29695e-01  -1.52785e-01  -2.38964e-01  -1.28166e-01  -1.94612e-02  -1.38691e-02  -4.08080e-01  -1.88953e-01  -9.79128e-02
T18    8.24625e-01  -1.91259e-02   3.24153e-02  -1.36000e-02   5.27224e-03  -9.90347e-02   1.54676e-02   2.23040e-02  -7.85966e-03  -5.18325e-02  -1.33397e-01  -8.70039e-02   2.13673e-02  -1.12494e-01  -2.00437e-01  -8.34795e-02  -1.45369e-02  -2.40178e-02  -1.88953e-01  -1.61858e-01  -8.52961e-02
T19    4.67528e-01  -1.21212e-01   6.37689e-02   9.53263e-02   1.17165e-01  -1.45665e-01   6.54963e-02   9.23463e-02  -1.34363e-02   3.68829e-02  -2.30777e-01  -1.98846e-01   8.64270e-02  -1.25258e-01  -1.77274e-01   3.33566e-02   6.27878e-03  -6.17394e-02  -9.79128e-02  -8.52961e-02  -2.63222e-01
