T0   -4.57304e-01  -9.53387e-02   2.25513e-02   6.28788e-02   3.76388e-02  -6.72072e-03   2.57167e-02   5.97013e-02  -2.32094e-02   2.21918e-02  -3.25325e-02  -5.20113e-02   9.45512e-02  -3.18489e-02  -2.10109e-02   1.44517e-02   2.43416e-02   1.40841e-03  -1.90285e-02   9.15448e-03  -5.48797e-02
T1   -1.01973e+00   2.25513e-02   7.27328e-02   9.46588e-02  -7.21002e-02  -3.08882e-03   8.31124e-02  -6.45669e-02   2.20811e-02   4.47113e-02   4.89189e-02   7.44754e-03   2.68452e-01   1.28988e-02   4.63859e-03   1.75824e-02   5.73804e-02   6.98245e-02  -2.24472e-02   9.22927e-03   2.39247e-02
T2   -8.08100e-01   6.28788e-02   9.46588e-02  -8.43808e-02   3.24267e-02   9.62359e-03   4.25665e-02   1.05026e-01  -4.54773e-03   3.56833e-02   1.36363e-02   6.45768e-02   4.91463e-02   1.57507e-03   6.84042e-03   4.49780e-02  -9.68940e-03   2.85894e-03  -4.12841e-03  -3.36419e-02   5.38382e-02
T3   -1.38476e+00   3.76388e-02  -7.21002e-02   3.24267e-02   1.01550e-01   4.96224e-02   9.28075e-02   1.83182e-01   8.21181e-04  -1.78996e-02   4.87803e-02   6.30716e-02  -1.69027e-02   3.59876e-02   4.18819e-02   4.33044e-02   4.22774e-02   3.96880e-02  -6.39914e-03  -2.90764e-03   5.25264e-02
T4    2.34368e+00  -6.72072e-03  -3.08882e-03   9.62359e-03   4.96224e-02  -5.68959e-01  -3.12847e-03   6.23082e-02  -1.60909e-02  -6.58997e-02  -5.93719e-02  -5.68208e-02   2.60122e-02  -9.53470e-02  -8.81908e-02  -2.26809e-02  -4.53697e-02  -1.18971e-02  -8.36553e-02  -4.52079e-02  -6.43473e-02
T5   -8.61706e-01   2.57167e-02   8.31124e-02   4.25665e-02   9.28075e-02  -3.12847e-03  -1.63024e-02   1.35241e-01   4.77970e-02   4.67050e-02   2.50319e-02   3.55634e-04   1.42264e-01  -5.67473e-03  -3.94137e-03   3.27659e-02   3.17388e-02   3.41511e-02  -4.87169e-02  -1.10282e-02   3.76711e-02
T6   -1.79072e+00   5.97013e-02  -6.45669e-02   1.05026e-01   1.83182e-01   6.23082e-02   1.35241e-01   1.49072e-01   6.92640e-02   1.74446e-02   2.22522e-02   2.85467e-02  -1.39814e-02   3.26117e-02   1.47131e-02   8.69981e-02   9.50754e-02   9.17237e-02   5.17463e-05  -5.80438e-03   4.07966e-02
T7   -7.27425e-01  -2.32094e-02   2.20811e-02  -4.54773e-03   8.21181e-04  -1.60909e-02   4.77970e-02   6.92640e-02  -7.96593e-02  -2.02915e-02   2.56974e-02   4.11017e-02   7.91475e-02  -1.03298e-02   1.76850e-02  -1.34421e-02  -1.14685e-02  -1.14009e-02  -2.92817e-03   1.07278e-02   2.28827e-04
T8    3.56632e-01   2.21918e-02   4.47113e-02   3.56833e-02  -1.78996e-02  -6.58997e-02   4.67050e-02   1.74446e-02  -2.02915e-02  -1.67938e-01   2.47838e-02   1.36766e-02   1.49515e-01  -3.37535e-02  -3.22630e-02   4.64989e-03  -3.30729e-04   1.53211e-02  -7.34073e-02  -3.55374e-02   2.23704e-02
T9    9.65332e-01  -3.25325e-02   4.89189e-02   1.36363e-02   4.87803e-02  -5.93719e-02   2.50319e-02   2.22522e-02   2.56974e-02   2.47838e-02  -1.94825e-01  -1.18859e-01  -1.24301e-02  -7.61445e-02  -1.16973e-01   4.62309e-02  -2.87984e-03  -2.62429e-02  -2.72345e-02  -6.12548e-02  -1.19031e-01
T10    2.18086e-01  -5.20113e-02   7.44754e-03   6.45768e-02   6.30716e-02  -5.68208e-02   3.55634e-04   2.85467e-02   4.11017e-02   1.36766e-02  -1.18859e-01  -1.56051e-01   4.35466e-02  -5.57207e-02  -1.05802e-01   2.82242e-02   1.09165e-02  -2.50983e-03  -6.13937e-02  -3.28511e-02  -1.00647e-01
T11   -1.70450e+00   9.45512e-02   2.68452e-01   4.91463e-02  -1.69027e-02   2.60122e-02   1.42264e-01  -1.39814e-02   7.91475e-02   1.49515e-01  -1.24301e-02   4.35466e-02   8.87568e-02   3.13503e-02   3.81309e-03   1.18545e-01   8.12470e-02   9.31285e-02   4.89528e-02  -1.82363e-02   3.14941e-02
T12    1.80623e+00  -3.18489e-02   1.28988e-02   1.57507e-03   3.59876e-02  -9.53470e-02  -5.67473e-03   3.26117e-02  -1.03298e-02  -3.37535e-02  -7.61445e-02  -5.57207e-02   3.13503e-02  -3.23254e-01  -9.22028e-02   4.08859e-03   2.09628e-03  -9.50191e-03  -5.63950e-02  -5.06952e-02  -5.30873e-02
T13    1.36057e+00  -2.10109e-02   4.63859e-03   6.84042e-03   4.18819e-02  -8.81908e-02  -3.94137e-03   1.47131e-02   1.76850e-02  -3.22630e-02  -1.16973e-01  -1.05802e-01   3.81309e-03  -9.22028e-02  -1.72262e-01   1.54292e-02  -1.96598e-02  -2.11004e-02  -1.17640e-01  -1.02598e-01  -8.71306e-02
T14   -7.03427e-01   1.44517e-02   1.75824e-02   4.49780e-02   4.33044e-02  -2.26809e-02   3.27659e-02   8.69981e-02  -1.34421e-02   4.64989e-03   4.62309e-02   2.82242e-02   1.18545e-01   4.08859e-03   1.54292e-02  -5.95178e-02   3.55849e-02   3.12019e-02  -6.94013e-02  -3.47896e-02   1.94167e-02
T15   -7.30270e-01   2.43416e-02   5.73804e-02  -9.68940e-03   4.22774e-02  -4.53697e-02   3.17388e-02   9.50754e-02  -1.14685e-02  -3.30729e-04  -2.87984e-03   1.09165e-02   8.12470e-02   2.09628e-03  -1.96598e-02   3.55849e-02  -4.20496e-02  -9.07144e-03  -1.90414e-02  -1.13382e-02   8.59089e-03
T16   -4.58920e-01   1.40841e-03   6.98245e-02   2.85894e-03   3.96880e-02  -1.18971e-02   3.41511e-02   9.17237e-02  -1.14009e-02   1.53211e-02  -2.62429e-02  -2.50983e-03   9.31285e-02  -9.50191e-03  -2.11004e-02   3.12019e-02  -9.07144e-03  -4.50635e-02  -1.43951e-02  -1.81654e-02  -3.61796e-02
T17    2.15828e+00  -1.90285e-02  -2.24472e-02  -4.12841e-03  -6.39914e-03  -8.36553e-02  -4.87169e-02   5.17463e-05  -2.92817e-03  -7.34073e-02  -2.72345e-02  -6.13937e-02   4.89528e-02  -5.63950e-02  -1.17640e-01  -6.94013e-02  -1.90414e-02  -1.43951e-02  -2.62850e-01  -9.95238e-02  -3.89759e-02
T18    9.27291e-01   9.15448e-03   9.22927e-03  -3.36419e-02  -2.90764e-03  -4.52079e-02  -1.10282e-02  -5.80438e-03   1.07278e-02  -3.55374e-02  -6.12548e-02  -3.28511e-02  -1.82363e-02  -5.06952e-02  -1.02598e-01  -3.47896e-02  -1.13382e-02  -1.81654e-02  -9.95238e-02  -1.02478e-01  -3.37525e-02
T19    5.10755e-01  -5.48797e-02   2.39247e-02   5.38382e-02   5.25264e-02  -6.43473e-02   3.76711e-02   4.07966e-02   2.28827e-04   2.23704e-02  -1.19031e-01  -1.00647e-01   3.14941e-02  -5.30873e-02  -8.71306e-02   1.94167e-02   8.59089e-03  -3.61796e-02  -3.89759e-02  -3.37525e-02  -1.44643e-01
