T0   -4.71795e-01  -1.12748e-01   3.21063e-02   8.15532e-02   6.65852e-02  -2.61398e-02   4.02486e-02   9.17878e-02  -2.30094e-02   2.70770e-02  -5.88346e-02  -7.95677e-02   1.22118e-01  -5.22383e-02  -4.38935e-02   2.18848e-02   3.64666e-02   4.30847e-03  -3.78420e-02  -8.14487e-03  -8.23849e-02
T1   -1.03042e+00   3.21063e-02   1.28955e-01   1.14318e-01  -1.23532e-01   1.37656e-03   1.04947e-01  -1.04337e-01   2.12491e-02   6.73509e-02   8.06909e-02   3.93715e-02   3.56514e-01   3.82428e-02   4.14075e-02   2.47294e-02   5.80229e-02   7.22276e-02  -5.65639e-03   2.86804e-02   4.02810e-02
T2   -7.86304e-01   8.15532e-02   1.14318e-01  -1.02767e-01   4.20536e-02   7.34723e-03   5.23109e-02   1.33136e-01  -9.49628e-03   3.77028e-02   2.87380e-02   9.37004e-02   6.07509e-02   1.50317e-02   1.57942e-02   5.87766e-02  -1.11161e-02   3.10646e-03   5.91354e-03  -2.88970e-02   6.99046e-02
T3   -1.36583e+00   6.65852e-02  -1.23532e-01   4.20536e-02   1.59662e-01   5.51890e-02   1.17362e-01   2.47240e-01   9.83299e-03  -4.13824e-02   7.91663e-02   9.73017e-02  -4.48721e-02   6.07468e-02   6.29842e-02   6.93216e-02   5.66245e-02   4.98886e-02   5.99863e-03  -8.15310e-03   7.56602e-02
T4    2.45712e+00  -2.61398e-02   1.37656e-03   7.34723e-03   5.51890e-02  -7.05216e-01  -9.58739e-03   6.92156e-02  -3.08510e-02  -8.58217e-02  -9.59676e-02  -9.13912e-02   3.42143e-02  -1.39682e-01  -1.33221e-01  -4.28480e-02  -6.25515e-02  -2.66356e-02  -1.21930e-01  -7.49662e-02  -9.82518e-02
T5   -8.35735e-01   4.02486e-02   1.04947e-01   5.23109e-02   1.17362e-01  -9.58739e-03   7.23867e-03   1.72410e-01   5.45380e-02   6.04198e-02   3.74857e-02   1.67175e-02   1.76847e-01   4.84191e-03   1.63199e-02   5.00617e-02   3.77312e-02   3.25508e-02  -3.72762e-02   4.20818e-04   4.00242e-02
T6   -1.75388e+00   9.17878e-02  -1.04337e-01   1.33136e-01   2.47240e-01   6.92156e-02   1.72410e-01   2.15271e-01   9.89677e-02   1.12177e-02   4.27189e-02   5.70052e-02  -3.46244e-02   6.51635e-02   4.61960e-02   1.26654e-01   1.19661e-01   1.12326e-01   3.22562e-02   4.79828e-03   5.22911e-02
T7   -7.40671e-01  -2.30094e-02   2.12491e-02  -9.49628e-03   9.83299e-03  -3.08510e-02   5.45380e-02   9.89677e-02  -9.20193e-02  -2.38655e-02   3.07176e-02   5.05258e-02   9.23016e-02  -1.42279e-02   1.38463e-02  -1.11074e-02  -1.36424e-02  -1.24095e-02  -1.33532e-02   3.06344e-03   6.26087e-05
T8    3.52724e-01   2.70770e-02   6.73509e-02   3.77028e-02  -4.13824e-02  -8.58217e-02   6.04198e-02   1.12177e-02  -2.38655e-02  -2.07153e-01   3.65857e-02   2.58006e-02   1.91071e-01  -3.67902e-02  -2.23963e-02   9.43977e-03  -1.25593e-02   7.02417e-03  -8.14211e-02  -3.48026e-02   2.27629e-02
T9    9.59381e-01  -5.88346e-02   8.06909e-02   2.87380e-02   7.91663e-02  -9.59676e-02   3.74857e-02   4.27189e-02   3.07176e-02   3.65857e-02  -2.63828e-01  -1.75249e-01   8.43627e-03  -1.17432e-01  -1.72977e-01   5.74913e-02   6.08580e-04  -3.81925e-02  -6.19085e-02  -9.42694e-02  -1.72215e-01
T10    1.79622e-01  -7.95677e-02   3.93715e-02   9.37004e-02   9.73017e-02  -9.13912e-02   1.67175e-02   5.70052e-02   5.05258e-02   2.58006e-02  -1.75249e-01  -2.15241e-01   8.01637e-02  -9.19142e-02  -1.56420e-01   3.52075e-02   1.80855e-02  -3.70927e-04  -9.61620e-02  -6.02457e-02  -1.46761e-01
T11   -1.65380e+00   1.22118e-01   3.56514e-01   6.07509e-02  -4.48721e-02   3.42143e-02   1.76847e-01  -3.46244e-02   9.23016e-02   1.91071e-01   8.43627e-03   8.01637e-02   1.52561e-01   6.90516e-02   3.89318e-02   1.54909e-01   9.46914e-02   1.03457e-01   9.87180e-02   3.34241e-03   4.62083e-02
T12    1.75811e+00  -5.22383e-02   3.82428e-02   1.50317e-02   6.07468e-02  -1.39682e-01   4.84191e-03   6.51635e-02  -1.42279e-02  -3.67902e-02  -1.17432e-01  -9.19142e-02   6.90516e-02  -3.82133e-01  -1.47574e-01   1.35926e-03   2.65900e-03  -1.38549e-02  -1.01834e-01  -7.60288e-02  -8.88652e-02
T13    1.28809e+00  -4.38935e-02   4.14075e-02   1.57942e-02   6.29842e-02  -1.33221e-01   1.63199e-02   4.61960e-02   1.38463e-02  -2.23963e-02  -1.72977e-01  -1.56420e-01   3.89318e-02  -1.47574e-01  -2.37246e-01   1.18421e-02  -2.59821e-02  -2.80628e-02  -1.62075e-01  -1.38755e-01  -1.29431e-01
T14   -6.87759e-01   2.18848e-02   2.47294e-02   5.87766e-02   6.93216e-02  -4.28480e-02   5.00617e-02   1.26654e-01  -1.11074e-02   9.43977e-03   5.74913e-02   3.52075e-02   1.54909e-01   1.35926e-03   1.18421e-02  -6.36556e-02   4.94542e-02   4.26667e-02  -9.45318e-02  -5.86148e-02   1.93853e-02
T15   -7.23409e-01   3.64666e-02   5.80229e-02  -1.11161e-02   5.66245e-02  -6.25515e-02   3.77312e-02   1.19661e-01  -1.36424e-02  -1.25593e-02   6.08580e-04   1.80855e-02   9.46914e-02   2.65900e-03  -2.59821e-02   4.94542e-02  -4.42466e-02  -8.47190e-03  -2.49241e-02  -1.77796e-02   9.07668e-03
T16   -4.29206e-01   4.30847e-03   7.22276e-02   3.10646e-03   4.98886e-02  -2.66356e-02   3.25508e-02   1.12326e-01  -1.24095e-02   7.02417e-03  -3.81925e-02  -3.70927e-04   1.03457e-01  -1.38549e-02  -2.80628e-02   4.26667e-02  -8.47190e-03  -5.70253e-02  -1.91165e-02  -2.52569e-02  -4.79577e-02
T17    2.03039e+00  -3.78420e-02  -5.65639e-03   5.91354e-03   5.99863e-03  -1.21930e-01  -3.72762e-02   3.22562e-02  -1.33532e-02  -8.14211e-02  -6.19085e-02  -9.61620e-02   9.87180e-02  -1.01834e-01  -1.62075e-01  -9.45318e-02  -2.49241e-02  -1.91165e-02  -3.21215e-01  -1.29978e-01  -6.16046e-02
T18    8.91214e-01  -8.14487e-03   2.86804e-02  -2.88970e-02  -8.15310e-03  -7.49662e-02   4.20818e-04   4.79828e-03   3.06344e-03  -3.48026e-02  -9.42694e-02  -6.02457e-02   3.34241e-03  -7.60288e-02  -1.38755e-01  -5.86148e-02  -1.77796e-02  -2.52569e-02  -1.29978e-01  -1.19802e-01  -5.90868e-02
T19    5.62153e-01  -8.23849e-02   4.02810e-02   6.99046e-02   7.56602e-02  -9.82518e-02   4.00242e-02   5.22911e-02   6.26087e-05   2.27629e-02  -1.72215e-01  -1.46761e-01   4.62083e-02  -8.88652e-02  -1.29431e-01   1.93853e-02   9.07668e-03  -4.79577e-02  -6.16046e-02  -5.90868e-02  -2.02484e-01
