T0   -5.64700e-01  -3.53187e-01   1.56680e-01   1.88853e-01   3.85419e-01  -3.08941e-01   2.34096e-01   4.82376e-01  -1.76767e-01   6.18950e-02  -3.18164e-01  -2.23989e-01   4.57772e-01  -1.88021e-01  -2.96297e-01   4.89141e-02   7.48555e-03  -7.03417e-02  -1.87562e-01  -2.57368e-01  -4.23800e-01
T1   -2.87142e-01   1.56680e-01   5.15145e-01   2.25665e-01  -3.50543e-01   1.89163e-02   2.20452e-01  -2.34139e-01  -4.12363e-02   9.37195e-02   2.06992e-01   1.13370e-01   1.00886e+00   1.53686e-01  -1.12787e-01   1.33323e-01   1.14744e-01   1.04079e-01  -5.61013e-01  -3.19848e-01   1.28755e-01
T2   -1.77506e-01   1.88853e-01   2.25665e-01  -3.41912e-01   2.57384e-02  -7.04677e-02   1.66646e-01   3.71637e-01  -2.04878e-01   8.86460e-02   3.15446e-01   4.59848e-01   1.99502e-01   2.15762e-01   1.81278e-01   1.26307e-01  -1.54923e-01  -1.09992e-01   1.28721e-01   4.71977e-02   2.41795e-01
T3   -6.70890e-01   3.85419e-01  -3.50543e-01   2.57384e-02   6.27755e-01   2.33810e-01   5.00827e-01   1.03115e+00   2.66230e-03  -1.37075e-01   5.97572e-01   7.26995e-01  -1.42032e-01   4.44564e-01   5.62377e-01   3.49695e-01  -6.41140e-02  -1.53462e-02   6.37293e-01   4.48190e-01   4.32666e-01
T4    1.86897e+00  -3.08941e-01   1.89163e-02  -7.04677e-02   2.33810e-01  -2.61464e+00   7.71640e-02   3.30814e-01  -3.92829e-01  -2.70928e-01  -4.36799e-01  -3.66067e-01   2.59899e-01  -5.23444e-01  -6.01127e-01  -1.19159e-01  -2.73563e-01  -2.69265e-01  -6.62095e-01  -4.63665e-01  -5.32197e-01
T5   -1.63915e-01   2.34096e-01   2.20452e-01   1.66646e-01   5.00827e-01   7.71640e-02   2.93005e-01   6.60831e-01   7.92496e-02   1.72517e-01   2.21225e-01   3.24556e-01   3.95630e-01   1.79707e-01   7.85337e-02   1.69737e-01   7.36221e-02   2.98860e-02  -6.63934e-02   3.73987e-02   1.35766e-01
T6   -8.77724e-01   4.82376e-01  -2.34139e-01   3.71637e-01   1.03115e+00   3.30814e-01   6.60831e-01   1.17974e+00   3.01745e-01   1.45739e-01   4.65907e-01   7.16808e-01  -1.21751e-01   5.36889e-01   4.65580e-01   4.42723e-01   2.31770e-01   1.88053e-01   4.72829e-01   3.18167e-01   3.28474e-01
T7   -3.43289e-01  -1.76767e-01  -4.12363e-02  -2.04878e-01   2.66230e-03  -3.92829e-01   7.92496e-02   3.01745e-01  -3.64195e-01  -1.83368e-01  -1.55565e-01   8.34027e-03   1.92988e-01  -1.75953e-01  -2.64890e-01  -2.34831e-01  -2.08506e-01  -2.09539e-01  -3.04262e-01  -2.91456e-01  -2.61156e-01
T8    5.85606e-01   6.18950e-02   9.37195e-02   8.86460e-02  -1.37075e-01  -2.70928e-01   1.72517e-01   1.45739e-01  -1.83368e-01  -4.26367e-01   1.20637e-01   1.77337e-01   4.21854e-01  -6.22069e-02  -1.84641e-01   9.55939e-03  -1.46231e-01  -7.88404e-02  -4.37469e-01  -2.80443e-01   4.08050e-02
T9   -1.24606e-01  -3.18164e-01   2.06992e-01   3.15446e-01   5.97572e-01  -4.36799e-01   2.21225e-01   4.65907e-01  -1.55565e-01   1.20637e-01  -6.28292e-01  -3.69722e-01   3.46912e-01  -3.62054e-01  -4.68366e-01   3.98199e-01   3.04810e-02   2.16887e-02  -2.51586e-01  -3.51951e-01  -5.53546e-01
T10   -7.83474e-01  -2.23989e-01   1.13370e-01   4.59848e-01   7.26995e-01  -3.66067e-01   3.24556e-01   7.16808e-01   8.34027e-03   1.77337e-01  -3.69722e-01  -3.18008e-01   5.15867e-01  -1.83321e-01  -4.06273e-01   3.11251e-01   1.66249e-01   1.92183e-01  -3.52650e-01  -3.18930e-01  -3.85870e-01
T11   -6.31882e-01   4.57772e-01   1.00886e+00   1.99502e-01  -1.42032e-01   2.59899e-01   3.95630e-01  -1.21751e-01   1.92988e-01   4.21854e-01   3.46912e-01   5.15867e-01   1.03184e+00   4.61606e-01   2.33582e-01   5.69431e-01   2.27142e-01   2.05466e-01  -1.13973e-01  -2.29247e-01   2.65849e-01
T12    1.04786e+00  -1.88021e-01   1.53686e-01   2.15762e-01   4.44564e-01  -5.23444e-01   1.79707e-01   5.36889e-01  -1.75953e-01  -6.22069e-02  -3.62054e-01  -1.83321e-01   4.61606e-01  -7.57208e-01  -5.87519e-01   9.52511e-02   5.40787e-02   3.23281e-02  -5.61851e-01  -4.60411e-01  -3.71861e-01
T13    3.29748e-01  -2.96297e-01  -1.12787e-01   1.81278e-01   5.62377e-01  -6.01127e-01   7.85337e-02   4.65580e-01  -2.64890e-01  -1.84641e-01  -4.68366e-01  -4.06273e-01   2.33582e-01  -5.87519e-01  -7.77672e-01  -1.32074e-01  -1.57607e-02   1.14474e-01  -6.08233e-01  -6.33876e-01  -4.13184e-01
T14   -2.53244e-01   4.89141e-02   1.33323e-01   1.26307e-01   3.49695e-01  -1.19159e-01   1.69737e-01   4.42723e-01  -2.34831e-01   9.55939e-03   3.98199e-01   3.11251e-01   5.69431e-01   9.52511e-02  -1.32074e-01   7.86081e-02   8.62438e-02   1.89663e-01  -5.68464e-01  -3.59942e-01   2.56602e-01
T15   -3.39068e-01   7.48555e-03   1.14744e-01  -1.54923e-01  -6.41140e-02  -2.73563e-01   7.36221e-02   2.31770e-01  -2.08506e-01  -1.46231e-01   3.04810e-02   1.66249e-01   2.27142e-01   5.40787e-02  -1.57607e-02   8.62438e-02  -2.65318e-01  -2.05065e-01   2.39153e-02  -1.34285e-02  -1.20376e-01
T16   -2.51283e-01  -7.03417e-02   1.04079e-01  -1.09992e-01  -1.53462e-02  -2.69265e-01   2.98860e-02   1.88053e-01  -2.09539e-01  -7.88404e-02   2.16887e-02   1.92183e-01   2.05466e-01   3.23281e-02   1.14474e-01   1.89663e-01  -2.05065e-01  -3.62254e-01   2.66227e-01   7.30097e-02  -2.20712e-01
T17    1.35917e+00  -1.87562e-01  -5.61013e-01   1.28721e-01   6.37293e-01  -6.62095e-01  -6.63934e-02   4.72829e-01  -3.04262e-01  -4.37469e-01  -2.51586e-01  -3.52650e-01  -1.13973e-01  -5.61851e-01  -6.08233e-01  -5.68464e-01   2.39153e-02   2.66227e-01  -7.35894e-01  -5.39393e-01  -2.16282e-01
T18    4.76430e-01  -2.57368e-01  -3.19848e-01   4.71977e-02   4.48190e-01  -4.63665e-01   3.73987e-02   3.18167e-01  -2.91456e-01  -2.80443e-01  -3.51951e-01  -3.18930e-01  -2.29247e-01  -4.60411e-01  -6.33876e-01  -3.59942e-01  -1.34285e-02   7.30097e-02  -5.39393e-01  -6.20447e-01  -3.20705e-01
T19   -1.99058e-01  -4.23800e-01   1.28755e-01   2.41795e-01   4.32666e-01  -5.32197e-01   1.35766e-01   3.28474e-01  -2.61156e-01   4.08050e-02  -5.53546e-01  -3.85870e-01   2.65849e-01  -3.71861e-01  -4.13184e-01   2.56602e-01  -1.20376e-01  -2.20712e-01  -2.16282e-01  -3.20705e-01  -7.36529e-01
