T0   -4.26703e-01  -1.38616e-01   4.52118e-02   8.89189e-02   8.82828e-02  -4.83115e-02   4.74769e-02   1.11760e-01  -3.31814e-02   2.96224e-02  -7.71339e-02  -1.01278e-01   1.40694e-01  -6.76541e-02  -6.26511e-02   2.78431e-02   3.32705e-02  -2.04813e-03  -4.71631e-02  -1.61959e-02  -1.08034e-01
T1   -9.86161e-01   4.52118e-02   1.74051e-01   1.19911e-01  -1.71504e-01   9.05823e-03   1.20138e-01  -1.38083e-01   1.55080e-02   8.16862e-02   1.13423e-01   7.21576e-02   4.22958e-01   6.30915e-02   6.09129e-02   1.90369e-02   5.84292e-02   7.63112e-02  -1.05346e-02   3.28198e-02   5.91229e-02
T2   -7.27989e-01   8.89189e-02   1.19911e-01  -1.26615e-01   3.84763e-02  -2.07693e-03   5.34769e-02   1.47832e-01  -1.76068e-02   4.03546e-02   4.96857e-02   1.24234e-01   6.41404e-02   2.56966e-02   4.25025e-02   5.98626e-02  -1.78216e-02  -5.78971e-03   2.48421e-02  -1.52283e-02   8.47227e-02
T3   -1.30833e+00   8.82828e-02  -1.71504e-01   3.84763e-02   1.83744e-01   5.30077e-02   1.26647e-01   2.91505e-01   1.20481e-02  -6.26849e-02   1.12231e-01   1.40360e-01  -8.11243e-02   8.73724e-02   1.08584e-01   7.55714e-02   5.83320e-02   5.19963e-02   3.07523e-02   4.54511e-03   9.98751e-02
T4    2.52988e+00  -4.83115e-02   9.05823e-03  -2.07693e-03   5.30077e-02  -8.20065e-01  -1.37584e-02   7.71472e-02  -5.17755e-02  -9.64235e-02  -1.27095e-01  -1.24921e-01   4.31332e-02  -1.72698e-01  -1.68167e-01  -5.82731e-02  -8.23872e-02  -4.52605e-02  -1.48616e-01  -9.32872e-02  -1.32938e-01
T5   -8.17652e-01   4.74769e-02   1.20138e-01   5.34769e-02   1.26647e-01  -1.37584e-02   2.93514e-02   2.00510e-01   4.99257e-02   7.52917e-02   6.22143e-02   5.10606e-02   2.06637e-01   2.09579e-02   4.37172e-02   5.38699e-02   3.49312e-02   2.84152e-02  -2.61560e-02   1.14079e-02   5.45021e-02
T6   -1.72072e+00   1.11760e-01  -1.38083e-01   1.47832e-01   2.91505e-01   7.71472e-02   2.00510e-01   2.59925e-01   1.12090e-01   8.45985e-03   7.88653e-02   1.13658e-01  -5.62228e-02   9.34277e-02   1.03002e-01   1.40140e-01   1.25889e-01   1.15707e-01   5.87161e-02   2.08505e-02   7.63166e-02
T7   -6.52099e-01  -3.31814e-02   1.55080e-02  -1.76068e-02   1.20481e-02  -5.17755e-02   4.99257e-02   1.12090e-01  -1.06221e-01  -3.52478e-02   3.18510e-02   5.42374e-02   9.21540e-02  -1.88742e-02   5.37138e-03  -1.20703e-02  -2.05855e-02  -1.97411e-02  -2.05420e-02  -5.44260e-03  -8.25242e-03
T8    3.26599e-01   2.96224e-02   8.16862e-02   4.03546e-02  -6.26849e-02  -9.64235e-02   7.52917e-02   8.45985e-03  -3.52478e-02  -2.33327e-01   5.53201e-02   5.54616e-02   2.31035e-01  -3.35261e-02  -1.40247e-02   9.09737e-03  -2.18366e-02   4.60493e-03  -9.74645e-02  -4.29418e-02   3.07840e-02
T9    8.44799e-01  -7.71339e-02   1.13423e-01   4.96857e-02   1.12231e-01  -1.27095e-01   6.22143e-02   7.88653e-02   3.18510e-02   5.53201e-02  -3.18922e-01  -2.20323e-01   4.45462e-02  -1.48499e-01  -2.12901e-01   6.82721e-02   3.57840e-03  -4.37968e-02  -9.41383e-02  -1.16810e-01  -2.13792e-01
T10    4.34768e-02  -1.01278e-01   7.21576e-02   1.24234e-01   1.40360e-01  -1.24921e-01   5.10606e-02   1.13658e-01   5.42374e-02   5.54616e-02  -2.20323e-01  -2.58837e-01   1.36554e-01  -1.18712e-01  -1.94144e-01   4.40614e-02   2.31365e-02   2.07450e-03  -1.27623e-01  -7.47214e-02  -1.84952e-01
T11   -1.61418e+00   1.40694e-01   4.22958e-01   6.41404e-02  -8.11243e-02   4.31332e-02   2.06637e-01  -5.62228e-02   9.21540e-02   2.31035e-01   4.45462e-02   1.36554e-01   2.20945e-01   1.12707e-01   7.84432e-02   1.77229e-01   9.39370e-02   1.11546e-01   1.24975e-01   2.00915e-02   7.02026e-02
T12    1.67434e+00  -6.76541e-02   6.30915e-02   2.56966e-02   8.73724e-02  -1.72698e-01   2.09579e-02   9.34277e-02  -1.88742e-02  -3.35261e-02  -1.48499e-01  -1.18712e-01   1.12707e-01  -4.26756e-01  -1.88239e-01  -8.88466e-04   3.61956e-03  -1.95177e-02  -1.35807e-01  -9.34658e-02  -1.17215e-01
T13    1.13984e+00  -6.26511e-02   6.09129e-02   4.25025e-02   1.08584e-01  -1.68167e-01   4.37172e-02   1.03002e-01   5.37138e-03  -1.40247e-02  -2.12901e-01  -1.94144e-01   7.84432e-02  -1.88239e-01  -2.92506e-01   1.20988e-02  -2.41455e-02  -2.13820e-02  -2.11956e-01  -1.78551e-01  -1.61570e-01
T14   -6.16020e-01   2.78431e-02   1.90369e-02   5.98626e-02   7.55714e-02  -5.82731e-02   5.38699e-02   1.40140e-01  -1.20703e-02   9.09737e-03   6.82721e-02   4.40614e-02   1.77229e-01  -8.88466e-04   1.20988e-02  -7.49538e-02   5.25582e-02   4.64852e-02  -1.14779e-01  -7.68332e-02   2.69914e-02
T15   -6.39970e-01   3.32705e-02   5.84292e-02  -1.78216e-02   5.83320e-02  -8.23872e-02   3.49312e-02   1.25889e-01  -2.05855e-02  -2.18366e-02   3.57840e-03   2.31365e-02   9.39370e-02   3.61956e-03  -2.41455e-02   5.25582e-02  -5.59738e-02  -1.85726e-02  -2.06256e-02  -1.84717e-02   4.22040e-03
T16   -3.71097e-01  -2.04813e-03   7.63112e-02  -5.78971e-03   5.19963e-02  -4.52605e-02   2.84152e-02   1.15707e-01  -1.97411e-02   4.60493e-03  -4.37968e-02   2.07450e-03   1.11546e-01  -1.95177e-02  -2.13820e-02   4.64852e-02  -1.85726e-02  -7.41733e-02  -1.31380e-02  -2.56133e-02  -6.14641e-02
T17    1.97029e+00  -4.71631e-02  -1.05346e-02   2.48421e-02   3.07523e-02  -1.48616e-01  -2.61560e-02   5.87161e-02  -2.05420e-02  -9.74645e-02  -9.41383e-02  -1.27623e-01   1.24975e-01  -1.35807e-01  -2.11956e-01  -1.14779e-01  -2.06256e-02  -1.31380e-02  -3.85063e-01  -1.66720e-01  -8.34278e-02
T18    8.21302e-01  -1.61959e-02   3.28198e-02  -1.52283e-02   4.54511e-03  -9.32872e-02   1.14079e-02   2.08505e-02  -5.44260e-03  -4.29418e-02  -1.16810e-01  -7.47214e-02   2.00915e-02  -9.34658e-02  -1.78551e-01  -7.68332e-02  -1.84717e-02  -2.56133e-02  -1.66720e-01  -1.47790e-01  -7.69105e-02
T19    5.30392e-01  -1.08034e-01   5.91229e-02   8.47227e-02   9.98751e-02  -1.32938e-01   5.45021e-02   7.63166e-02  -8.25242e-03   3.07840e-02  -2.13792e-01  -1.84952e-01   7.02026e-02  -1.17215e-01  -1.61570e-01   2.69914e-02   4.22040e-03  -6.14641e-02  -8.34278e-02  -7.69105e-02  -2.48288e-01
