T0   -3.98836e-01  -8.13419e-02   1.60539e-02   4.48295e-02   1.84116e-02  -2.48540e-03   1.44964e-02   3.69835e-02  -2.14731e-02   1.86377e-02  -1.89742e-02  -3.75328e-02   7.02077e-02  -2.23752e-02  -7.90363e-03   9.47756e-03   1.65665e-02  -1.93613e-03  -7.18464e-03   1.24717e-02  -4.07898e-02
T1   -1.03316e+00   1.60539e-02   5.01089e-02   8.67180e-02  -4.53318e-02  -2.66461e-03   7.51613e-02  -3.85233e-02   1.93012e-02   4.07292e-02   3.36985e-02  -6.60092e-03   2.23783e-01  -1.18604e-03  -3.99240e-03   8.65135e-03   4.97443e-02   6.03276e-02  -2.37438e-02   5.66799e-03   1.24847e-02
T2   -7.71740e-01   4.48295e-02   8.67180e-02  -7.56859e-02   2.42927e-02   9.70020e-03   3.42004e-02   8.81621e-02  -6.01525e-03   3.42405e-02   2.55488e-03   4.82230e-02   4.27199e-02  -3.47486e-04   2.43199e-03   3.61593e-02  -1.39207e-02   3.63946e-04  -1.65774e-03  -2.95582e-02   3.92583e-02
T3   -1.33398e+00   1.84116e-02  -4.53318e-02   2.42927e-02   6.69317e-02   4.46329e-02   7.40347e-02   1.41798e-01   1.03422e-03  -1.04881e-02   2.87685e-02   4.27771e-02  -4.66654e-03   1.95382e-02   2.97715e-02   3.51198e-02   3.17715e-02   2.85785e-02  -7.27994e-03   3.89329e-04   3.47506e-02
T4    2.29564e+00  -2.48540e-03  -2.66461e-03   9.70020e-03   4.46329e-02  -4.82740e-01  -4.11441e-03   4.81377e-02  -9.12107e-03  -6.01785e-02  -4.26592e-02  -3.95088e-02   1.90860e-02  -7.28394e-02  -6.37259e-02  -1.50760e-02  -3.59397e-02  -6.45618e-03  -6.31124e-02  -2.81266e-02  -4.57175e-02
T5   -8.45507e-01   1.44964e-02   7.51613e-02   3.42004e-02   7.40347e-02  -4.11441e-03  -2.54183e-02   1.10425e-01   3.74028e-02   4.15381e-02   1.47886e-02  -7.52055e-03   1.23674e-01  -6.61873e-03  -5.98638e-03   2.36011e-02   2.22277e-02   2.68801e-02  -3.74142e-02  -6.30930e-03   2.58074e-02
T6   -1.77143e+00   3.69835e-02  -3.85233e-02   8.81621e-02   1.41798e-01   4.81377e-02   1.10425e-01   1.12642e-01   5.09701e-02   1.90966e-02   6.08038e-03   1.08042e-02  -3.12997e-03   1.73391e-02   9.02328e-03   6.78158e-02   7.52294e-02   7.30333e-02   4.91704e-04   1.65757e-03   2.36554e-02
T7   -6.59680e-01  -2.14731e-02   1.93012e-02  -6.01525e-03   1.03422e-03  -9.12107e-03   3.74028e-02   5.09701e-02  -6.67116e-02  -1.70773e-02   1.69637e-02   3.02422e-02   6.63450e-02  -1.09576e-02   1.52552e-02  -1.21990e-02  -9.64921e-03  -1.19878e-02  -6.16254e-04   9.70255e-03  -3.95303e-03
T8    3.65451e-01   1.86377e-02   4.07292e-02   3.42405e-02  -1.04881e-02  -6.01785e-02   4.15381e-02   1.90966e-02  -1.70773e-02  -1.35181e-01   1.45003e-02   6.10109e-03   1.30772e-01  -3.27940e-02  -3.03672e-02  -3.12058e-04   3.06896e-03   1.46300e-02  -6.14422e-02  -3.25323e-02   1.49836e-02
T9    9.43372e-01  -1.89742e-02   3.36985e-02   2.55488e-03   2.87685e-02  -4.26592e-02   1.47886e-02   6.08038e-03   1.69637e-02   1.45003e-02  -1.51365e-01  -8.26874e-02  -2.47542e-02  -5.12201e-02  -8.29650e-02   4.04401e-02  -5.09373e-03  -1.87529e-02  -7.45112e-03  -4.10671e-02  -8.64350e-02
T10    1.92363e-01  -3.75328e-02  -6.60092e-03   4.82230e-02   4.27771e-02  -3.95088e-02  -7.52055e-03   1.08042e-02   3.02422e-02   6.10109e-03  -8.26874e-02  -1.15822e-01   2.43770e-02  -3.29461e-02  -7.32432e-02   2.15778e-02   3.73075e-03  -1.17933e-03  -3.79908e-02  -1.71857e-02  -7.15766e-02
T11   -1.71786e+00   7.02077e-02   2.23783e-01   4.27199e-02  -4.66654e-03   1.90860e-02   1.23674e-01  -3.12997e-03   6.63450e-02   1.30772e-01  -2.47542e-02   2.43770e-02   6.29990e-02   1.68204e-02  -5.90278e-03   9.14001e-02   6.58466e-02   7.55192e-02   3.94570e-02  -1.49173e-02   1.75970e-02
T12    1.81090e+00  -2.23752e-02  -1.18604e-03  -3.47486e-04   1.95382e-02  -7.28394e-02  -6.61873e-03   1.73391e-02  -1.09576e-02  -3.27940e-02  -5.12201e-02  -3.29461e-02   1.68204e-02  -2.82480e-01  -6.23719e-02  -4.78875e-04  -9.31847e-04  -6.38715e-03  -3.27049e-02  -3.17709e-02  -3.08663e-02
T13    1.29190e+00  -7.90363e-03  -3.99240e-03   2.43199e-03   2.97715e-02  -6.37259e-02  -5.98638e-03   9.02328e-03   1.52552e-02  -3.03672e-02  -8.29650e-02  -7.32432e-02  -5.90278e-03  -6.23719e-02  -1.30239e-01   1.11112e-02  -1.52195e-02  -1.60002e-02  -8.80369e-02  -7.78060e-02  -6.15264e-02
T14   -6.88008e-01   9.47756e-03   8.65135e-03   3.61593e-02   3.51198e-02  -1.50760e-02   2.36011e-02   6.78158e-02  -1.21990e-02  -3.12058e-04   4.04401e-02   2.15778e-02   9.14001e-02  -4.78875e-04   1.11112e-02  -5.45129e-02   3.22280e-02   2.40336e-02  -5.47597e-02  -2.62659e-02   1.48494e-02
T15   -6.70030e-01   1.65665e-02   4.97443e-02  -1.39207e-02   3.17715e-02  -3.59397e-02   2.22277e-02   7.52294e-02  -9.64921e-03   3.06896e-03  -5.09373e-03   3.73075e-03   6.58466e-02  -9.31847e-04  -1.52195e-02   3.22280e-02  -4.09661e-02  -1.23762e-02  -1.13871e-02  -9.40361e-03   6.01076e-03
T16   -4.21056e-01  -1.93613e-03   6.03276e-02   3.63946e-04   2.85785e-02  -6.45618e-03   2.68801e-02   7.30333e-02  -1.19878e-02   1.46300e-02  -1.87529e-02  -1.17933e-03   7.55192e-02  -6.38715e-03  -1.60002e-02   2.40336e-02  -1.23762e-02  -4.55175e-02  -1.03520e-02  -1.25850e-02  -2.86513e-02
T17    2.06608e+00  -7.18464e-03  -2.37438e-02  -1.65774e-03  -7.27994e-03  -6.31124e-02  -3.74142e-02   4.91704e-04  -6.16254e-04  -6.14422e-02  -7.45112e-03  -3.79908e-02   3.94570e-02  -3.27049e-02  -8.80369e-02  -5.47597e-02  -1.13871e-02  -1.03520e-02  -2.29779e-01  -7.72977e-02  -2.08636e-02
T18    8.48974e-01   1.24717e-02   5.66799e-03  -2.95582e-02   3.89329e-04  -2.81266e-02  -6.30930e-03   1.65757e-03   9.70255e-03  -3.25323e-02  -4.10671e-02  -1.71857e-02  -1.49173e-02  -3.17709e-02  -7.78060e-02  -2.62659e-02  -9.40361e-03  -1.25850e-02  -7.72977e-02  -8.86236e-02  -1.58492e-02
T19    4.96613e-01  -4.07898e-02   1.24847e-02   3.92583e-02   3.47506e-02  -4.57175e-02   2.58074e-02   2.36554e-02  -3.95303e-03   1.49836e-02  -8.64350e-02  -7.15766e-02   1.75970e-02  -3.08663e-02  -6.15264e-02   1.48494e-02   6.01076e-03  -2.86513e-02  -2.08636e-02  -1.58492e-02  -1.11639e-01
