T0   -4.21095e-01  -8.51547e-02   1.79334e-02   5.06237e-02   2.40976e-02  -2.76727e-03   1.80343e-02   4.33553e-02  -2.19495e-02   1.99314e-02  -2.33849e-02  -4.23999e-02   7.87579e-02  -2.49975e-02  -1.19604e-02   8.78784e-03   1.85611e-02  -2.25463e-04  -1.00543e-02   1.13204e-02  -4.56341e-02
T1   -1.02803e+00   1.79334e-02   5.74375e-02   8.98413e-02  -5.42131e-02  -1.43134e-03   7.65537e-02  -4.67014e-02   2.01593e-02   4.33937e-02   4.04204e-02  -1.95622e-03   2.38551e-01   3.67826e-03  -1.32670e-03   1.10084e-02   5.27919e-02   6.41456e-02  -2.63202e-02   5.57255e-03   1.69633e-02
T2   -7.88585e-01   5.06237e-02   8.98413e-02  -7.95563e-02   2.82825e-02   9.49353e-03   3.72783e-02   9.46642e-02  -5.51972e-03   3.63238e-02   6.74540e-03   5.43008e-02   4.35547e-02  -2.29872e-04   4.61958e-03   3.82177e-02  -1.19524e-02   5.34417e-04  -2.89811e-03  -3.14813e-02   4.48055e-02
T3   -1.35505e+00   2.40976e-02  -5.42131e-02   2.82825e-02   7.84311e-02   4.75898e-02   8.03442e-02   1.55079e-01   1.25663e-03  -1.42844e-02   3.44436e-02   4.95791e-02  -8.41436e-03   2.64553e-02   3.37639e-02   3.81375e-02   3.60842e-02   3.05706e-02  -8.15085e-03   5.15587e-04   4.25054e-02
T4    2.30866e+00  -2.76727e-03  -1.43134e-03   9.49353e-03   4.75898e-02  -5.12665e-01  -2.81134e-03   5.28460e-02  -1.28967e-02  -6.30510e-02  -4.83876e-02  -4.54868e-02   2.23123e-02  -7.85836e-02  -7.19184e-02  -1.82292e-02  -3.86297e-02  -8.83595e-03  -7.12898e-02  -3.28541e-02  -5.24377e-02
T5   -8.50716e-01   1.80343e-02   7.65537e-02   3.72783e-02   8.03442e-02  -2.81134e-03  -2.25685e-02   1.18849e-01   4.15221e-02   4.24251e-02   1.96049e-02  -5.51693e-03   1.29549e-01  -7.25385e-03  -6.46073e-03   2.62441e-02   2.51526e-02   2.99396e-02  -4.16081e-02  -7.15914e-03   3.11065e-02
T6   -1.78101e+00   4.33553e-02  -4.67014e-02   9.46642e-02   1.55079e-01   5.28460e-02   1.18849e-01   1.25435e-01   5.79933e-02   1.84899e-02   1.03193e-02   1.70738e-02  -6.91172e-03   2.27223e-02   1.14722e-02   7.31126e-02   8.21260e-02   7.96955e-02   9.37679e-05  -3.23989e-04   3.10518e-02
T7   -6.83663e-01  -2.19495e-02   2.01593e-02  -5.51972e-03   1.25663e-03  -1.28967e-02   4.15221e-02   5.79933e-02  -7.17601e-02  -1.97371e-02   1.94027e-02   3.40196e-02   7.17643e-02  -1.04867e-02   1.60199e-02  -1.24438e-02  -1.06929e-02  -1.29844e-02  -2.64084e-05   1.01020e-02  -2.75884e-03
T8    3.62991e-01   1.99314e-02   4.33937e-02   3.63238e-02  -1.42844e-02  -6.30510e-02   4.24251e-02   1.84899e-02  -1.97371e-02  -1.44812e-01   1.95990e-02   8.75589e-03   1.37180e-01  -3.52084e-02  -2.97561e-02   9.75596e-04   1.72643e-03   1.48405e-02  -6.53017e-02  -3.50141e-02   1.76443e-02
T9    9.52381e-01  -2.33849e-02   4.04204e-02   6.74540e-03   3.44436e-02  -4.83876e-02   1.96049e-02   1.03193e-02   1.94027e-02   1.95990e-02  -1.66690e-01  -9.57745e-02  -2.01705e-02  -5.97235e-02  -9.44530e-02   4.42551e-02  -4.18088e-03  -2.11451e-02  -1.58340e-02  -4.81313e-02  -9.81225e-02
T10    2.05599e-01  -4.23999e-02  -1.95622e-03   5.43008e-02   4.95791e-02  -4.54868e-02  -5.51693e-03   1.70738e-02   3.40196e-02   8.75589e-03  -9.57745e-02  -1.29989e-01   3.01391e-02  -4.20092e-02  -8.52425e-02   2.49928e-02   7.08888e-03  -1.57637e-03  -4.65961e-02  -2.20843e-02  -8.20298e-02
T11   -1.71340e+00   7.87579e-02   2.38551e-01   4.35547e-02  -8.41436e-03   2.23123e-02   1.29549e-01  -6.91172e-03   7.17643e-02   1.37180e-01  -2.01705e-02   3.01391e-02   7.09405e-02   2.13487e-02  -1.71702e-03   9.88379e-02   7.21632e-02   8.30931e-02   4.25214e-02  -1.69683e-02   2.30938e-02
T12    1.81028e+00  -2.49975e-02   3.67826e-03  -2.29872e-04   2.64553e-02  -7.85836e-02  -7.25385e-03   2.27223e-02  -1.04867e-02  -3.52084e-02  -5.97235e-02  -4.20092e-02   2.13487e-02  -2.97733e-01  -7.23848e-02   2.92368e-03  -3.40534e-04  -6.71327e-03  -3.93326e-02  -3.79579e-02  -3.94527e-02
T13    1.32149e+00  -1.19604e-02  -1.32670e-03   4.61958e-03   3.37639e-02  -7.19184e-02  -6.46073e-03   1.14722e-02   1.60199e-02  -2.97561e-02  -9.44530e-02  -8.52425e-02  -1.71702e-03  -7.23848e-02  -1.46553e-01   1.33333e-02  -1.57727e-02  -1.93044e-02  -9.65724e-02  -8.58050e-02  -7.06898e-02
T14   -6.90389e-01   8.78784e-03   1.10084e-02   3.82177e-02   3.81375e-02  -1.82292e-02   2.62441e-02   7.31126e-02  -1.24438e-02   9.75596e-04   4.42551e-02   2.49928e-02   9.88379e-02   2.92368e-03   1.33333e-02  -5.74258e-02   3.26164e-02   2.72762e-02  -5.76462e-02  -2.96704e-02   1.70190e-02
T15   -6.94928e-01   1.85611e-02   5.27919e-02  -1.19524e-02   3.60842e-02  -3.86297e-02   2.51526e-02   8.21260e-02  -1.06929e-02   1.72643e-03  -4.18088e-03   7.08888e-03   7.21632e-02  -3.40534e-04  -1.57727e-02   3.26164e-02  -4.15920e-02  -1.09594e-02  -1.55628e-02  -1.13473e-02   6.49869e-03
T16   -4.41442e-01  -2.25463e-04   6.41456e-02   5.34417e-04   3.05706e-02  -8.83595e-03   2.99396e-02   7.96955e-02  -1.29844e-02   1.48405e-02  -2.11451e-02  -1.57637e-03   8.30931e-02  -6.71327e-03  -1.93044e-02   2.72762e-02  -1.09594e-02  -4.41019e-02  -1.09319e-02  -1.32822e-02  -3.03198e-02
T17    2.11308e+00  -1.00543e-02  -2.63202e-02  -2.89811e-03  -8.15085e-03  -7.12898e-02  -4.16081e-02   9.37679e-05  -2.64084e-05  -6.53017e-02  -1.58340e-02  -4.65961e-02   4.25214e-02  -3.93326e-02  -9.65724e-02  -5.76462e-02  -1.55628e-02  -1.09319e-02  -2.43180e-01  -8.57536e-02  -2.84420e-02
T18    8.78930e-01   1.13204e-02   5.57255e-03  -3.14813e-02   5.15587e-04  -3.28541e-02  -7.15914e-03  -3.23989e-04   1.01020e-02  -3.50141e-02  -4.81313e-02  -2.20843e-02  -1.69683e-02  -3.79579e-02  -8.58050e-02  -2.96704e-02  -1.13473e-02  -1.32822e-02  -8.57536e-02  -9.38350e-02  -2.10033e-02
T19    4.94900e-01  -4.56341e-02   1.69633e-02   4.48055e-02   4.25054e-02  -5.24377e-02   3.11065e-02   3.10518e-02  -2.75884e-03   1.76443e-02  -9.81225e-02  -8.20298e-02   2.30938e-02  -3.94527e-02  -7.06898e-02   1.70190e-02   6.49869e-03  -3.03198e-02  -2.84420e-02  -2.10033e-02  -1.23123e-01
