T0   -3.87534e-01  -7.07258e-02   1.01079e-02   3.73996e-02   1.30727e-02   1.69794e-03   1.02022e-02   2.78460e-02  -1.90643e-02   1.30535e-02  -1.26788e-02  -3.01700e-02   5.61313e-02  -1.72829e-02  -2.21139e-03   8.01064e-03   1.47429e-02  -2.56631e-03  -3.02322e-03   1.41813e-02  -3.31138e-02
T1   -1.03667e+00   1.01079e-02   4.39315e-02   8.05105e-02  -3.48676e-02  -2.61716e-03   7.05938e-02  -2.78468e-02   1.77453e-02   3.81155e-02   2.38397e-02  -1.07409e-02   1.98588e-01  -7.01729e-03  -8.07154e-03   7.02898e-03   4.52885e-02   5.29544e-02  -2.32420e-02   6.02149e-03   6.81146e-03
T2   -7.35615e-01   3.73996e-02   8.05105e-02  -7.05886e-02   1.99304e-02   9.65420e-03   2.54826e-02   7.61874e-02  -3.29961e-03   3.42888e-02  -4.04988e-03   3.73652e-02   3.69200e-02  -3.45041e-03   9.37130e-04   3.37883e-02  -1.26698e-02  -2.67291e-03  -4.66688e-04  -2.61212e-02   3.21893e-02
T3   -1.30073e+00   1.30727e-02  -3.48676e-02   1.99304e-02   5.52276e-02   3.90206e-02   6.11099e-02   1.17941e-01   3.20947e-03  -2.57628e-03   1.95183e-02   3.11510e-02  -4.12863e-04   1.24780e-02   2.22199e-02   3.22569e-02   2.98646e-02   2.23844e-02  -8.31150e-03  -9.30904e-04   2.60591e-02
T4    2.26082e+00   1.69794e-03  -2.61716e-03   9.65420e-03   3.90206e-02  -4.34282e-01  -4.73731e-03   4.06716e-02  -3.98540e-03  -5.91540e-02  -3.34582e-02  -3.10864e-02   1.31076e-02  -5.97335e-02  -5.22688e-02  -1.12595e-02  -3.11920e-02  -3.88821e-03  -5.27022e-02  -2.05057e-02  -3.61008e-02
T5   -8.19939e-01   1.02022e-02   7.05938e-02   2.54826e-02   6.11099e-02  -4.73731e-03  -2.75430e-02   9.63486e-02   3.52343e-02   3.43803e-02   8.19000e-03  -1.25459e-02   1.12570e-01  -7.64558e-03  -5.09757e-03   2.24254e-02   1.82691e-02   2.17143e-02  -3.10938e-02  -5.29263e-03   1.88131e-02
T6   -1.74286e+00   2.78460e-02  -2.78468e-02   7.61874e-02   1.17941e-01   4.06716e-02   9.63486e-02   9.17714e-02   4.47106e-02   1.77206e-02  -3.17868e-03   3.41525e-03   4.10005e-03   1.18280e-02   5.90725e-03   5.73811e-02   6.52122e-02   6.07784e-02   4.89894e-03   2.39525e-03   1.55892e-02
T7   -6.47067e-01  -1.90643e-02   1.77453e-02  -3.29961e-03   3.20947e-03  -3.98540e-03   3.52343e-02   4.47106e-02  -6.05128e-02  -1.41616e-02   1.30059e-02   2.54994e-02   6.00204e-02  -1.02404e-02   1.24953e-02  -1.04002e-02  -6.37429e-03  -9.00268e-03  -3.49381e-03   6.06086e-03  -5.54511e-03
T8    3.89583e-01   1.30535e-02   3.81155e-02   3.42888e-02  -2.57628e-03  -5.91540e-02   3.43803e-02   1.77206e-02  -1.41616e-02  -1.17823e-01   9.89904e-03   1.69032e-03   1.16944e-01  -3.11967e-02  -3.02344e-02  -3.49645e-05   5.83743e-03   1.23503e-02  -5.68949e-02  -2.85828e-02   9.85048e-03
T9    9.32196e-01  -1.26788e-02   2.38397e-02  -4.04988e-03   1.95183e-02  -3.34582e-02   8.19000e-03  -3.17868e-03   1.30059e-02   9.89904e-03  -1.27108e-01  -6.30539e-02  -2.90463e-02  -3.79606e-02  -6.43933e-02   3.28309e-02  -6.80326e-03  -1.64599e-02   3.28393e-03  -3.07027e-02  -6.79869e-02
T10    1.73710e-01  -3.01700e-02  -1.07409e-02   3.73652e-02   3.11510e-02  -3.10864e-02  -1.25459e-02   3.41525e-03   2.54994e-02   1.69032e-03  -6.30539e-02  -9.47393e-02   1.52814e-02  -2.14303e-02  -5.58764e-02   1.67861e-02  -4.75252e-04  -1.38753e-03  -2.49152e-02  -9.63396e-03  -5.57394e-02
T11   -1.70797e+00   5.61313e-02   1.98588e-01   3.69200e-02  -4.12863e-04   1.31076e-02   1.12570e-01   4.10005e-03   6.00204e-02   1.16944e-01  -2.90463e-02   1.52814e-02   4.91975e-02   6.08308e-03  -9.42057e-03   8.21452e-02   5.70001e-02   6.30277e-02   3.33117e-02  -1.29194e-02   8.72991e-03
T12    1.81002e+00  -1.72829e-02  -7.01729e-03  -3.45041e-03   1.24780e-02  -5.97335e-02  -7.64558e-03   1.18280e-02  -1.02404e-02  -3.11967e-02  -3.79606e-02  -2.14303e-02   6.08308e-03  -2.58906e-01  -4.71133e-02  -3.44423e-03  -2.16802e-03  -5.46320e-03  -2.34673e-02  -1.96443e-02  -2.00596e-02
T13    1.24013e+00  -2.21139e-03  -8.07154e-03   9.37130e-04   2.22199e-02  -5.22688e-02  -5.09757e-03   5.90725e-03   1.24953e-02  -3.02344e-02  -6.43933e-02  -5.58764e-02  -9.42057e-03  -4.71133e-02  -1.08321e-01   6.66323e-03  -1.47295e-02  -1.21330e-02  -6.86364e-02  -6.41969e-02  -4.76279e-02
T14   -6.83063e-01   8.01064e-03   7.02898e-03   3.37883e-02   3.22569e-02  -1.12595e-02   2.24254e-02   5.73811e-02  -1.04002e-02  -3.49645e-05   3.28309e-02   1.67861e-02   8.21452e-02  -3.44423e-03   6.66323e-03  -5.05841e-02   3.15161e-02   1.91770e-02  -4.88920e-02  -2.20834e-02   1.15952e-02
T15   -6.39342e-01   1.47429e-02   4.52885e-02  -1.26698e-02   2.98646e-02  -3.11920e-02   1.82691e-02   6.52122e-02  -6.37429e-03   5.83743e-03  -6.80326e-03  -4.75252e-04   5.70001e-02  -2.16802e-03  -1.47295e-02   3.15161e-02  -3.97273e-02  -1.08239e-02  -1.08336e-02  -8.01148e-03   1.09030e-03
T16   -3.85612e-01  -2.56631e-03   5.29544e-02  -2.67291e-03   2.23844e-02  -3.88821e-03   2.17143e-02   6.07784e-02  -9.00268e-03   1.23503e-02  -1.64599e-02  -1.38753e-03   6.30277e-02  -5.46320e-03  -1.21330e-02   1.91770e-02  -1.08239e-02  -4.38783e-02  -8.22751e-03  -9.46789e-03  -2.48480e-02
T17    1.98596e+00  -3.02322e-03  -2.32420e-02  -4.66688e-04  -8.31150e-03  -5.27022e-02  -3.10938e-02   4.89894e-03  -3.49381e-03  -5.68949e-02   3.28393e-03  -2.49152e-02   3.33117e-02  -2.34673e-02  -6.86364e-02  -4.88920e-02  -1.08336e-02  -8.22751e-03  -2.03118e-01  -6.74212e-02  -8.49731e-03
T18    8.03551e-01   1.41813e-02   6.02149e-03  -2.61212e-02  -9.30904e-04  -2.05057e-02  -5.29263e-03   2.39525e-03   6.06086e-03  -2.85828e-02  -3.07027e-02  -9.63396e-03  -1.29194e-02  -1.96443e-02  -6.41969e-02  -2.20834e-02  -8.01148e-03  -9.46789e-03  -6.74212e-02  -7.92735e-02  -8.53201e-03
T19    4.90438e-01  -3.31138e-02   6.81146e-03   3.21893e-02   2.60591e-02  -3.61008e-02   1.88131e-02   1.55892e-02  -5.54511e-03   9.85048e-03  -6.79869e-02  -5.57394e-02   8.72991e-03  -2.00596e-02  -4.76279e-02   1.15952e-02   1.09030e-03  -2.48480e-02  -8.49731e-03  -8.53201e-03  -9.42842e-02
