T0   -4.52931e-01  -4.85410e-02   3.54789e-03   2.14596e-02   4.47615e-03   1.16206e-02   3.80317e-03   1.41562e-02  -1.36444e-02   6.85300e-03   3.09724e-03  -1.13240e-02   3.24601e-02  -1.79755e-03   7.04969e-03   4.51168e-03   9.32453e-03  -1.31456e-03   3.88908e-03   1.35004e-02  -1.33871e-02
T1   -8.79146e-01   3.54789e-03   1.86727e-02   5.25636e-02  -1.88569e-02  -1.02839e-02   4.26209e-02  -1.66936e-02   1.30132e-02   2.25175e-02   8.27304e-03  -1.54692e-02   1.25422e-01  -1.32828e-02  -7.45333e-03   6.93159e-03   2.59291e-02   3.07965e-02  -1.68672e-02   5.52875e-03  -4.41672e-03
T2   -5.98660e-01   2.14596e-02   5.25636e-02  -5.33387e-02   1.37737e-02   8.36985e-03   1.08715e-02   4.64421e-02  -3.07714e-04   2.39331e-02  -9.79433e-03   2.13051e-02   1.96932e-02  -7.25739e-03  -3.78662e-03   2.83286e-02  -7.19998e-03  -2.38912e-03  -6.17156e-03  -2.38994e-02   1.57591e-02
T3   -1.15848e+00   4.47615e-03  -1.88569e-02   1.37737e-02   2.80617e-02   2.37008e-02   3.64127e-02   7.07645e-02   4.03297e-03   2.90258e-03   4.85062e-03   1.48015e-02   2.70102e-04   3.41148e-03   6.29545e-03   2.34262e-02   2.36969e-02   1.43073e-02  -1.52405e-02  -1.07600e-02   8.21197e-03
T4    2.05662e+00   1.16206e-02  -1.02839e-02   8.36985e-03   2.37008e-02  -3.11097e-01  -4.06370e-03   2.44131e-02   1.46580e-03  -4.65548e-02  -1.18801e-02  -1.03399e-02   5.16071e-03  -2.88365e-02  -2.15434e-02  -6.08888e-03  -2.06596e-02   1.96870e-03  -2.23991e-02  -5.44777e-03  -1.11093e-02
T5   -6.82359e-01   3.80317e-03   4.26209e-02   1.08715e-02   3.64127e-02  -4.06370e-03  -4.10971e-02   5.91747e-02   2.48926e-02   1.92703e-02   1.58700e-03  -1.28234e-02   6.85615e-02  -7.05709e-03  -5.00149e-03   2.00343e-02   1.12656e-02   1.14755e-02  -2.60424e-02  -5.61013e-03   8.85402e-03
T6   -1.58046e+00   1.41562e-02  -1.66936e-02   4.64421e-02   7.07645e-02   2.44131e-02   5.91747e-02   4.43380e-02   2.76794e-02   1.07703e-02  -1.03962e-02  -3.98743e-03   1.44302e-04  -9.26660e-04  -4.61647e-03   3.92711e-02   4.43041e-02   3.64406e-02  -2.72266e-03  -6.09710e-03   3.14558e-03
T7   -5.86145e-01  -1.36444e-02   1.30132e-02  -3.07714e-04   4.03297e-03   1.46580e-03   2.48926e-02   2.76794e-02  -4.05676e-02  -1.40004e-03   4.39208e-03   1.71455e-02   3.98998e-02  -6.56751e-03   5.08860e-03  -5.96298e-03   7.48273e-04  -5.04313e-03  -7.06717e-03   2.54320e-03  -7.92984e-03
T8    5.34048e-01   6.85300e-03   2.25175e-02   2.39331e-02   2.90258e-03  -4.65548e-02   1.92703e-02   1.07703e-02  -1.40004e-03  -7.97794e-02  -2.08675e-03  -7.04491e-03   7.12433e-02  -2.74021e-02  -2.11588e-02  -4.62136e-03   1.03831e-02   8.25961e-03  -3.57736e-02  -1.72069e-02   1.61029e-03
T9    7.11488e-01   3.09724e-03   8.27304e-03  -9.79433e-03   4.85062e-03  -1.18801e-02   1.58700e-03  -1.03962e-02   4.39208e-03  -2.08675e-03  -7.01192e-02  -2.37695e-02  -2.87451e-02  -9.93860e-03  -2.39288e-02   1.62306e-02  -6.50593e-03  -7.57953e-03   1.94140e-02  -6.33029e-03  -2.59859e-02
T10   -2.76728e-02  -1.13240e-02  -1.54692e-02   2.13051e-02   1.48015e-02  -1.03399e-02  -1.28234e-02  -3.98743e-03   1.71455e-02  -7.04491e-03  -2.37695e-02  -5.11704e-02   4.33028e-03  -2.13912e-03  -2.21617e-02   5.40111e-03  -2.35153e-03   3.08435e-03  -1.14842e-03   2.71794e-03  -2.08489e-02
T11   -1.53743e+00   3.24601e-02   1.25422e-01   1.96932e-02   2.70102e-04   5.16071e-03   6.85615e-02   1.44302e-04   3.98998e-02   7.12433e-02  -2.87451e-02   4.33028e-03   9.48365e-03  -1.10745e-02  -1.22074e-02   5.59416e-02   3.55179e-02   3.62172e-02   1.80727e-02  -1.19703e-02  -3.18316e-03
T12    1.71904e+00  -1.79755e-03  -1.32828e-02  -7.25739e-03   3.41148e-03  -2.88365e-02  -7.05709e-03  -9.26660e-04  -6.56751e-03  -2.74021e-02  -9.93860e-03  -2.13912e-03  -1.10745e-02  -1.97209e-01  -1.15272e-02  -8.24632e-03  -8.52871e-04   1.15510e-05  -6.12801e-04   2.90790e-03   8.98445e-04
T13    1.07167e+00   7.04969e-03  -7.45333e-03  -3.78662e-03   6.29545e-03  -2.15434e-02  -5.00149e-03  -4.61647e-03   5.08860e-03  -2.11588e-02  -2.39288e-02  -2.21617e-02  -1.22074e-02  -1.15272e-02  -6.01691e-02  -4.53907e-03  -1.51285e-02  -5.82292e-03  -2.73206e-02  -2.92917e-02  -1.57123e-02
T14   -6.23434e-01   4.51168e-03   6.93159e-03   2.83286e-02   2.34262e-02  -6.08888e-03   2.00343e-02   3.92711e-02  -5.96298e-03  -4.62136e-03   1.62306e-02   5.40111e-03   5.59416e-02  -8.24632e-03  -4.53907e-03  -3.52360e-02   2.46879e-02   1.07791e-02  -3.65514e-02  -1.49115e-02   2.20069e-03
T15   -5.65505e-01   9.32453e-03   2.59291e-02  -7.19998e-03   2.36969e-02  -2.06596e-02   1.12656e-02   4.43041e-02   7.48273e-04   1.03831e-02  -6.50593e-03  -2.35153e-03   3.55179e-02  -8.52871e-04  -1.51285e-02   2.46879e-02  -3.27279e-02  -7.32824e-03  -1.07086e-02  -1.00175e-02  -2.57149e-03
T16   -3.38358e-01  -1.31456e-03   3.07965e-02  -2.38912e-03   1.43073e-02   1.96870e-03   1.14755e-02   3.64406e-02  -5.04313e-03   8.25961e-03  -7.57953e-03   3.08435e-03   3.62172e-02   1.15510e-05  -5.82292e-03   1.07791e-02  -7.32824e-03  -3.62977e-02  -5.44551e-03  -8.35895e-03  -1.36808e-02
T17    1.86753e+00   3.88908e-03  -1.68672e-02  -6.17156e-03  -1.52405e-02  -2.23991e-02  -2.60424e-02  -2.72266e-03  -7.06717e-03  -3.57736e-02   1.94140e-02  -1.14842e-03   1.80727e-02  -6.12801e-04  -2.73206e-02  -3.65514e-02  -1.07086e-02  -5.44551e-03  -1.39230e-01  -3.40564e-02   1.02603e-02
T18    7.56356e-01   1.35004e-02   5.52875e-03  -2.38994e-02  -1.07600e-02  -5.44777e-03  -5.61013e-03  -6.09710e-03   2.54320e-03  -1.72069e-02  -6.33029e-03   2.71794e-03  -1.19703e-02   2.90790e-03  -2.92917e-02  -1.49115e-02  -1.00175e-02  -8.35895e-03  -3.40564e-02  -5.01368e-02   6.63515e-03
T19    3.13832e-01  -1.33871e-02  -4.41672e-03   1.57591e-02   8.21197e-03  -1.11093e-02   8.85402e-03   3.14558e-03  -7.92984e-03   1.61029e-03  -2.59859e-02  -2.08489e-02  -3.18316e-03   8.98445e-04  -1.57123e-02   2.20069e-03  -2.57149e-03  -1.36808e-02   1.02603e-02   6.63515e-03  -4.94143e-02
