T0   -4.32163e-01  -1.35505e-01   4.40031e-02   8.82764e-02   8.48000e-02  -4.47350e-02   4.71768e-02   1.10330e-01  -3.16477e-02   2.81520e-02  -7.49027e-02  -9.82975e-02   1.38336e-01  -6.45279e-02  -6.08076e-02   2.82441e-02   3.38815e-02  -1.15737e-03  -4.58359e-02  -1.54065e-02  -1.04266e-01
T1   -9.99262e-01   4.40031e-02   1.68655e-01   1.19454e-01  -1.64940e-01   9.58832e-03   1.18607e-01  -1.32715e-01   1.54354e-02   7.83160e-02   1.10771e-01   6.79652e-02   4.12818e-01   5.82240e-02   5.94868e-02   2.02610e-02   5.84224e-02   7.52998e-02  -9.77708e-03   3.19223e-02   5.82047e-02
T2   -7.36163e-01   8.82764e-02   1.19454e-01  -1.22154e-01   4.01356e-02  -1.24455e-03   5.49642e-02   1.47443e-01  -1.67395e-02   3.92606e-02   4.43540e-02   1.17760e-01   6.39276e-02   2.47310e-02   3.70398e-02   6.05044e-02  -1.65105e-02  -4.31387e-03   2.30353e-02  -1.53371e-02   8.13414e-02
T3   -1.31622e+00   8.48000e-02  -1.64940e-01   4.01356e-02   1.81087e-01   5.32984e-02   1.25845e-01   2.84954e-01   1.25601e-02  -6.20383e-02   1.06345e-01   1.31979e-01  -7.62814e-02   8.41601e-02   1.01426e-01   7.57346e-02   5.89779e-02   5.14921e-02   2.90056e-02   4.06818e-03   9.47125e-02
T4    2.52569e+00  -4.47350e-02   9.58832e-03  -1.24455e-03   5.32984e-02  -8.03595e-01  -1.34933e-02   7.55321e-02  -4.96200e-02  -9.30031e-02  -1.22431e-01  -1.20947e-01   4.09457e-02  -1.68325e-01  -1.61287e-01  -5.72847e-02  -8.01809e-02  -4.19884e-02  -1.43283e-01  -9.04073e-02  -1.29025e-01
T5   -8.22956e-01   4.71768e-02   1.18607e-01   5.49642e-02   1.25845e-01  -1.34933e-02   2.63734e-02   1.94538e-01   5.22873e-02   7.25531e-02   5.86539e-02   4.68862e-02   2.01459e-01   1.21955e-02   4.01213e-02   5.28396e-02   3.58482e-02   2.93322e-02  -2.76715e-02   1.04041e-02   5.01646e-02
T6   -1.72797e+00   1.10330e-01  -1.32715e-01   1.47443e-01   2.84954e-01   7.55321e-02   1.94538e-01   2.49165e-01   1.12017e-01   8.81421e-03   7.31118e-02   1.04066e-01  -5.27578e-02   8.68820e-02   9.44046e-02   1.38417e-01   1.26625e-01   1.15744e-01   5.32941e-02   1.96254e-02   7.20001e-02
T7   -6.67945e-01  -3.16477e-02   1.54354e-02  -1.67395e-02   1.25601e-02  -4.96200e-02   5.22873e-02   1.12017e-01  -1.03227e-01  -3.33450e-02   3.10541e-02   5.36867e-02   9.28093e-02  -1.87912e-02   5.92943e-03  -1.15515e-02  -1.82845e-02  -1.72433e-02  -1.99142e-02  -5.04014e-03  -6.56897e-03
T8    3.27402e-01   2.81520e-02   7.83160e-02   3.92606e-02  -6.20383e-02  -9.30031e-02   7.25531e-02   8.81421e-03  -3.33450e-02  -2.27686e-01   5.41777e-02   5.21718e-02   2.25190e-01  -3.44029e-02  -1.35359e-02   8.11216e-03  -2.04837e-02   5.75728e-03  -9.51840e-02  -4.04821e-02   2.89615e-02
T9    8.69221e-01  -7.49027e-02   1.10771e-01   4.43540e-02   1.06345e-01  -1.22431e-01   5.86539e-02   7.31118e-02   3.10541e-02   5.41777e-02  -3.11376e-01  -2.15073e-01   3.83646e-02  -1.43768e-01  -2.06957e-01   6.65802e-02   1.82364e-03  -4.45677e-02  -8.67064e-02  -1.13089e-01  -2.08330e-01
T10    7.01969e-02  -9.82975e-02   6.79652e-02   1.17760e-01   1.31979e-01  -1.20947e-01   4.68862e-02   1.04066e-01   5.36867e-02   5.21718e-02  -2.15073e-01  -2.54158e-01   1.29079e-01  -1.14690e-01  -1.87665e-01   4.19255e-02   2.18490e-02   3.08175e-04  -1.20999e-01  -7.29154e-02  -1.79731e-01
T11   -1.62412e+00   1.38336e-01   4.12818e-01   6.39276e-02  -7.62814e-02   4.09457e-02   2.01459e-01  -5.27578e-02   9.28093e-02   2.25190e-01   3.83646e-02   1.29079e-01   2.09742e-01   1.05986e-01   7.26834e-02   1.73985e-01   9.50419e-02   1.11092e-01   1.23773e-01   1.95452e-02   6.59559e-02
T12    1.69223e+00  -6.45279e-02   5.82240e-02   2.47310e-02   8.41601e-02  -1.68325e-01   1.21955e-02   8.68820e-02  -1.87912e-02  -3.44029e-02  -1.43768e-01  -1.14690e-01   1.05986e-01  -4.21075e-01  -1.82474e-01  -5.59479e-04   2.14334e-03  -1.78341e-02  -1.29945e-01  -9.07569e-02  -1.14434e-01
T13    1.15536e+00  -6.08076e-02   5.94868e-02   3.70398e-02   1.01426e-01  -1.61287e-01   4.01213e-02   9.44046e-02   5.92943e-03  -1.35359e-02  -2.06957e-01  -1.87665e-01   7.26834e-02  -1.82474e-01  -2.83494e-01   1.18514e-02  -2.43818e-02  -2.20438e-02  -2.04077e-01  -1.72658e-01  -1.56637e-01
T14   -6.28103e-01   2.82441e-02   2.02610e-02   6.05044e-02   7.57346e-02  -5.72847e-02   5.28396e-02   1.38417e-01  -1.15515e-02   8.11216e-03   6.65802e-02   4.19255e-02   1.73985e-01  -5.59479e-04   1.18514e-02  -7.45273e-02   5.42799e-02   4.84731e-02  -1.12282e-01  -7.51605e-02   2.48249e-02
T15   -6.52182e-01   3.38815e-02   5.84224e-02  -1.65105e-02   5.89779e-02  -8.01809e-02   3.58482e-02   1.26625e-01  -1.82845e-02  -2.04837e-02   1.82364e-03   2.18490e-02   9.50419e-02   2.14334e-03  -2.43818e-02   5.42799e-02  -5.45551e-02  -1.74568e-02  -2.27878e-02  -1.85435e-02   4.42221e-03
T16   -3.76113e-01  -1.15737e-03   7.52998e-02  -4.31387e-03   5.14921e-02  -4.19884e-02   2.93322e-02   1.15744e-01  -1.72433e-02   5.75728e-03  -4.45677e-02   3.08175e-04   1.11092e-01  -1.78341e-02  -2.20438e-02   4.84731e-02  -1.74568e-02  -7.30420e-02  -1.55999e-02  -2.60878e-02  -6.01386e-02
T17    1.97019e+00  -4.58359e-02  -9.77708e-03   2.30353e-02   2.90056e-02  -1.43283e-01  -2.76715e-02   5.32941e-02  -1.99142e-02  -9.51840e-02  -8.67064e-02  -1.20999e-01   1.23773e-01  -1.29945e-01  -2.04077e-01  -1.12282e-01  -2.27878e-02  -1.55999e-02  -3.76970e-01  -1.60959e-01  -7.96307e-02
T18    8.27227e-01  -1.54065e-02   3.19223e-02  -1.53371e-02   4.06818e-03  -9.04073e-02   1.04041e-02   1.96254e-02  -5.04014e-03  -4.04821e-02  -1.13089e-01  -7.29154e-02   1.95452e-02  -9.07569e-02  -1.72658e-01  -7.51605e-02  -1.85435e-02  -2.60878e-02  -1.60959e-01  -1.42908e-01  -7.43488e-02
T19    5.45680e-01  -1.04266e-01   5.82047e-02   8.13414e-02   9.47125e-02  -1.29025e-01   5.01646e-02   7.20001e-02  -6.56897e-03   2.89615e-02  -2.08330e-01  -1.79731e-01   6.59559e-02  -1.14434e-01  -1.56637e-01   2.48249e-02   4.42221e-03  -6.01386e-02  -7.96307e-02  -7.43488e-02  -2.43407e-01
