T0   -4.30929e-01  -5.52206e-02   5.46494e-03   2.58803e-02   6.44300e-03   9.91723e-03   5.60375e-03   1.71152e-02  -1.50612e-02   8.00170e-03  -1.05615e-03  -1.62925e-02   3.94908e-02  -6.05369e-03   5.46532e-03   4.87114e-03   1.05580e-02  -1.25924e-03   2.13077e-03   1.41083e-02  -1.84221e-02
T1   -9.50623e-01   5.46494e-03   2.54960e-02   6.14777e-02  -2.26815e-02  -6.31240e-03   5.32139e-02  -1.73523e-02   1.41157e-02   2.86967e-02   1.10868e-02  -1.60363e-02   1.48229e-01  -1.42494e-02  -6.85247e-03   5.18426e-03   3.23418e-02   3.80527e-02  -1.74713e-02   7.05112e-03  -2.03499e-03
T2   -6.57280e-01   2.58803e-02   6.14777e-02  -5.95097e-02   1.76944e-02   9.21681e-03   1.43532e-02   5.50227e-02  -2.19177e-03   2.55158e-02  -7.92195e-03   2.58395e-02   2.40957e-02  -4.39395e-03  -1.73767e-03   3.08531e-02  -8.84847e-03  -1.16796e-03  -5.43649e-03  -2.57526e-02   2.02818e-02
T3   -1.22303e+00   6.44300e-03  -2.26815e-02   1.76944e-02   3.55620e-02   2.89692e-02   4.48309e-02   8.41223e-02   4.02186e-03   4.09399e-03   8.86522e-03   1.92324e-02   2.56774e-04   4.96132e-03   1.02088e-02   2.74510e-02   2.58365e-02   1.67749e-02  -1.56692e-02  -8.79495e-03   1.28388e-02
T4    2.13190e+00   9.91723e-03  -6.31240e-03   9.21681e-03   2.89692e-02  -3.49432e-01  -3.70748e-03   2.98043e-02   1.19157e-03  -5.11451e-02  -1.95932e-02  -1.64554e-02   8.32398e-03  -3.74272e-02  -3.03305e-02  -7.33872e-03  -2.30745e-02   3.50993e-04  -3.20544e-02  -1.05632e-02  -1.99261e-02
T5   -7.34760e-01   5.60375e-03   5.32139e-02   1.43532e-02   4.48309e-02  -3.70748e-03  -3.82021e-02   6.87800e-02   2.89331e-02   2.31430e-02   3.26682e-03  -1.36911e-02   8.15592e-02  -1.02814e-02  -5.96914e-03   2.12121e-02   1.38458e-02   1.42011e-02  -2.84665e-02  -5.03813e-03   1.08476e-02
T6   -1.64425e+00   1.71152e-02  -1.73523e-02   5.50227e-02   8.41223e-02   2.98043e-02   6.87800e-02   5.57221e-02   3.31876e-02   1.28814e-02  -8.66219e-03  -3.34401e-03   6.94687e-04   3.96125e-03  -2.11973e-03   4.63800e-02   5.09949e-02   4.38968e-02  -2.08821e-03  -2.63941e-03   6.78835e-03
T7   -6.26951e-01  -1.50612e-02   1.41157e-02  -2.19177e-03   4.02186e-03   1.19157e-03   2.89331e-02   3.31876e-02  -4.81194e-02  -5.98029e-03   7.64936e-03   2.11351e-02   4.61141e-02  -7.50953e-03   7.65138e-03  -6.86500e-03  -2.02865e-03  -5.91309e-03  -6.31370e-03   4.51422e-03  -5.66438e-03
T8    4.73888e-01   8.00170e-03   2.86967e-02   2.55158e-02   4.09399e-03  -5.11451e-02   2.31430e-02   1.28814e-02  -5.98029e-03  -9.59151e-02   2.23752e-03  -4.55957e-03   8.76287e-02  -2.89270e-02  -2.45498e-02  -4.36942e-03   8.32852e-03   1.06656e-02  -4.14987e-02  -2.01024e-02   4.35280e-03
T9    8.14407e-01  -1.05615e-03   1.10868e-02  -7.92195e-03   8.86522e-03  -1.95932e-02   3.26682e-03  -8.66219e-03   7.64936e-03   2.23752e-03  -8.66373e-02  -3.50223e-02  -3.14655e-02  -1.70347e-02  -3.66549e-02   2.12574e-02  -6.09622e-03  -1.15527e-02   1.60408e-02  -1.34176e-02  -3.85317e-02
T10    6.24953e-02  -1.62925e-02  -1.60363e-02   2.58395e-02   1.92324e-02  -1.64554e-02  -1.36911e-02  -3.34401e-03   2.11351e-02  -4.55957e-03  -3.50223e-02  -6.33756e-02   6.87636e-03  -7.30581e-03  -3.27146e-02   7.96739e-03  -1.23465e-03   1.81949e-03  -7.86460e-03  -1.13783e-03  -3.15003e-02
T11   -1.60763e+00   3.94908e-02   1.48229e-01   2.40957e-02   2.56774e-04   8.32398e-03   8.15592e-02   6.94687e-04   4.61141e-02   8.76287e-02  -3.14655e-02   6.87636e-03   1.87825e-02  -8.68556e-03  -1.01962e-02   6.24677e-02   4.18383e-02   4.59388e-02   2.29257e-02  -1.06122e-02  -2.78903e-04
T12    1.76635e+00  -6.05369e-03  -1.42494e-02  -4.39395e-03   4.96132e-03  -3.74272e-02  -1.02814e-02   3.96125e-03  -7.50953e-03  -2.89270e-02  -1.70347e-02  -7.30581e-03  -8.68556e-03  -2.14762e-01  -2.26385e-02  -5.36344e-03  -1.38214e-03  -1.02867e-03  -8.85994e-03  -4.33691e-03  -5.17769e-03
T13    1.14689e+00   5.46532e-03  -6.85247e-03  -1.73767e-03   1.02088e-02  -3.03305e-02  -5.96914e-03  -2.11973e-03   7.65138e-03  -2.45498e-02  -3.66549e-02  -3.27146e-02  -1.01962e-02  -2.26385e-02  -7.55197e-02  -1.38995e-03  -1.37846e-02  -8.08633e-03  -3.73434e-02  -4.11281e-02  -2.45280e-02
T14   -6.59926e-01   4.87114e-03   5.18426e-03   3.08531e-02   2.74510e-02  -7.33872e-03   2.12121e-02   4.63800e-02  -6.86500e-03  -4.36942e-03   2.12574e-02   7.96739e-03   6.24677e-02  -5.36344e-03  -1.38995e-03  -3.81015e-02   2.74979e-02   1.44169e-02  -4.00528e-02  -1.71249e-02   5.15338e-03
T15   -6.02306e-01   1.05580e-02   3.23418e-02  -8.84847e-03   2.58365e-02  -2.30745e-02   1.38458e-02   5.09949e-02  -2.02865e-03   8.32852e-03  -6.09622e-03  -1.23465e-03   4.18383e-02  -1.38214e-03  -1.37846e-02   2.74979e-02  -3.59148e-02  -8.78462e-03  -1.13821e-02  -9.39688e-03  -9.23749e-04
T16   -3.56531e-01  -1.25924e-03   3.80527e-02  -1.16796e-03   1.67749e-02   3.50993e-04   1.42011e-02   4.38968e-02  -5.91309e-03   1.06656e-02  -1.15527e-02   1.81949e-03   4.59388e-02  -1.02867e-03  -8.08633e-03   1.44169e-02  -8.78462e-03  -4.08907e-02  -6.61416e-03  -8.73579e-03  -1.75661e-02
T17    1.92244e+00   2.13077e-03  -1.74713e-02  -5.43649e-03  -1.56692e-02  -3.20544e-02  -2.84665e-02  -2.08821e-03  -6.31370e-03  -4.14987e-02   1.60408e-02  -7.86460e-03   2.29257e-02  -8.85994e-03  -3.73434e-02  -4.00528e-02  -1.13821e-02  -6.61416e-03  -1.57493e-01  -4.42403e-02   5.44771e-03
T18    7.77314e-01   1.41083e-02   7.05112e-03  -2.57526e-02  -8.79495e-03  -1.05632e-02  -5.03813e-03  -2.63941e-03   4.51422e-03  -2.01024e-02  -1.34176e-02  -1.13783e-03  -1.06122e-02  -4.33691e-03  -4.11281e-02  -1.71249e-02  -9.39688e-03  -8.73579e-03  -4.42403e-02  -5.85587e-02   1.66161e-03
T19    3.98534e-01  -1.84221e-02  -2.03499e-03   2.02818e-02   1.28388e-02  -1.99261e-02   1.08476e-02   6.78835e-03  -5.66438e-03   4.35280e-03  -3.85317e-02  -3.15003e-02  -2.78903e-04  -5.17769e-03  -2.45280e-02   5.15338e-03  -9.23749e-04  -1.75661e-02   5.44771e-03   1.66161e-03  -6.44002e-02
