T0   -4.38335e-01  -5.24277e-02   4.45697e-03   2.45364e-02   5.22320e-03   1.06162e-02   4.76873e-03   1.57593e-02  -1.47476e-02   6.96189e-03   4.14931e-04  -1.46383e-02   3.69478e-02  -4.64066e-03   5.95849e-03   4.49508e-03   1.10503e-02  -9.38107e-04   2.68162e-03   1.38754e-02  -1.69452e-02
T1   -9.27643e-01   4.45697e-03   2.37445e-02   5.90897e-02  -2.17361e-02  -7.49669e-03   4.96214e-02  -1.71294e-02   1.38076e-02   2.61989e-02   1.03090e-02  -1.58940e-02   1.41049e-01  -1.41351e-02  -6.80951e-03   6.31436e-03   3.00954e-02   3.57597e-02  -1.69114e-02   6.25236e-03  -3.39798e-03
T2   -6.39915e-01   2.45364e-02   5.90897e-02  -5.77019e-02   1.66375e-02   1.00278e-02   1.26591e-02   5.17204e-02  -1.90350e-03   2.45279e-02  -8.29729e-03   2.47522e-02   2.30012e-02  -6.22813e-03  -2.26726e-03   3.02787e-02  -8.80260e-03  -2.33478e-03  -5.05546e-03  -2.47048e-02   1.89433e-02
T3   -1.20430e+00   5.22320e-03  -2.17361e-02   1.66375e-02   3.27356e-02   2.73767e-02   4.24073e-02   8.02752e-02   4.03184e-03   4.98228e-03   7.54119e-03   1.82405e-02  -3.19941e-04   3.82034e-03   9.54806e-03   2.61845e-02   2.47250e-02   1.57851e-02  -1.56280e-02  -9.41989e-03   1.15936e-02
T4    2.10688e+00   1.06162e-02  -7.49669e-03   1.00278e-02   2.73767e-02  -3.38371e-01  -4.90672e-03   2.95021e-02   2.05778e-03  -4.99640e-02  -1.71775e-02  -1.49360e-02   7.01498e-03  -3.40943e-02  -2.75726e-02  -6.75900e-03  -2.22128e-02   4.82710e-04  -2.84285e-02  -9.68077e-03  -1.71848e-02
T5   -7.17941e-01   4.76873e-03   4.96214e-02   1.26591e-02   4.24073e-02  -4.90672e-03  -3.76208e-02   6.51494e-02   2.81183e-02   2.23089e-02   2.48704e-03  -1.35200e-02   7.76357e-02  -8.74142e-03  -5.59181e-03   2.09283e-02   1.28004e-02   1.32339e-02  -2.80951e-02  -5.26685e-03   9.96632e-03
T6   -1.62498e+00   1.57593e-02  -1.71294e-02   5.17204e-02   8.02752e-02   2.95021e-02   6.51494e-02   5.17801e-02   3.11512e-02   1.24488e-02  -9.11228e-03  -3.41995e-03   2.28797e-04   2.78054e-03  -2.80184e-03   4.42591e-02   4.84555e-02   4.18373e-02  -2.53469e-03  -3.09935e-03   5.66409e-03
T7   -6.16872e-01  -1.47476e-02   1.38076e-02  -1.90350e-03   4.03184e-03   2.05778e-03   2.81183e-02   3.11512e-02  -4.57101e-02  -4.52210e-03   6.76020e-03   1.98319e-02   4.45865e-02  -7.45128e-03   6.99637e-03  -6.87792e-03  -1.43137e-03  -5.61708e-03  -7.01134e-03   4.09359e-03  -5.96786e-03
T8    4.92538e-01   6.96189e-03   2.61989e-02   2.45279e-02   4.98228e-03  -4.99640e-02   2.23089e-02   1.24488e-02  -4.52210e-03  -9.15822e-02   4.13158e-04  -5.62513e-03   8.19515e-02  -2.76604e-02  -2.24726e-02  -4.10978e-03   8.95541e-03   9.29669e-03  -3.89864e-02  -1.95118e-02   3.96744e-03
T9    7.83979e-01   4.14931e-04   1.03090e-02  -8.29729e-03   7.54119e-03  -1.71775e-02   2.48704e-03  -9.11228e-03   6.76020e-03   4.13158e-04  -8.11803e-02  -3.13912e-02  -3.07565e-02  -1.43869e-02  -3.31169e-02   1.95078e-02  -6.09165e-03  -1.03670e-02   1.71064e-02  -1.14090e-02  -3.45110e-02
T10    3.45071e-02  -1.46383e-02  -1.58940e-02   2.47522e-02   1.82405e-02  -1.49360e-02  -1.35200e-02  -3.41995e-03   1.98319e-02  -5.62513e-03  -3.13912e-02  -5.95199e-02   6.17037e-03  -5.62433e-03  -2.95362e-02   7.52781e-03  -1.33265e-03   1.88342e-03  -6.36840e-03   9.30626e-05  -2.81154e-02
T11   -1.58534e+00   3.69478e-02   1.41049e-01   2.30012e-02  -3.19941e-04   7.01498e-03   7.76357e-02   2.28797e-04   4.45865e-02   8.19515e-02  -3.07565e-02   6.17037e-03   1.54747e-02  -1.00593e-02  -1.09407e-02   6.03322e-02   4.03634e-02   4.31733e-02   2.24142e-02  -1.17233e-02  -1.41917e-03
T12    1.75259e+00  -4.64066e-03  -1.41351e-02  -6.22813e-03   3.82034e-03  -3.40943e-02  -8.74142e-03   2.78054e-03  -7.45128e-03  -2.76604e-02  -1.43869e-02  -5.62433e-03  -1.00593e-02  -2.09629e-01  -1.91399e-02  -6.52898e-03  -7.15101e-04   3.45049e-04  -6.92131e-03  -1.77643e-03  -3.68287e-03
T13    1.12682e+00   5.95849e-03  -6.80951e-03  -2.26726e-03   9.54806e-03  -2.75726e-02  -5.59181e-03  -2.80184e-03   6.99637e-03  -2.24726e-02  -3.31169e-02  -2.95362e-02  -1.09407e-02  -1.91399e-02  -7.13254e-02  -2.38171e-03  -1.46326e-02  -6.82806e-03  -3.38670e-02  -3.79082e-02  -2.17825e-02
T14   -6.51368e-01   4.49508e-03   6.31436e-03   3.02787e-02   2.61845e-02  -6.75900e-03   2.09283e-02   4.42591e-02  -6.87792e-03  -4.10978e-03   1.95078e-02   7.52781e-03   6.03322e-02  -6.52898e-03  -2.38171e-03  -3.83750e-02   2.60110e-02   1.38325e-02  -3.86666e-02  -1.54239e-02   4.28605e-03
T15   -5.91400e-01   1.10503e-02   3.00954e-02  -8.80260e-03   2.47250e-02  -2.22128e-02   1.28004e-02   4.84555e-02  -1.43137e-03   8.95541e-03  -6.09165e-03  -1.33265e-03   4.03634e-02  -7.15101e-04  -1.46326e-02   2.60110e-02  -3.55229e-02  -8.46774e-03  -9.85151e-03  -9.02707e-03  -1.48468e-03
T16   -3.52444e-01  -9.38107e-04   3.57597e-02  -2.33478e-03   1.57851e-02   4.82710e-04   1.32339e-02   4.18373e-02  -5.61708e-03   9.29669e-03  -1.03670e-02   1.88342e-03   4.31733e-02   3.45049e-04  -6.82806e-03   1.38325e-02  -8.46774e-03  -3.94568e-02  -6.61824e-03  -8.54842e-03  -1.63317e-02
T17    1.90806e+00   2.68162e-03  -1.69114e-02  -5.05546e-03  -1.56280e-02  -2.84285e-02  -2.80951e-02  -2.53469e-03  -7.01134e-03  -3.89864e-02   1.71064e-02  -6.36840e-03   2.24142e-02  -6.92131e-03  -3.38670e-02  -3.86666e-02  -9.85151e-03  -6.61824e-03  -1.51016e-01  -4.23927e-02   6.70013e-03
T18    7.71921e-01   1.38754e-02   6.25236e-03  -2.47048e-02  -9.41989e-03  -9.68077e-03  -5.26685e-03  -3.09935e-03   4.09359e-03  -1.95118e-02  -1.14090e-02   9.30626e-05  -1.17233e-02  -1.77643e-03  -3.79082e-02  -1.54239e-02  -9.02707e-03  -8.54842e-03  -4.23927e-02  -5.61801e-02   3.05917e-03
T19    3.73235e-01  -1.69452e-02  -3.39798e-03   1.89433e-02   1.15936e-02  -1.71848e-02   9.96632e-03   5.66409e-03  -5.96786e-03   3.96744e-03  -3.45110e-02  -2.81154e-02  -1.41917e-03  -3.68287e-03  -2.17825e-02   4.28605e-03  -1.48468e-03  -1.63317e-02   6.70013e-03   3.05917e-03  -5.93529e-02
