T0   -8.00444e-01  -1.24298e-01   1.47230e-01   1.96635e-01   2.62814e-01  -9.98158e-02   1.82214e-01   3.32344e-01  -5.10811e-02   1.07721e-01  -1.28632e-01  -1.27841e-01   3.52345e-01  -8.98784e-02  -1.37400e-01   8.41319e-02   9.86563e-02   3.68611e-02  -1.15018e-01  -4.46868e-02  -1.64561e-01
T1   -5.98964e-01   1.47230e-01   3.66056e-01   1.56222e-01  -3.74439e-01   1.75137e-02   1.79521e-01  -3.29151e-01   7.00570e-03   1.65762e-01   1.51459e-01   1.00788e-01   7.20243e-01   1.36139e-01   3.92301e-02   4.56870e-02   8.41461e-02   8.58530e-02  -1.21435e-01  -2.91227e-02   8.17401e-02
T2   -5.65193e-01   1.96635e-01   1.56222e-01  -2.04977e-01   2.16588e-02   3.13819e-02   7.99035e-02   2.14515e-01  -7.43088e-02   4.96966e-02   2.00601e-01   3.27869e-01   1.20669e-01   1.41449e-01   1.21009e-01   5.27403e-02  -4.61085e-02  -1.97146e-02   3.67927e-02   4.39841e-04   1.97976e-01
T3   -1.08256e+00   2.62814e-01  -3.74439e-01   2.16588e-02   3.91117e-01   1.76960e-01   2.51704e-01   6.71676e-01  -1.39549e-03  -1.89085e-01   3.43504e-01   4.44853e-01  -2.37522e-01   3.01198e-01   2.86784e-01   1.44406e-01   3.13916e-02   7.62869e-02   7.74669e-02   5.48871e-03   2.75824e-01
T4    2.06279e+00  -9.98158e-02   1.75137e-02   3.13819e-02   1.76960e-01  -1.41119e+00   4.90599e-02   2.16513e-01  -1.02166e-01  -1.68171e-01  -2.30760e-01  -2.13326e-01   1.17326e-01  -2.68116e-01  -3.52407e-01  -1.13200e-01  -7.32303e-02  -4.35095e-02  -3.63661e-01  -2.24533e-01  -2.46756e-01
T5   -5.75231e-01   1.82214e-01   1.79521e-01   7.99035e-02   2.51704e-01   4.90599e-02   1.22917e-01   3.83047e-01   5.59065e-02   1.23457e-01   1.30762e-01   1.76839e-01   3.14900e-01   1.24723e-01   7.53160e-02   7.19943e-02   6.30868e-02   3.76513e-02  -8.69098e-02   6.58657e-03   1.00227e-01
T6   -1.35653e+00   3.32344e-01  -3.29151e-01   2.14515e-01   6.71676e-01   2.16513e-01   3.83047e-01   7.34432e-01   1.77497e-01  -6.34608e-02   2.43708e-01   3.65579e-01  -2.09135e-01   3.05060e-01   2.24703e-01   2.48995e-01   1.57472e-01   1.65295e-01   6.61982e-02   2.28290e-02   1.92582e-01
T7   -6.73489e-01  -5.10811e-02   7.00570e-03  -7.43088e-02  -1.39549e-03  -1.02166e-01   5.59065e-02   1.77497e-01  -1.98512e-01  -3.28163e-02   1.05884e-01   1.54248e-01   1.19671e-01  -8.71640e-03   2.33886e-02  -3.80912e-02  -7.52635e-02  -2.82679e-02  -3.38694e-02  -4.26575e-03   4.57753e-02
T8    4.78347e-01   1.07721e-01   1.65762e-01   4.96966e-02  -1.89085e-01  -1.68171e-01   1.23457e-01  -6.34608e-02  -3.28163e-02  -3.33258e-01   4.96142e-02   7.81957e-02   3.94453e-01  -5.65198e-02  -7.51102e-02  -7.32863e-03  -5.89556e-02  -2.24703e-02  -2.23212e-01  -1.59603e-01   2.52743e-02
T9    5.05101e-01  -1.28632e-01   1.51459e-01   2.00601e-01   3.43504e-01  -2.30760e-01   1.30762e-01   2.43708e-01   1.05884e-01   4.96142e-02  -5.81409e-01  -4.38935e-01   1.42077e-01  -2.95000e-01  -4.56347e-01   1.33150e-01   9.79702e-02  -5.98697e-02  -2.82775e-01  -3.33859e-01  -4.43177e-01
T10   -2.98995e-01  -1.27841e-01   1.00788e-01   3.27869e-01   4.44853e-01  -2.13326e-01   1.76839e-01   3.65579e-01   1.54248e-01   7.81957e-02  -4.38935e-01  -4.60519e-01   2.79703e-01  -2.31687e-01  -4.25871e-01   1.00989e-01   1.63270e-01   5.43453e-02  -3.36611e-01  -2.75610e-01  -3.86916e-01
T11   -1.14448e+00   3.52345e-01   7.20243e-01   1.20669e-01  -2.37522e-01   1.17326e-01   3.14900e-01  -2.09135e-01   1.19671e-01   3.94453e-01   1.42077e-01   2.79703e-01   5.62866e-01   2.70822e-01   1.58476e-01   3.34693e-01   1.52688e-01   1.43033e-01   1.16167e-01  -1.54088e-02   1.42235e-01
T12    1.29434e+00  -8.98784e-02   1.36139e-01   1.41449e-01   3.01198e-01  -2.68116e-01   1.24723e-01   3.05060e-01  -8.71640e-03  -5.65198e-02  -2.95000e-01  -2.31687e-01   2.70822e-01  -5.88175e-01  -4.10464e-01   6.37902e-03   7.39051e-02   9.68529e-03  -3.73887e-01  -2.70181e-01  -2.45805e-01
T13    1.03750e+00  -1.37400e-01   3.92301e-02   1.21009e-01   2.86784e-01  -3.52407e-01   7.53160e-02   2.24703e-01   2.33886e-02  -7.51102e-02  -4.56347e-01  -4.25871e-01   1.58476e-01  -4.10464e-01  -6.14184e-01  -4.85750e-02   4.73478e-03  -5.03005e-02  -4.88898e-01  -4.23422e-01  -3.71957e-01
T14   -4.30718e-01   8.41319e-02   4.56870e-02   5.27403e-02   1.44406e-01  -1.13200e-01   7.19943e-02   2.48995e-01  -3.80912e-02  -7.32863e-03   1.33150e-01   1.00989e-01   3.34693e-01   6.37902e-03  -4.85750e-02  -6.87264e-02   7.31005e-02   5.25015e-02  -3.33525e-01  -2.11113e-01   6.46614e-02
T15   -6.77300e-01   9.86563e-02   8.41461e-02  -4.61085e-02   3.13916e-02  -7.32303e-02   6.30868e-02   1.57472e-01  -7.52635e-02  -5.89556e-02   9.79702e-02   1.63270e-01   1.52688e-01   7.39051e-02   4.73478e-03   7.31005e-02  -7.87677e-02  -2.60566e-02  -2.72670e-02   1.81153e-03   5.90180e-02
T16   -4.02651e-01   3.68611e-02   8.58530e-02  -1.97146e-02   7.62869e-02  -4.35095e-02   3.76513e-02   1.65295e-01  -2.82679e-02  -2.24703e-02  -5.98697e-02   5.43453e-02   1.43033e-01   9.68529e-03  -5.03005e-02   5.25015e-02  -2.60566e-02  -1.05087e-01  -4.13633e-02  -4.63790e-02  -9.99874e-02
T17    2.05041e+00  -1.15018e-01  -1.21435e-01   3.67927e-02   7.74669e-02  -3.63661e-01  -8.69098e-02   6.61982e-02  -3.38694e-02  -2.23212e-01  -2.82775e-01  -3.36611e-01   1.16167e-01  -3.73887e-01  -4.88898e-01  -3.33525e-01  -2.72670e-02  -4.13633e-02  -6.25396e-01  -3.79535e-01  -2.48457e-01
T18    9.28625e-01  -4.46868e-02  -2.91227e-02   4.39841e-04   5.48871e-03  -2.24533e-01   6.58657e-03   2.28290e-02  -4.26575e-03  -1.59603e-01  -3.33859e-01  -2.75610e-01  -1.54088e-02  -2.70181e-01  -4.23422e-01  -2.11113e-01   1.81153e-03  -4.63790e-02  -3.79535e-01  -3.19981e-01  -2.53223e-01
T19    2.49436e-01  -1.64561e-01   8.17401e-02   1.97976e-01   2.75824e-01  -2.46756e-01   1.00227e-01   1.92582e-01   4.57753e-02   2.52743e-02  -4.43177e-01  -3.86916e-01   1.42235e-01  -2.45805e-01  -3.71957e-01   6.46614e-02   5.90180e-02  -9.99874e-02  -2.48457e-01  -2.53223e-01  -4.79407e-01
