T0   -3.95646e-01  -8.01633e-02   1.53217e-02   4.35637e-02   1.76354e-02  -1.94704e-03   1.37416e-02   3.54436e-02  -2.14948e-02   1.80231e-02  -1.80106e-02  -3.66082e-02   6.83953e-02  -2.16398e-02  -7.05062e-03   9.04329e-03   1.62524e-02  -1.76772e-03  -6.32867e-03   1.32914e-02  -4.00727e-02
T1   -1.03394e+00   1.53217e-02   4.93249e-02   8.61605e-02  -4.36649e-02  -1.99042e-03   7.42267e-02  -3.72484e-02   1.90845e-02   4.09768e-02   3.25524e-02  -7.09008e-03   2.20432e-01  -1.83921e-03  -4.92933e-03   8.37366e-03   4.95125e-02   5.97071e-02  -2.47534e-02   5.52897e-03   1.17443e-02
T2   -7.67791e-01   4.35637e-02   8.61605e-02  -7.60356e-02   2.38743e-02   1.03190e-02   3.33167e-02   8.67343e-02  -5.46605e-03   3.45216e-02   1.75528e-03   4.70194e-02   4.20827e-02   1.32866e-05   2.15462e-03   3.52078e-02  -1.36157e-02  -1.48563e-05  -2.12783e-03  -2.87225e-02   3.83053e-02
T3   -1.32975e+00   1.76354e-02  -4.36649e-02   2.38743e-02   6.50403e-02   4.56412e-02   7.22277e-02   1.38778e-01   1.05034e-03  -9.16907e-03   2.79594e-02   4.14806e-02  -4.74315e-03   1.84851e-02   2.80235e-02   3.51067e-02   3.19877e-02   2.75984e-02  -7.50544e-03   9.37238e-05   3.35394e-02
T4    2.28936e+00  -1.94704e-03  -1.99042e-03   1.03190e-02   4.56412e-02  -4.75985e-01  -4.43278e-03   4.79697e-02  -8.92275e-03  -6.06039e-02  -4.17601e-02  -3.88607e-02   1.86324e-02  -7.20749e-02  -6.20151e-02  -1.46225e-02  -3.60474e-02  -6.49559e-03  -6.21193e-02  -2.72177e-02  -4.40644e-02
T5   -8.42930e-01   1.37416e-02   7.42267e-02   3.33167e-02   7.22277e-02  -4.43278e-03  -2.49652e-02   1.08993e-01   3.71311e-02   4.13163e-02   1.38702e-02  -7.43528e-03   1.22529e-01  -8.60821e-03  -5.49796e-03   2.26505e-02   2.14336e-02   2.61793e-02  -3.63237e-02  -6.68528e-03   2.48597e-02
T6   -1.76878e+00   3.54436e-02  -3.72484e-02   8.67343e-02   1.38778e-01   4.79697e-02   1.08993e-01   1.10167e-01   5.01556e-02   1.95559e-02   4.56558e-03   9.94339e-03  -1.84356e-03   1.68688e-02   8.91870e-03   6.68395e-02   7.44926e-02   7.17294e-02   6.47795e-04   1.02869e-03   2.22661e-02
T7   -6.56477e-01  -2.14948e-02   1.90845e-02  -5.46605e-03   1.05034e-03  -8.92275e-03   3.71311e-02   5.01556e-02  -6.57054e-02  -1.71659e-02   1.65831e-02   2.95376e-02   6.50853e-02  -1.18705e-02   1.49420e-02  -1.18061e-02  -9.25712e-03  -1.15902e-02  -3.97980e-04   9.55032e-03  -4.18924e-03
T8    3.66031e-01   1.80231e-02   4.09768e-02   3.45216e-02  -9.16907e-03  -6.06039e-02   4.13163e-02   1.95559e-02  -1.71659e-02  -1.32298e-01   1.32873e-02   5.56341e-03   1.29583e-01  -3.26172e-02  -3.02600e-02  -5.90900e-04   3.77781e-03   1.47743e-02  -6.07402e-02  -3.22416e-02   1.37285e-02
T9    9.42918e-01  -1.80106e-02   3.25524e-02   1.75528e-03   2.79594e-02  -4.17601e-02   1.38702e-02   4.56558e-03   1.65831e-02   1.32873e-02  -1.48300e-01  -8.03629e-02  -2.55658e-02  -4.96814e-02  -8.03047e-02   3.95847e-02  -5.46846e-03  -1.87387e-02  -5.93711e-03  -4.00004e-02  -8.42151e-02
T10    1.89648e-01  -3.66082e-02  -7.09008e-03   4.70194e-02   4.14806e-02  -3.88607e-02  -7.43528e-03   9.94339e-03   2.95376e-02   5.56341e-03  -8.03629e-02  -1.13300e-01   2.33720e-02  -3.09345e-02  -7.12489e-02   2.09932e-02   2.98057e-03  -1.33582e-03  -3.64346e-02  -1.60860e-02  -6.95864e-02
T11   -1.71791e+00   6.83953e-02   2.20432e-01   4.20827e-02  -4.74315e-03   1.86324e-02   1.22529e-01  -1.84356e-03   6.50853e-02   1.29583e-01  -2.55658e-02   2.33720e-02   6.17766e-02   1.61768e-02  -5.84014e-03   8.95750e-02   6.47685e-02   7.41954e-02   3.98263e-02  -1.40579e-02   1.62299e-02
T12    1.80945e+00  -2.16398e-02  -1.83921e-03   1.32866e-05   1.84851e-02  -7.20749e-02  -8.60821e-03   1.68688e-02  -1.18705e-02  -3.26172e-02  -4.96814e-02  -3.09345e-02   1.61768e-02  -2.79197e-01  -6.00341e-02  -1.81559e-04  -1.20057e-03  -5.98188e-03  -3.22607e-02  -3.12033e-02  -2.92131e-02
T13    1.28533e+00  -7.05062e-03  -4.92933e-03   2.15462e-03   2.80235e-02  -6.20151e-02  -5.49796e-03   8.91870e-03   1.49420e-02  -3.02600e-02  -8.03047e-02  -7.12489e-02  -5.84014e-03  -6.00341e-02  -1.27697e-01   1.06709e-02  -1.55412e-02  -1.57994e-02  -8.56456e-02  -7.58773e-02  -5.95670e-02
T14   -6.86190e-01   9.04329e-03   8.37366e-03   3.52078e-02   3.51067e-02  -1.46225e-02   2.26505e-02   6.68395e-02  -1.18061e-02  -5.90900e-04   3.95847e-02   2.09932e-02   8.95750e-02  -1.81559e-04   1.06709e-02  -5.44669e-02   3.23629e-02   2.36595e-02  -5.38935e-02  -2.58687e-02   1.44707e-02
T15   -6.65537e-01   1.62524e-02   4.95125e-02  -1.36157e-02   3.19877e-02  -3.60474e-02   2.14336e-02   7.44926e-02  -9.25712e-03   3.77781e-03  -5.46846e-03   2.98057e-03   6.47685e-02  -1.20057e-03  -1.55412e-02   3.23629e-02  -4.05755e-02  -1.23394e-02  -1.18860e-02  -9.18930e-03   4.98155e-03
T16   -4.15832e-01  -1.76772e-03   5.97071e-02  -1.48563e-05   2.75984e-02  -6.49559e-03   2.61793e-02   7.17294e-02  -1.15902e-02   1.47743e-02  -1.87387e-02  -1.33582e-03   7.41954e-02  -5.98188e-03  -1.57994e-02   2.36595e-02  -1.23394e-02  -4.57212e-02  -9.36039e-03  -1.28914e-02  -2.82889e-02
T17    2.05571e+00  -6.32867e-03  -2.47534e-02  -2.12783e-03  -7.50544e-03  -6.21193e-02  -3.63237e-02   6.47795e-04  -3.97980e-04  -6.07402e-02  -5.93711e-03  -3.64346e-02   3.98263e-02  -3.22607e-02  -8.56456e-02  -5.38935e-02  -1.18860e-02  -9.36039e-03  -2.25641e-01  -7.68360e-02  -1.91007e-02
T18    8.43927e-01   1.32914e-02   5.52897e-03  -2.87225e-02   9.37238e-05  -2.72177e-02  -6.68528e-03   1.02869e-03   9.55032e-03  -3.22416e-02  -4.00004e-02  -1.60860e-02  -1.40579e-02  -3.12033e-02  -7.58773e-02  -2.58687e-02  -9.18930e-03  -1.28914e-02  -7.68360e-02  -8.72970e-02  -1.48030e-02
T19    4.98407e-01  -4.00727e-02   1.17443e-02   3.83053e-02   3.35394e-02  -4.40644e-02   2.48597e-02   2.22661e-02  -4.18924e-03   1.37285e-02  -8.42151e-02  -6.95864e-02   1.62299e-02  -2.92131e-02  -5.95670e-02   1.44707e-02   4.98155e-03  -2.82889e-02  -1.91007e-02  -1.48030e-02  -1.09367e-01
