T0   -6.11991e-01  -4.57369e-01  -1.59329e-03   2.01108e-01   4.71998e-01  -4.22462e-01   2.59801e-01   5.94543e-01  -5.49552e-01  -1.28675e-03  -2.64190e-01  -1.65894e-01   4.84756e-01  -2.80237e-01  -3.49560e-01   3.76798e-01  -2.10082e-02  -1.29075e-02  -2.09413e-01  -2.70148e-01  -3.96482e-01
T1   -1.47425e-01  -1.59329e-03   3.72774e-01   7.12972e-02  -4.70942e-01  -6.45238e-02   5.94347e-02  -3.81525e-01  -3.49082e-01  -1.19854e-01   2.50832e-01   1.15594e-01   8.97036e-01  -4.30198e-02  -2.50706e-01   1.85539e-01   2.01509e-02   5.19666e-02  -1.03870e+00  -6.20278e-01   1.61678e-01
T2   -6.84004e-02   2.01108e-01   7.12972e-02  -4.17717e-01   3.63649e-02  -5.75516e-02   1.55512e-01   4.74300e-01  -4.59740e-01  -1.71829e-02   5.20368e-01   6.45557e-01   1.15033e-01   2.86135e-01   2.00766e-01   5.17646e-01  -2.18761e-01  -1.57504e-01  -1.34854e-01  -2.29421e-02   4.82745e-01
T3   -4.62957e-01   4.71998e-01  -4.70942e-01   3.63649e-02   6.30335e-01   2.33268e-01   5.60807e-01   1.19127e+00  -1.50553e-01  -1.03460e-01   7.00985e-01   8.24216e-01  -2.63817e-01   4.96655e-01   6.96161e-01   8.78854e-01   3.80565e-02  -6.04356e-02   8.34466e-01   5.62773e-01   5.26451e-01
T4    1.53975e+00  -4.22462e-01  -6.45238e-02  -5.75516e-02   2.33268e-01  -3.16938e+00   6.27434e-02   5.09938e-01  -8.54937e-01  -2.87175e-01  -4.29309e-01  -3.60805e-01   3.88840e-01  -5.86293e-01  -7.71525e-01   2.51879e-01  -4.00830e-01  -2.55678e-01  -1.02369e+00  -4.87030e-01  -5.81490e-01
T5    2.02289e-02   2.59801e-01   5.94347e-02   1.55512e-01   5.60807e-01   6.27434e-02   2.23046e-01   7.65029e-01  -1.58012e-01   8.35890e-02   4.07491e-01   4.29502e-01   2.43642e-01   1.75767e-01  -4.03873e-02   4.66913e-01   1.09062e-01  -1.04119e-03  -3.75216e-01  -1.92618e-01   3.34688e-01
T6   -6.21567e-01   5.94543e-01  -3.81525e-01   4.74300e-01   1.19127e+00   5.09938e-01   7.65029e-01   1.31481e+00   1.20067e-01   1.02011e-01   7.02698e-01   9.89238e-01  -2.79235e-01   6.44915e-01   3.96971e-01   8.61128e-01   4.02818e-01   3.53534e-01   3.27960e-01   2.72537e-01   6.52543e-01
T7   -2.69500e-01  -5.49552e-01  -3.49082e-01  -4.59740e-01  -1.50553e-01  -8.54937e-01  -1.58012e-01   1.20067e-01  -8.69825e-01  -4.55510e-01  -3.73862e-01  -2.55774e-01  -5.73413e-02  -5.34109e-01  -6.54554e-01  -1.88695e-01  -5.17221e-01  -4.45509e-01  -6.76930e-01  -6.55582e-01  -5.52362e-01
T8    6.29420e-01  -1.28675e-03  -1.19854e-01  -1.71829e-02  -1.03460e-01  -2.87175e-01   8.35890e-02   1.02011e-01  -4.55510e-01  -7.26227e-01   2.94287e-01   3.32829e-01   2.94143e-01  -5.34541e-02  -2.93790e-01   2.36766e-01  -2.64897e-01  -1.66302e-01  -8.11782e-01  -4.75466e-01   1.87697e-01
T9   -2.37299e-01  -2.64190e-01   2.50832e-01   5.20368e-01   7.00985e-01  -4.29309e-01   4.07491e-01   7.02698e-01  -3.73862e-01   2.94287e-01  -8.86826e-01  -4.82335e-01   5.89853e-01  -4.05336e-01  -3.38611e-01   1.01336e+00   2.23732e-01   1.30112e-01  -8.09696e-02  -4.19973e-02  -7.16088e-01
T10   -8.01103e-01  -1.65894e-01   1.15594e-01   6.45557e-01   8.24216e-01  -3.60805e-01   4.29502e-01   9.89238e-01  -2.55774e-01   3.32829e-01  -4.82335e-01  -2.54731e-01   6.01844e-01  -1.53607e-01  -3.42904e-01   8.62009e-01   3.33168e-01   3.76785e-01  -4.04653e-01  -2.16177e-01  -4.73789e-01
T11   -3.85720e-01   4.84756e-01   8.97036e-01   1.15033e-01  -2.63817e-01   3.88840e-01   2.43642e-01  -2.79235e-01  -5.73413e-02   2.94143e-01   5.89853e-01   6.01844e-01   8.88432e-01   4.64383e-01   1.62035e-01   8.38290e-01   1.90108e-01   1.88314e-01  -5.45145e-01  -5.44100e-01   5.33450e-01
T12    9.90176e-01  -2.80237e-01  -4.30198e-02   2.86135e-01   4.96655e-01  -5.86293e-01   1.75767e-01   6.44915e-01  -5.34109e-01  -5.34541e-02  -4.05336e-01  -1.53607e-01   4.64383e-01  -8.88193e-01  -6.11422e-01   3.17329e-01  -3.56345e-03   1.24764e-01  -7.06932e-01  -4.87177e-01  -3.74151e-01
T13    1.45884e-01  -3.49560e-01  -2.50706e-01   2.00766e-01   6.96161e-01  -7.71525e-01  -4.03873e-02   3.96971e-01  -6.54554e-01  -2.93790e-01  -3.38611e-01  -3.42904e-01   1.62035e-01  -6.11422e-01  -7.46566e-01   3.21766e-02  -4.45352e-03   3.69768e-01  -6.34878e-01  -6.35710e-01  -3.24718e-01
T14   -2.50787e-01   3.76798e-01   1.85539e-01   5.17646e-01   8.78854e-01   2.51879e-01   4.66913e-01   8.61128e-01  -1.88695e-01   2.36766e-01   1.01336e+00   8.62009e-01   8.38290e-01   3.17329e-01   3.21766e-02   6.58426e-01   5.30558e-01   7.72759e-01  -7.32963e-01  -3.52606e-01   7.85796e-01
T15   -3.38551e-01  -2.10082e-02   2.01509e-02  -2.18761e-01   3.80565e-02  -4.00830e-01   1.09062e-01   4.02818e-01  -5.17221e-01  -2.64897e-01   2.23732e-01   3.33168e-01   1.90108e-01  -3.56345e-03  -4.45352e-03   5.30558e-01  -3.65724e-01  -2.76314e-01  -4.14928e-02   1.16230e-02   9.10136e-03
T16   -2.67470e-01  -1.29075e-02   5.19666e-02  -1.57504e-01  -6.04356e-02  -2.55678e-01  -1.04119e-03   3.53534e-01  -4.45509e-01  -1.66302e-01   1.30112e-01   3.76785e-01   1.88314e-01   1.24764e-01   3.69768e-01   7.72759e-01  -2.76314e-01  -5.42833e-01   5.11918e-01   3.22737e-01  -5.29740e-02
T17    1.25064e+00  -2.09413e-01  -1.03870e+00  -1.34854e-01   8.34466e-01  -1.02369e+00  -3.75216e-01   3.27960e-01  -6.76930e-01  -8.11782e-01  -8.09696e-02  -4.04653e-01  -5.45145e-01  -7.06932e-01  -6.34878e-01  -7.32963e-01  -4.14928e-02   5.11918e-01  -7.04510e-01  -6.90082e-01   2.41003e-03
T18    2.92708e-01  -2.70148e-01  -6.20278e-01  -2.29421e-02   5.62773e-01  -4.87030e-01  -1.92618e-01   2.72537e-01  -6.55582e-01  -4.75466e-01  -4.19973e-02  -2.16177e-01  -5.44100e-01  -4.87177e-01  -6.35710e-01  -3.52606e-01   1.16230e-02   3.22737e-01  -6.90082e-01  -5.81990e-01  -6.13641e-02
T19   -4.06036e-01  -3.96482e-01   1.61678e-01   4.82745e-01   5.26451e-01  -5.81490e-01   3.34688e-01   6.52543e-01  -5.52362e-01   1.87697e-01  -7.16088e-01  -4.73789e-01   5.33450e-01  -3.74151e-01  -3.24718e-01   7.85796e-01   9.10136e-03  -5.29740e-02   2.41003e-03  -6.13641e-02  -8.66819e-01
