T0   -6.14314e-01  -4.72128e-01  -3.03509e-02   2.14064e-01   4.97601e-01  -4.68542e-01   2.67462e-01   6.22529e-01  -6.06418e-01   9.19083e-03  -3.13622e-01  -1.82045e-01   4.80732e-01  -2.81069e-01  -3.20424e-01   4.42734e-01  -2.30290e-02  -2.59820e-02  -2.37369e-01  -2.50170e-01  -4.46277e-01
T1   -1.37417e-01  -3.03509e-02   3.49444e-01   3.17749e-02  -5.19954e-01  -1.09999e-01  -7.48395e-03  -4.33710e-01  -4.15209e-01  -1.70125e-01   2.58471e-01   1.03559e-01   8.43905e-01  -5.64741e-02  -2.80948e-01   1.84038e-01   4.42606e-03   4.55206e-02  -1.11523e+00  -6.43039e-01   1.35882e-01
T2   -6.06263e-02   2.14064e-01   3.17749e-02  -4.52581e-01   3.99115e-02  -5.88222e-02   1.61547e-01   4.76554e-01  -5.08474e-01  -1.69322e-03   5.35428e-01   6.78857e-01   1.22700e-01   3.36137e-01   2.52198e-01   6.29204e-01  -2.20813e-01  -1.47399e-01  -2.00556e-01  -4.40507e-02   5.11713e-01
T3   -4.46198e-01   4.97601e-01  -5.19954e-01   3.99115e-02   6.39037e-01   2.69820e-01   5.61400e-01   1.17142e+00  -1.65114e-01  -6.42927e-02   7.04298e-01   8.89460e-01  -2.65404e-01   5.51716e-01   7.60326e-01   1.04371e+00   7.55318e-02  -6.81075e-02   8.61144e-01   6.12714e-01   5.53790e-01
T4    1.50614e+00  -4.68542e-01  -1.09999e-01  -5.88222e-02   2.69820e-01  -3.23354e+00   9.72518e-02   5.36011e-01  -9.18504e-01  -2.95744e-01  -4.83350e-01  -4.10937e-01   3.99960e-01  -5.55458e-01  -7.43955e-01   3.49019e-01  -4.53578e-01  -2.85961e-01  -1.01254e+00  -4.73250e-01  -6.60652e-01
T5    3.51213e-02   2.67462e-01  -7.48395e-03   1.61547e-01   5.61400e-01   9.72518e-02   1.99482e-01   7.94555e-01  -1.95909e-01   8.70485e-02   4.51937e-01   4.77393e-01   2.16809e-01   1.62720e-01  -2.87810e-02   5.29436e-01   1.03260e-01   2.62839e-02  -4.16704e-01  -2.06943e-01   3.24453e-01
T6   -5.91993e-01   6.22529e-01  -4.33710e-01   4.76554e-01   1.17142e+00   5.36011e-01   7.94555e-01   1.30601e+00   6.97899e-02   9.46219e-02   7.14177e-01   1.01012e+00  -3.12733e-01   6.22219e-01   3.97952e-01   9.95029e-01   4.14675e-01   3.54029e-01   3.03447e-01   2.82585e-01   6.66715e-01
T7   -2.81196e-01  -6.06418e-01  -4.15209e-01  -5.08474e-01  -1.65114e-01  -9.18504e-01  -1.95909e-01   6.97899e-02  -9.60630e-01  -5.16626e-01  -4.22244e-01  -2.98185e-01  -1.05322e-01  -5.93507e-01  -7.20200e-01  -1.62740e-01  -5.64667e-01  -4.82841e-01  -7.65796e-01  -6.98490e-01  -6.04833e-01
T8    6.23260e-01   9.19083e-03  -1.70125e-01  -1.69322e-03  -6.42927e-02  -2.95744e-01   8.70485e-02   9.46219e-02  -5.16626e-01  -7.43637e-01   3.11201e-01   3.82122e-01   2.90807e-01  -6.45292e-02  -2.66993e-01   2.96100e-01  -2.76279e-01  -1.42398e-01  -8.71936e-01  -4.74731e-01   2.10580e-01
T9   -2.30859e-01  -3.13622e-01   2.58471e-01   5.35428e-01   7.04298e-01  -4.83350e-01   4.51937e-01   7.14177e-01  -4.22244e-01   3.11201e-01  -9.70716e-01  -5.26490e-01   5.89977e-01  -4.58416e-01  -3.32052e-01   1.13775e+00   1.95489e-01   8.75665e-02   9.37229e-03   4.56784e-03  -8.05962e-01
T10   -7.97342e-01  -1.82045e-01   1.03559e-01   6.78857e-01   8.89460e-01  -4.10937e-01   4.77393e-01   1.01012e+00  -2.98185e-01   3.82122e-01  -5.26490e-01  -2.50793e-01   6.42125e-01  -1.40953e-01  -2.97198e-01   9.65886e-01   3.49453e-01   3.55553e-01  -3.94340e-01  -1.50562e-01  -5.37355e-01
T11   -3.65576e-01   4.80732e-01   8.43905e-01   1.22700e-01  -2.65404e-01   3.99960e-01   2.16809e-01  -3.12733e-01  -1.05322e-01   2.90807e-01   5.89977e-01   6.42125e-01   8.83106e-01   4.16184e-01   1.49498e-01   9.06796e-01   1.71127e-01   1.98262e-01  -6.14593e-01  -5.75567e-01   5.33383e-01
T12    9.81952e-01  -2.81069e-01  -5.64741e-02   3.36137e-01   5.51716e-01  -5.55458e-01   1.62720e-01   6.22219e-01  -5.93507e-01  -6.45292e-02  -4.58416e-01  -1.40953e-01   4.16184e-01  -8.91552e-01  -6.05440e-01   4.08689e-01  -5.35942e-03   1.02796e-01  -7.18515e-01  -4.39160e-01  -4.11311e-01
T13    1.19791e-01  -3.20424e-01  -2.80948e-01   2.52198e-01   7.60326e-01  -7.43955e-01  -2.87810e-02   3.97952e-01  -7.20200e-01  -2.66993e-01  -3.32052e-01  -2.97198e-01   1.49498e-01  -6.05440e-01  -7.19431e-01   1.19995e-01   1.91744e-03   4.18805e-01  -6.16558e-01  -5.75827e-01  -3.25161e-01
T14   -2.40299e-01   4.42734e-01   1.84038e-01   6.29204e-01   1.04371e+00   3.49019e-01   5.29436e-01   9.95029e-01  -1.62740e-01   2.96100e-01   1.13775e+00   9.65886e-01   9.06796e-01   4.08689e-01   1.19995e-01   7.60087e-01   5.99875e-01   8.58589e-01  -7.29711e-01  -3.28280e-01   8.62321e-01
T15   -3.34191e-01  -2.30290e-02   4.42606e-03  -2.20813e-01   7.55318e-02  -4.53578e-01   1.03260e-01   4.14675e-01  -5.64667e-01  -2.76279e-01   1.95489e-01   3.49453e-01   1.71127e-01  -5.35942e-03   1.91744e-03   5.99875e-01  -4.04136e-01  -3.13552e-01  -9.28172e-02   1.19158e-02  -3.59579e-02
T16   -2.60624e-01  -2.59820e-02   4.55206e-02  -1.47399e-01  -6.81075e-02  -2.85961e-01   2.62839e-02   3.54029e-01  -4.82841e-01  -1.42398e-01   8.75665e-02   3.55553e-01   1.98262e-01   1.02796e-01   4.18805e-01   8.58589e-01  -3.13552e-01  -5.98012e-01   4.99175e-01   3.70428e-01  -1.11714e-01
T17    1.23183e+00  -2.37369e-01  -1.11523e+00  -2.00556e-01   8.61144e-01  -1.01254e+00  -4.16704e-01   3.03447e-01  -7.65796e-01  -8.71936e-01   9.37229e-03  -3.94340e-01  -6.14593e-01  -7.18515e-01  -6.16558e-01  -7.29711e-01  -9.28172e-02   4.99175e-01  -7.12337e-01  -6.89046e-01   2.18841e-02
T18    2.63257e-01  -2.50170e-01  -6.43039e-01  -4.40507e-02   6.12714e-01  -4.73250e-01  -2.06943e-01   2.82585e-01  -6.98490e-01  -4.74731e-01   4.56784e-03  -1.50562e-01  -5.75567e-01  -4.39160e-01  -5.75827e-01  -3.28280e-01   1.19158e-02   3.70428e-01  -6.89046e-01  -5.36904e-01  -1.51859e-02
T19   -4.00715e-01  -4.46277e-01   1.35882e-01   5.11713e-01   5.53790e-01  -6.60652e-01   3.24453e-01   6.66715e-01  -6.04833e-01   2.10580e-01  -8.05962e-01  -5.37355e-01   5.33383e-01  -4.11311e-01  -3.25161e-01   8.62321e-01  -3.59579e-02  -1.11714e-01   2.18841e-02  -1.51859e-02  -9.63873e-01
