T0   -6.45340e-01  -1.77224e-01   9.36882e-02   1.51416e-01   1.79873e-01  -1.00546e-01   1.16607e-01   2.39282e-01  -5.31788e-02   7.74047e-02  -1.04946e-01  -1.17823e-01   2.66655e-01  -9.25916e-02  -1.02468e-01   5.04208e-02   4.75094e-02   6.04877e-03  -8.93159e-02  -4.17408e-02  -1.53846e-01
T1   -6.88168e-01   9.36882e-02   2.96125e-01   1.36141e-01  -3.06134e-01   2.07769e-02   1.57300e-01  -2.74689e-01   1.19932e-03   1.22607e-01   1.53793e-01   1.10808e-01   6.13472e-01   1.29917e-01   5.64850e-02   1.32867e-02   5.84298e-02   7.84262e-02  -8.05005e-02   1.51788e-04   7.99447e-02
T2   -6.29634e-01   1.51416e-01   1.36141e-01  -1.73902e-01   2.22297e-02   2.88997e-03   7.03752e-02   1.90214e-01  -6.35032e-02   3.89080e-02   1.66568e-01   2.77249e-01   8.59799e-02   1.04589e-01   9.61511e-02   4.43021e-02  -4.49766e-02  -2.04259e-02   3.00955e-02  -7.68535e-03   1.71794e-01
T3   -1.16472e+00   1.79873e-01  -3.06134e-01   2.22297e-02   2.79758e-01   9.88451e-02   1.99766e-01   4.89192e-01  -1.42768e-02  -1.35853e-01   2.86865e-01   3.51918e-01  -1.87459e-01   2.22408e-01   2.35522e-01   9.75879e-02   3.16126e-02   6.69674e-02   5.87125e-02   5.54747e-03   2.22762e-01
T4    2.24549e+00  -1.00546e-01   2.07769e-02   2.88997e-03   9.88451e-02  -1.18416e+00   2.28130e-02   1.62732e-01  -9.37153e-02  -1.38727e-01  -1.78454e-01  -1.81831e-01   8.54570e-02  -2.28642e-01  -2.88788e-01  -9.56414e-02  -9.83883e-02  -5.53971e-02  -2.83210e-01  -1.66113e-01  -2.07417e-01
T5   -6.92104e-01   1.16607e-01   1.57300e-01   7.03752e-02   1.99766e-01   2.28130e-02   9.46776e-02   3.20355e-01   2.56515e-02   1.02468e-01   1.45341e-01   1.65578e-01   2.90057e-01   1.02038e-01   7.71135e-02   5.21657e-02   3.45217e-02   3.21180e-02  -7.62204e-02   1.06760e-02   1.12166e-01
T6   -1.51340e+00   2.39282e-01  -2.74689e-01   1.90214e-01   4.89192e-01   1.62732e-01   3.20355e-01   5.39592e-01   1.23939e-01  -3.57154e-02   2.24920e-01   3.17215e-01  -1.51654e-01   2.58153e-01   2.02213e-01   1.84094e-01   1.33626e-01   1.48007e-01   5.18974e-02   8.88950e-03   1.77215e-01
T7   -5.74908e-01  -5.31788e-02   1.19932e-03  -6.35032e-02  -1.42768e-02  -9.37153e-02   2.56515e-02   1.23939e-01  -1.65804e-01  -4.93330e-02   6.37862e-02   1.04167e-01   8.51047e-02  -3.52692e-02   1.17856e-02  -4.45297e-02  -5.98038e-02  -3.16690e-02  -2.45049e-02  -1.00905e-02   3.94712e-03
T8    4.14870e-01   7.74047e-02   1.22607e-01   3.89080e-02  -1.35853e-01  -1.38727e-01   1.02468e-01  -3.57154e-02  -4.93330e-02  -2.97286e-01   8.09118e-02   9.70314e-02   3.32628e-01  -3.80700e-02  -4.46936e-02  -1.09271e-03  -4.51383e-02  -1.96350e-03  -1.78319e-01  -1.24597e-01   5.66864e-02
T9    5.11870e-01  -1.04946e-01   1.53793e-01   1.66568e-01   2.86865e-01  -1.78454e-01   1.45341e-01   2.24920e-01   6.37862e-02   8.09118e-02  -4.79048e-01  -3.57400e-01   1.41369e-01  -2.35009e-01  -3.76763e-01   1.33992e-01   6.56736e-02  -3.13530e-02  -2.43317e-01  -2.46506e-01  -3.42877e-01
T10   -2.61643e-01  -1.17823e-01   1.10808e-01   2.77249e-01   3.51918e-01  -1.81831e-01   1.65578e-01   3.17215e-01   1.04167e-01   9.70314e-02  -3.57400e-01  -4.02202e-01   2.68622e-01  -1.92070e-01  -3.54288e-01   1.00968e-01   1.15268e-01   4.92985e-02  -2.76106e-01  -1.94730e-01  -3.02783e-01
T11   -1.32460e+00   2.66655e-01   6.13472e-01   8.59799e-02  -1.87459e-01   8.54570e-02   2.90057e-01  -1.51654e-01   8.51047e-02   3.32628e-01   1.41369e-01   2.68622e-01   4.24711e-01   2.48135e-01   1.46449e-01   2.56747e-01   1.11597e-01   1.36796e-01   1.20630e-01   2.42955e-03   1.42416e-01
T12    1.37805e+00  -9.25916e-02   1.29917e-01   1.04589e-01   2.22408e-01  -2.28642e-01   1.02038e-01   2.58153e-01  -3.52692e-02  -3.80700e-02  -2.35009e-01  -1.92070e-01   2.48135e-01  -5.24934e-01  -3.38617e-01   6.57354e-03   3.61717e-02  -1.62286e-03  -2.87512e-01  -2.06341e-01  -1.88981e-01
T13    1.10327e+00  -1.02468e-01   5.64850e-02   9.61511e-02   2.35522e-01  -2.88788e-01   7.71135e-02   2.02213e-01   1.17856e-02  -4.46936e-02  -3.76763e-01  -3.54288e-01   1.46449e-01  -3.38617e-01  -5.07723e-01  -7.42370e-03   6.61110e-03  -3.08062e-02  -4.07321e-01  -3.35887e-01  -2.93265e-01
T14   -4.74590e-01   5.04208e-02   1.32867e-02   4.43021e-02   9.75879e-02  -9.56414e-02   5.21657e-02   1.84094e-01  -4.45297e-02  -1.09271e-03   1.33992e-01   1.00968e-01   2.56747e-01   6.57354e-03  -7.42370e-03  -7.66398e-02   5.39094e-02   5.08828e-02  -2.39231e-01  -1.53157e-01   7.25528e-02
T15   -6.38850e-01   4.75094e-02   5.84298e-02  -4.49766e-02   3.16126e-02  -9.83883e-02   3.45217e-02   1.33626e-01  -5.98038e-02  -4.51383e-02   6.56736e-02   1.15268e-01   1.11597e-01   3.61717e-02   6.61110e-03   5.39094e-02  -8.01445e-02  -2.88944e-02  -1.80457e-02  -6.31995e-03   4.30302e-02
T16   -4.15220e-01   6.04877e-03   7.84262e-02  -2.04259e-02   6.69674e-02  -5.53971e-02   3.21180e-02   1.48007e-01  -3.16690e-02  -1.96350e-03  -3.13530e-02   4.92985e-02   1.36796e-01  -1.62286e-03  -3.08062e-02   5.08828e-02  -2.88944e-02  -9.06951e-02  -4.09233e-02  -3.54348e-02  -6.52254e-02
T17    2.18137e+00  -8.93159e-02  -8.05005e-02   3.00955e-02   5.87125e-02  -2.83210e-01  -7.62204e-02   5.18974e-02  -2.45049e-02  -1.78319e-01  -2.43317e-01  -2.76106e-01   1.20630e-01  -2.87512e-01  -4.07321e-01  -2.39231e-01  -1.80457e-02  -4.09233e-02  -5.59452e-01  -3.23618e-01  -2.02481e-01
T18    9.44696e-01  -4.17408e-02   1.51788e-04  -7.68535e-03   5.54747e-03  -1.66113e-01   1.06760e-02   8.88950e-03  -1.00905e-02  -1.24597e-01  -2.46506e-01  -1.94730e-01   2.42955e-03  -2.06341e-01  -3.35887e-01  -1.53157e-01  -6.31995e-03  -3.54348e-02  -3.23618e-01  -2.63709e-01  -1.66125e-01
T19    2.43556e-01  -1.53846e-01   7.99447e-02   1.71794e-01   2.22762e-01  -2.07417e-01   1.12166e-01   1.77215e-01   3.94712e-03   5.66864e-02  -3.42877e-01  -3.02783e-01   1.42416e-01  -1.88981e-01  -2.93265e-01   7.25528e-02   4.30302e-02  -6.52254e-02  -2.02481e-01  -1.66125e-01  -3.65732e-01
