T0   -4.06606e-01  -8.23530e-02   1.69194e-02   4.66669e-02   2.03005e-02  -1.82599e-03   1.61351e-02   3.95683e-02  -2.19934e-02   1.92053e-02  -2.07039e-02  -3.97487e-02   7.37000e-02  -2.35775e-02  -9.40254e-03   8.91604e-03   1.66370e-02  -1.26978e-03  -7.89162e-03   1.20468e-02  -4.24659e-02
T1   -1.03159e+00   1.69194e-02   5.26454e-02   8.73389e-02  -4.83185e-02  -1.76414e-03   7.57251e-02  -4.20941e-02   1.92951e-02   4.19032e-02   3.70028e-02  -5.07767e-03   2.30286e-01   6.36404e-04  -3.16841e-03   9.91436e-03   5.11452e-02   6.18789e-02  -2.49312e-02   6.23658e-03   1.37811e-02
T2   -7.78659e-01   4.66669e-02   8.73389e-02  -7.79730e-02   2.61771e-02   8.63602e-03   3.45349e-02   9.09672e-02  -5.48717e-03   3.49731e-02   3.77040e-03   5.09461e-02   4.29250e-02  -4.75265e-04   3.12893e-03   3.71291e-02  -1.33529e-02   1.52958e-03  -2.79987e-03  -2.91122e-02   4.12079e-02
T3   -1.34259e+00   2.03005e-02  -4.83185e-02   2.61771e-02   7.04091e-02   4.53925e-02   7.70679e-02   1.46713e-01   1.24228e-03  -1.09728e-02   3.10619e-02   4.60827e-02  -5.79742e-03   2.10966e-02   3.13054e-02   3.60557e-02   3.27639e-02   2.89820e-02  -7.77768e-03   4.92516e-05   3.78488e-02
T4    2.29772e+00  -1.82599e-03  -1.76414e-03   8.63602e-03   4.53925e-02  -4.94064e-01  -2.81501e-03   5.02087e-02  -1.11279e-02  -6.20216e-02  -4.47541e-02  -4.20665e-02   2.06974e-02  -7.51200e-02  -6.67166e-02  -1.56431e-02  -3.67555e-02  -6.17941e-03  -6.69678e-02  -3.02682e-02  -4.85392e-02
T5   -8.49005e-01   1.61351e-02   7.57251e-02   3.45349e-02   7.70679e-02  -2.81501e-03  -2.42688e-02   1.14098e-01   3.88510e-02   4.07596e-02   1.69323e-02  -6.76781e-03   1.25939e-01  -5.91880e-03  -6.55978e-03   2.57861e-02   2.31955e-02   2.76430e-02  -4.04935e-02  -6.09034e-03   2.77472e-02
T6   -1.77519e+00   3.95683e-02  -4.20941e-02   9.09672e-02   1.46713e-01   5.02087e-02   1.14098e-01   1.18043e-01   5.39265e-02   1.91987e-02   7.75646e-03   1.29972e-02  -4.96137e-03   1.79770e-02   1.01773e-02   6.89603e-02   7.79343e-02   7.61357e-02   1.62863e-04   1.05806e-03   2.62909e-02
T7   -6.67990e-01  -2.19934e-02   1.92951e-02  -5.48717e-03   1.24228e-03  -1.11279e-02   3.88510e-02   5.39265e-02  -6.88632e-02  -1.77999e-02   1.76598e-02   3.19329e-02   6.83479e-02  -1.13204e-02   1.55904e-02  -1.23432e-02  -9.89682e-03  -1.25282e-02  -3.15127e-04   9.86441e-03  -3.50929e-03
T8    3.64175e-01   1.92053e-02   4.19032e-02   3.49731e-02  -1.09728e-02  -6.20216e-02   4.07596e-02   1.91987e-02  -1.77999e-02  -1.39346e-01   1.66305e-02   6.68807e-03   1.32635e-01  -3.26888e-02  -3.05371e-02   1.29694e-03   3.69562e-03   1.49720e-02  -6.35887e-02  -3.50831e-02   1.57712e-02
T9    9.45133e-01  -2.07039e-02   3.70028e-02   3.77040e-03   3.10619e-02  -4.47541e-02   1.69323e-02   7.75646e-03   1.76598e-02   1.66305e-02  -1.57165e-01  -8.79725e-02  -2.25435e-02  -5.48077e-02  -8.77293e-02   4.19390e-02  -4.19790e-03  -1.94908e-02  -1.01214e-02  -4.37276e-02  -9.10030e-02
T10    1.97401e-01  -3.97487e-02  -5.07767e-03   5.09461e-02   4.60827e-02  -4.20665e-02  -6.76781e-03   1.29972e-02   3.19329e-02   6.68807e-03  -8.79725e-02  -1.21234e-01   2.61995e-02  -3.69599e-02  -7.79950e-02   2.28096e-02   5.25952e-03  -9.24536e-04  -4.15883e-02  -1.91115e-02  -7.52778e-02
T11   -1.71693e+00   7.37000e-02   2.30286e-01   4.29250e-02  -5.79742e-03   2.06974e-02   1.25939e-01  -4.96137e-03   6.83479e-02   1.32635e-01  -2.25435e-02   2.61995e-02   6.59008e-02   1.96005e-02  -3.97193e-03   9.44055e-02   6.88512e-02   7.80440e-02   4.10705e-02  -1.63094e-02   1.95742e-02
T12    1.81243e+00  -2.35775e-02   6.36404e-04  -4.75265e-04   2.10966e-02  -7.51200e-02  -5.91880e-03   1.79770e-02  -1.13204e-02  -3.26888e-02  -5.48077e-02  -3.69599e-02   1.96005e-02  -2.88011e-01  -6.58084e-02   1.17629e-03  -1.69185e-03  -5.65428e-03  -3.56334e-02  -3.32643e-02  -3.34359e-02
T13    1.30450e+00  -9.40254e-03  -3.16841e-03   3.12893e-03   3.13054e-02  -6.67166e-02  -6.55978e-03   1.01773e-02   1.55904e-02  -3.05371e-02  -8.77293e-02  -7.79950e-02  -3.97193e-03  -6.58084e-02  -1.36538e-01   1.20154e-02  -1.59107e-02  -1.70750e-02  -9.03580e-02  -8.03006e-02  -6.51766e-02
T14   -6.88027e-01   8.91604e-03   9.91436e-03   3.71291e-02   3.60557e-02  -1.56431e-02   2.57861e-02   6.89603e-02  -1.23432e-02   1.29694e-03   4.19390e-02   2.28096e-02   9.44055e-02   1.17629e-03   1.20154e-02  -5.49915e-02   3.16928e-02   2.54555e-02  -5.63882e-02  -2.80652e-02   1.54491e-02
T15   -6.79595e-01   1.66370e-02   5.11452e-02  -1.33529e-02   3.27639e-02  -3.67555e-02   2.31955e-02   7.79343e-02  -9.89682e-03   3.69562e-03  -4.19790e-03   5.25952e-03   6.88512e-02  -1.69185e-03  -1.59107e-02   3.16928e-02  -4.11447e-02  -1.20458e-02  -1.26739e-02  -9.92905e-03   6.36528e-03
T16   -4.30042e-01  -1.26978e-03   6.18789e-02   1.52958e-03   2.89820e-02  -6.17941e-03   2.76430e-02   7.61357e-02  -1.25282e-02   1.49720e-02  -1.94908e-02  -9.24536e-04   7.80440e-02  -5.65428e-03  -1.70750e-02   2.54555e-02  -1.20458e-02  -4.52880e-02  -1.09884e-02  -1.34781e-02  -2.98039e-02
T17    2.08776e+00  -7.89162e-03  -2.49312e-02  -2.79987e-03  -7.77768e-03  -6.69678e-02  -4.04935e-02   1.62863e-04  -3.15127e-04  -6.35887e-02  -1.01214e-02  -4.15883e-02   4.10705e-02  -3.56334e-02  -9.03580e-02  -5.63882e-02  -1.26739e-02  -1.09884e-02  -2.33456e-01  -8.23236e-02  -2.33303e-02
T18    8.60992e-01   1.20468e-02   6.23658e-03  -2.91122e-02   4.92516e-05  -3.02682e-02  -6.09034e-03   1.05806e-03   9.86441e-03  -3.50831e-02  -4.37276e-02  -1.91115e-02  -1.63094e-02  -3.32643e-02  -8.03006e-02  -2.80652e-02  -9.92905e-03  -1.34781e-02  -8.23236e-02  -9.08786e-02  -1.73845e-02
T19    4.96128e-01  -4.24659e-02   1.37811e-02   4.12079e-02   3.78488e-02  -4.85392e-02   2.77472e-02   2.62909e-02  -3.50929e-03   1.57712e-02  -9.10030e-02  -7.52778e-02   1.95742e-02  -3.34359e-02  -6.51766e-02   1.54491e-02   6.36528e-03  -2.98039e-02  -2.33303e-02  -1.73845e-02  -1.16248e-01
