T0   -6.13414e-01  -5.50619e-01  -1.22543e-01   2.55261e-01   5.26460e-01  -5.95611e-01   3.11944e-01   6.37909e-01  -7.34142e-01   5.37634e-02  -4.61277e-01  -1.98332e-01   5.03038e-01  -3.19750e-01  -2.65144e-01   6.30342e-01  -1.04042e-01  -7.60688e-02  -2.38295e-01  -1.59915e-01  -6.22424e-01
T1   -1.23879e-01  -1.22543e-01   2.38371e-01  -4.34929e-02  -6.37998e-01  -1.66879e-01  -1.38355e-01  -5.66166e-01  -5.60740e-01  -2.63025e-01   2.03303e-01   1.09877e-01   7.51128e-01  -1.76664e-01  -2.91602e-01   1.83868e-01  -6.12468e-02   1.25194e-02  -1.28175e+00  -7.26760e-01   9.74256e-02
T2   -4.11516e-02   2.55261e-01  -4.34929e-02  -5.19919e-01   7.00941e-02  -8.45569e-02   1.37190e-01   4.39799e-01  -6.09536e-01  -7.05497e-02   5.97937e-01   7.44701e-01   1.28965e-01   3.27170e-01   2.58170e-01   8.95221e-01  -2.53120e-01  -1.80418e-01  -3.53569e-01  -7.42839e-02   5.18696e-01
T3   -4.11341e-01   5.26460e-01  -6.37998e-01   7.00941e-02   6.66940e-01   3.00861e-01   6.41796e-01   1.18847e+00  -2.01503e-01   8.29596e-03   8.43128e-01   1.07135e+00  -2.46298e-01   5.65336e-01   8.16037e-01   1.32079e+00   5.67288e-02  -8.89323e-02   8.45406e-01   6.50094e-01   6.11556e-01
T4    1.44488e+00  -5.95611e-01  -1.66879e-01  -8.45569e-02   3.00861e-01  -3.29697e+00   2.07995e-01   6.09834e-01  -1.10265e+00  -1.94049e-01  -6.84966e-01  -4.73599e-01   4.19438e-01  -6.38508e-01  -7.56109e-01   5.59454e-01  -5.91170e-01  -3.72378e-01  -1.08744e+00  -4.13194e-01  -8.52000e-01
T5    6.45166e-02   3.11944e-01  -1.38355e-01   1.37190e-01   6.41796e-01   2.07995e-01   1.28359e-01   7.90819e-01  -3.01909e-01   8.63112e-02   4.63086e-01   5.43299e-01   8.67593e-02   1.42887e-01   2.83212e-04   7.54598e-01   9.56069e-02   9.90591e-02  -5.65854e-01  -2.30934e-01   3.53960e-01
T6   -5.38337e-01   6.37909e-01  -5.66166e-01   4.39799e-01   1.18847e+00   6.09834e-01   7.90819e-01   1.33978e+00  -7.04303e-04   1.40239e-01   7.14538e-01   1.06202e+00  -4.19268e-01   6.46428e-01   4.91045e-01   1.26377e+00   3.83718e-01   3.75658e-01   2.24477e-01   3.17990e-01   6.50203e-01
T7   -3.12084e-01  -7.34142e-01  -5.60740e-01  -6.09536e-01  -2.01503e-01  -1.10265e+00  -3.01909e-01  -7.04303e-04  -1.17856e+00  -6.30597e-01  -5.22020e-01  -3.89956e-01  -1.74617e-01  -6.89068e-01  -8.48978e-01  -8.28150e-02  -6.90549e-01  -5.74345e-01  -9.83849e-01  -8.58240e-01  -7.34539e-01
T8    6.13103e-01   5.37634e-02  -2.63025e-01  -7.05497e-02   8.29596e-03  -1.94049e-01   8.63112e-02   1.40239e-01  -6.30597e-01  -9.07551e-01   4.34337e-01   4.82291e-01   2.71745e-01  -5.34146e-02  -2.18390e-01   4.71677e-01  -2.67843e-01  -8.39213e-03  -9.68458e-01  -4.79989e-01   2.47741e-01
T9   -2.26855e-01  -4.61277e-01   2.03303e-01   5.97937e-01   8.43128e-01  -6.84966e-01   4.63086e-01   7.14538e-01  -5.22020e-01   4.34337e-01  -1.14187e+00  -5.79413e-01   5.64420e-01  -5.87649e-01  -3.23318e-01   1.34352e+00   1.16978e-01  -3.07610e-02   6.41319e-02   1.52681e-01  -9.45882e-01
T10   -7.96782e-01  -1.98332e-01   1.09877e-01   7.44701e-01   1.07135e+00  -4.73599e-01   5.43299e-01   1.06202e+00  -3.89956e-01   4.82291e-01  -5.79413e-01  -2.41802e-01   7.48866e-01  -1.67713e-01  -1.41185e-01   1.24172e+00   3.62538e-01   3.50725e-01  -3.24004e-01   1.22466e-02  -5.31134e-01
T11   -3.33717e-01   5.03038e-01   7.51128e-01   1.28965e-01  -2.46298e-01   4.19438e-01   8.67593e-02  -4.19268e-01  -1.74617e-01   2.71745e-01   5.64420e-01   7.48866e-01   8.78060e-01   3.94767e-01   2.07492e-01   1.12362e+00   1.29575e-01   2.69127e-01  -7.76389e-01  -6.26829e-01   5.60707e-01
T12    9.72028e-01  -3.19750e-01  -1.76664e-01   3.27170e-01   5.65336e-01  -6.38508e-01   1.42887e-01   6.46428e-01  -6.89068e-01  -5.34146e-02  -5.87649e-01  -1.67713e-01   3.94767e-01  -9.40952e-01  -5.07306e-01   6.19770e-01   2.03552e-02   1.15031e-01  -7.37774e-01  -3.71309e-01  -5.31645e-01
T13    7.84001e-02  -2.65144e-01  -2.91602e-01   2.58170e-01   8.16037e-01  -7.56109e-01   2.83212e-04   4.91045e-01  -8.48978e-01  -2.18390e-01  -3.23318e-01  -1.41185e-01   2.07492e-01  -5.07306e-01  -6.23883e-01   3.61027e-01   7.50659e-02   5.37593e-01  -5.45884e-01  -4.28679e-01  -3.80420e-01
T14   -2.12011e-01   6.30342e-01   1.83868e-01   8.95221e-01   1.32079e+00   5.59454e-01   7.54598e-01   1.26377e+00  -8.28150e-02   4.71677e-01   1.34352e+00   1.24172e+00   1.12362e+00   6.19770e-01   3.61027e-01   9.94738e-01   8.19015e-01   1.14553e+00  -7.04611e-01  -1.77828e-01   1.16124e+00
T15   -3.22625e-01  -1.04042e-01  -6.12468e-02  -2.53120e-01   5.67288e-02  -5.91170e-01   9.56069e-02   3.83718e-01  -6.90549e-01  -2.67843e-01   1.16978e-01   3.62538e-01   1.29575e-01   2.03552e-02   7.50659e-02   8.19015e-01  -5.04180e-01  -3.55856e-01  -1.91518e-01   4.70568e-02  -1.80870e-01
T16   -2.53860e-01  -7.60688e-02   1.25194e-02  -1.80418e-01  -8.89323e-02  -3.72378e-01   9.90591e-02   3.75658e-01  -5.74345e-01  -8.39213e-03  -3.07610e-02   3.50725e-01   2.69127e-01   1.15031e-01   5.37593e-01   1.14553e+00  -3.55856e-01  -6.26137e-01   4.41296e-01   4.34113e-01  -2.32771e-01
T17    1.19793e+00  -2.38295e-01  -1.28175e+00  -3.53569e-01   8.45406e-01  -1.08744e+00  -5.65854e-01   2.24477e-01  -9.83849e-01  -9.68458e-01   6.41319e-02  -3.24004e-01  -7.76389e-01  -7.37774e-01  -5.45884e-01  -7.04611e-01  -1.91518e-01   4.41296e-01  -6.63732e-01  -6.93046e-01  -3.90906e-03
T18    2.21269e-01  -1.59915e-01  -7.26760e-01  -7.42839e-02   6.50094e-01  -4.13194e-01  -2.30934e-01   3.17990e-01  -8.58240e-01  -4.79989e-01   1.52681e-01   1.22466e-02  -6.26829e-01  -3.71309e-01  -4.28679e-01  -1.77828e-01   4.70568e-02   4.34113e-01  -6.93046e-01  -4.74270e-01   5.43851e-02
T19   -4.06068e-01  -6.22424e-01   9.74256e-02   5.18696e-01   6.11556e-01  -8.52000e-01   3.53960e-01   6.50203e-01  -7.34539e-01   2.47741e-01  -9.45882e-01  -5.31134e-01   5.60707e-01  -5.31645e-01  -3.80420e-01   1.16124e+00  -1.80870e-01  -2.32771e-01  -3.90906e-03   5.43851e-02  -1.10974e+00
