T0   -7.19355e-01  -1.40761e-01   2.12648e-01   2.48912e-01   3.85836e-01  -1.35434e-01   2.52160e-01   4.53484e-01   1.17008e-02   1.03707e-01  -2.41265e-01  -2.03842e-01   4.37074e-01  -1.08973e-01  -2.05811e-01   7.32048e-02   1.37733e-01   1.11108e-02  -1.30592e-01  -1.21222e-01  -2.97700e-01
T1   -5.36190e-01   2.12648e-01   4.85448e-01   2.19763e-01  -3.53545e-01   2.36991e-02   2.42045e-01  -2.90251e-01   4.72182e-02   2.08429e-01   1.59631e-01   1.06116e-01   9.00512e-01   1.62569e-01   2.86625e-02   1.12873e-01   1.33292e-01   1.02318e-01  -2.17692e-01  -8.78574e-02   6.92276e-02
T2   -4.24587e-01   2.48912e-01   2.19763e-01  -2.47739e-01   2.19799e-02  -6.43096e-05   1.21101e-01   2.66577e-01  -7.29431e-02   7.85116e-02   1.84784e-01   3.64870e-01   1.82276e-01   1.75803e-01   1.50940e-01   6.49509e-02  -5.11714e-02  -4.44517e-02   9.11850e-02   3.97272e-02   1.69539e-01
T3   -9.56248e-01   3.85836e-01  -3.53545e-01   2.19799e-02   5.59171e-01   2.13632e-01   3.35377e-01   8.75371e-01   6.40694e-02  -2.04343e-01   3.65910e-01   5.19079e-01  -2.02601e-01   3.59624e-01   3.90763e-01   2.15050e-01   2.75439e-02   5.59801e-02   2.01255e-01   1.27826e-01   2.69255e-01
T4    2.01308e+00  -1.35434e-01   2.36991e-02  -6.43096e-05   2.13632e-01  -1.76425e+00   3.21760e-02   2.44577e-01  -1.28993e-01  -2.34521e-01  -3.38605e-01  -3.01767e-01   1.43868e-01  -3.62673e-01  -4.48771e-01  -1.65432e-01  -1.01439e-01  -1.13022e-01  -4.22385e-01  -3.02331e-01  -3.74107e-01
T5   -4.10458e-01   2.52160e-01   2.42045e-01   1.21101e-01   3.35377e-01   3.21760e-02   1.83837e-01   4.85405e-01   1.21273e-01   1.77824e-01   9.81198e-02   1.63898e-01   3.86890e-01   1.25907e-01   9.06818e-02   1.20780e-01   8.85096e-02   2.02016e-02  -5.76845e-02   4.39212e-02   5.06603e-02
T6   -1.17422e+00   4.53484e-01  -2.90251e-01   2.66577e-01   8.75371e-01   2.44577e-01   4.85405e-01   9.94529e-01   2.89002e-01  -3.85321e-02   2.44197e-01   3.95443e-01  -1.49984e-01   3.67666e-01   3.09863e-01   3.29737e-01   1.87307e-01   1.44885e-01   1.87777e-01   1.39419e-01   1.55566e-01
T7   -6.75522e-01   1.17008e-02   4.72182e-02  -7.29431e-02   6.40694e-02  -1.28993e-01   1.21273e-01   2.89002e-01  -1.97675e-01  -3.63927e-02   8.36569e-02   1.54402e-01   2.00867e-01  -4.90803e-03  -3.03733e-02  -5.05094e-02  -4.93269e-02  -3.27407e-02  -9.55708e-02  -4.95593e-02   4.09700e-03
T8    5.34763e-01   1.03707e-01   2.08429e-01   7.85116e-02  -2.04343e-01  -2.34521e-01   1.77824e-01  -3.85321e-02  -3.63927e-02  -3.85059e-01   3.71266e-02   6.19578e-02   4.84325e-01  -5.88496e-02  -1.01339e-01  -1.89200e-02  -8.82246e-02  -7.00514e-02  -2.46472e-01  -2.03342e-01  -3.80460e-02
T9    3.74624e-01  -2.41265e-01   1.59631e-01   1.84784e-01   3.65910e-01  -3.38605e-01   9.81198e-02   2.44197e-01   8.36569e-02   3.71266e-02  -6.75828e-01  -4.78248e-01   1.59121e-01  -3.60819e-01  -5.00731e-01   1.08943e-01   4.66979e-02  -1.26670e-01  -2.91186e-01  -4.26886e-01  -5.72891e-01
T10   -4.38455e-01  -2.03842e-01   1.06116e-01   3.64870e-01   5.19079e-01  -3.01767e-01   1.63898e-01   3.95443e-01   1.54402e-01   6.19578e-02  -4.78248e-01  -5.05802e-01   3.06127e-01  -2.78464e-01  -4.61638e-01   1.15888e-01   1.56419e-01   4.29000e-02  -3.43905e-01  -3.38243e-01  -4.56197e-01
T11   -9.61890e-01   4.37074e-01   9.00512e-01   1.82276e-01  -2.02601e-01   1.43868e-01   3.86890e-01  -1.49984e-01   2.00867e-01   4.84325e-01   1.59121e-01   3.06127e-01   8.10632e-01   3.44681e-01   2.15796e-01   4.52699e-01   2.21717e-01   1.55573e-01   9.83480e-02  -3.70894e-02   1.06952e-01
T12    1.19578e+00  -1.08973e-01   1.62569e-01   1.75803e-01   3.59624e-01  -3.62673e-01   1.25907e-01   3.67666e-01  -4.90803e-03  -5.88496e-02  -3.60819e-01  -2.78464e-01   3.44681e-01  -6.90915e-01  -4.92845e-01   1.46255e-02   7.34979e-02   2.60707e-02  -4.12803e-01  -3.30092e-01  -3.30602e-01
T13    7.04537e-01  -2.05811e-01   2.86625e-02   1.50940e-01   3.90763e-01  -4.48771e-01   9.06818e-02   3.09863e-01  -3.03733e-02  -1.01339e-01  -5.00731e-01  -4.61638e-01   2.15796e-01  -4.92845e-01  -6.63045e-01  -9.26851e-02   4.46176e-03  -3.39353e-02  -5.23471e-01  -4.94974e-01  -4.47522e-01
T14   -3.10959e-01   7.32048e-02   1.12873e-01   6.49509e-02   2.15050e-01  -1.65432e-01   1.20780e-01   3.29737e-01  -5.05094e-02  -1.89200e-02   1.08943e-01   1.15888e-01   4.52699e-01   1.46255e-02  -9.26851e-02  -1.17963e-01   6.80627e-02   2.17894e-02  -4.16571e-01  -2.82344e-01  -3.92431e-03
T15   -5.68782e-01   1.37733e-01   1.33292e-01  -5.11714e-02   2.75439e-02  -1.01439e-01   8.85096e-02   1.87307e-01  -4.93269e-02  -8.82246e-02   4.66979e-02   1.56419e-01   2.21717e-01   7.34979e-02   4.46176e-03   6.80627e-02  -7.60894e-02  -6.01091e-02  -3.50737e-02  -9.00187e-03  -2.64391e-02
T16   -2.86771e-01   1.11108e-02   1.02318e-01  -4.44517e-02   5.59801e-02  -1.13022e-01   2.02016e-02   1.44885e-01  -3.27407e-02  -7.00514e-02  -1.26670e-01   4.29000e-02   1.55573e-01   2.60707e-02  -3.39353e-02   2.17894e-02  -6.01091e-02  -1.85993e-01   2.37864e-02  -4.36042e-02  -2.01191e-01
T17    1.63022e+00  -1.30592e-01  -2.17692e-01   9.11850e-02   2.01255e-01  -4.22385e-01  -5.76845e-02   1.87777e-01  -9.55708e-02  -2.46472e-01  -2.91186e-01  -3.43905e-01   9.83480e-02  -4.12803e-01  -5.23471e-01  -4.16571e-01  -3.50737e-02   2.37864e-02  -6.29240e-01  -3.64133e-01  -2.56528e-01
T18    7.46461e-01  -1.21222e-01  -8.78574e-02   3.97272e-02   1.27826e-01  -3.02331e-01   4.39212e-02   1.39419e-01  -4.95593e-02  -2.03342e-01  -4.26886e-01  -3.38243e-01  -3.70894e-02  -3.30092e-01  -4.94974e-01  -2.82344e-01  -9.00187e-03  -4.36042e-02  -3.64133e-01  -4.09273e-01  -3.53361e-01
T19    2.63978e-01  -2.97700e-01   6.92276e-02   1.69539e-01   2.69255e-01  -3.74107e-01   5.06603e-02   1.55566e-01   4.09700e-03  -3.80460e-02  -5.72891e-01  -4.56197e-01   1.06952e-01  -3.30602e-01  -4.47522e-01  -3.92431e-03  -2.64391e-02  -2.01191e-01  -2.56528e-01  -3.53361e-01  -6.32468e-01
