T0   -3.92625e-01  -7.89375e-02   1.42448e-02   4.27166e-02   1.64881e-02  -1.42075e-03   1.32309e-02   3.45866e-02  -2.11298e-02   1.77370e-02  -1.70657e-02  -3.55219e-02   6.63808e-02  -2.10270e-02  -6.72424e-03   8.75857e-03   1.59023e-02  -1.82872e-03  -5.93549e-03   1.35656e-02  -3.95351e-02
T1   -1.03465e+00   1.42448e-02   4.94645e-02   8.54557e-02  -4.23681e-02  -1.04616e-03   7.35455e-02  -3.60939e-02   1.89874e-02   4.07883e-02   3.13473e-02  -7.77581e-03   2.17782e-01  -2.76215e-03  -5.24101e-03   7.91645e-03   4.79953e-02   5.91378e-02  -2.37288e-02   5.23577e-03   1.12928e-02
T2   -7.64458e-01   4.27166e-02   8.54557e-02  -7.50317e-02   2.34959e-02   1.12246e-02   3.22832e-02   8.54337e-02  -5.97373e-03   3.44011e-02   7.88983e-04   4.55547e-02   4.20742e-02  -9.25360e-04   2.05763e-03   3.52761e-02  -1.34401e-02  -6.46890e-05  -1.18093e-03  -2.84357e-02   3.71016e-02
T3   -1.32623e+00   1.64881e-02  -4.23681e-02   2.34959e-02   6.40576e-02   4.50867e-02   7.08957e-02   1.35892e-01   1.12566e-03  -8.52343e-03   2.68901e-02   4.02990e-02  -4.15408e-03   1.66339e-02   2.71467e-02   3.44477e-02   3.17547e-02   2.65615e-02  -7.91317e-03   1.90269e-04   3.27951e-02
T4    2.28371e+00  -1.42075e-03  -1.04616e-03   1.12246e-02   4.50867e-02  -4.71171e-01  -4.93373e-03   4.81977e-02  -7.75167e-03  -6.13558e-02  -4.15170e-02  -3.76801e-02   1.89247e-02  -7.03605e-02  -6.03819e-02  -1.36186e-02  -3.53183e-02  -7.02065e-03  -6.13254e-02  -2.69451e-02  -4.35029e-02
T5   -8.40781e-01   1.32309e-02   7.35455e-02   3.22832e-02   7.08957e-02  -4.93373e-03  -2.52015e-02   1.07361e-01   3.68383e-02   4.00412e-02   1.26163e-02  -8.03900e-03   1.21424e-01  -8.88758e-03  -5.42181e-03   2.26162e-02   2.13416e-02   2.61076e-02  -3.55986e-02  -6.54708e-03   2.37551e-02
T6   -1.76584e+00   3.45866e-02  -3.60939e-02   8.54337e-02   1.35892e-01   4.81977e-02   1.07361e-01   1.07418e-01   4.91461e-02   1.87804e-02   3.12665e-03   9.18868e-03  -4.32034e-04   1.68941e-02   7.83349e-03   6.56922e-02   7.35306e-02   6.94798e-02   8.41878e-04   1.52745e-03   2.13595e-02
T7   -6.53335e-01  -2.11298e-02   1.89874e-02  -5.97373e-03   1.12566e-03  -7.75167e-03   3.68383e-02   4.91461e-02  -6.49307e-02  -1.75245e-02   1.59728e-02   2.89929e-02   6.38895e-02  -1.22718e-02   1.44118e-02  -1.15045e-02  -8.77752e-03  -1.09839e-02  -6.46404e-04   9.40751e-03  -4.34459e-03
T8    3.67794e-01   1.77370e-02   4.07883e-02   3.44011e-02  -8.52343e-03  -6.13558e-02   4.00412e-02   1.87804e-02  -1.75245e-02  -1.28071e-01   1.29645e-02   4.93232e-03   1.28890e-01  -3.15297e-02  -3.11288e-02  -9.38968e-04   3.80145e-03   1.58929e-02  -5.88459e-02  -3.23062e-02   1.29134e-02
T9    9.42181e-01  -1.70657e-02   3.13473e-02   7.88983e-04   2.68901e-02  -4.15170e-02   1.26163e-02   3.12665e-03   1.59728e-02   1.29645e-02  -1.45335e-01  -7.79831e-02  -2.53794e-02  -4.77336e-02  -7.79649e-02   3.88784e-02  -6.32624e-03  -1.85457e-02  -5.03479e-03  -3.88259e-02  -8.19580e-02
T10    1.87812e-01  -3.55219e-02  -7.77581e-03   4.55547e-02   4.02990e-02  -3.76801e-02  -8.03900e-03   9.18868e-03   2.89929e-02   4.93232e-03  -7.79831e-02  -1.10833e-01   2.19955e-02  -2.93407e-02  -6.88849e-02   2.01780e-02   2.39993e-03  -2.00514e-03  -3.44558e-02  -1.52092e-02  -6.76965e-02
T11   -1.71704e+00   6.63808e-02   2.17782e-01   4.20742e-02  -4.15408e-03   1.89247e-02   1.21424e-01  -4.32034e-04   6.38895e-02   1.28890e-01  -2.53794e-02   2.19955e-02   5.88974e-02   1.59121e-02  -7.16599e-03   8.77671e-02   6.36495e-02   7.31107e-02   3.86418e-02  -1.42857e-02   1.54758e-02
T12    1.80797e+00  -2.10270e-02  -2.76215e-03  -9.25360e-04   1.66339e-02  -7.03605e-02  -8.88758e-03   1.68941e-02  -1.22718e-02  -3.15297e-02  -4.77336e-02  -2.93407e-02   1.59121e-02  -2.75304e-01  -5.81932e-02   1.21571e-04  -1.01616e-03  -6.85778e-03  -3.13615e-02  -2.96210e-02  -2.83006e-02
T13    1.27970e+00  -6.72424e-03  -5.24101e-03   2.05763e-03   2.71467e-02  -6.03819e-02  -5.42181e-03   7.83349e-03   1.44118e-02  -3.11288e-02  -7.79649e-02  -6.88849e-02  -7.16599e-03  -5.81932e-02  -1.24978e-01   1.02657e-02  -1.56897e-02  -1.46553e-02  -8.27930e-02  -7.44654e-02  -5.74598e-02
T14   -6.85474e-01   8.75857e-03   7.91645e-03   3.52761e-02   3.44477e-02  -1.36186e-02   2.26162e-02   6.56922e-02  -1.15045e-02  -9.38968e-04   3.88784e-02   2.01780e-02   8.77671e-02   1.21571e-04   1.02657e-02  -5.37692e-02   3.23230e-02   2.32526e-02  -5.36401e-02  -2.54926e-02   1.41503e-02
T15   -6.60246e-01   1.59023e-02   4.79953e-02  -1.34401e-02   3.17547e-02  -3.53183e-02   2.13416e-02   7.35306e-02  -8.77752e-03   3.80145e-03  -6.32624e-03   2.39993e-03   6.36495e-02  -1.01616e-03  -1.56897e-02   3.23230e-02  -4.05165e-02  -1.21546e-02  -1.26384e-02  -8.56729e-03   4.61418e-03
T16   -4.10864e-01  -1.82872e-03   5.91378e-02  -6.46890e-05   2.65615e-02  -7.02065e-03   2.61076e-02   6.94798e-02  -1.09839e-02   1.58929e-02  -1.85457e-02  -2.00514e-03   7.31107e-02  -6.85778e-03  -1.46553e-02   2.32526e-02  -1.21546e-02  -4.63930e-02  -8.62397e-03  -1.22074e-02  -2.79135e-02
T17    2.04721e+00  -5.93549e-03  -2.37288e-02  -1.18093e-03  -7.91317e-03  -6.13254e-02  -3.55986e-02   8.41878e-04  -6.46404e-04  -5.88459e-02  -5.03479e-03  -3.44558e-02   3.86418e-02  -3.13615e-02  -8.27930e-02  -5.36401e-02  -1.26384e-02  -8.62397e-03  -2.22664e-01  -7.52080e-02  -1.86206e-02
T18    8.38293e-01   1.35656e-02   5.23577e-03  -2.84357e-02   1.90269e-04  -2.69451e-02  -6.54708e-03   1.52745e-03   9.40751e-03  -3.23062e-02  -3.88259e-02  -1.52092e-02  -1.42857e-02  -2.96210e-02  -7.44654e-02  -2.54926e-02  -8.56729e-03  -1.22074e-02  -7.52080e-02  -8.69131e-02  -1.37582e-02
T19    4.96887e-01  -3.95351e-02   1.12928e-02   3.71016e-02   3.27951e-02  -4.35029e-02   2.37551e-02   2.13595e-02  -4.34459e-03   1.29134e-02  -8.19580e-02  -6.76965e-02   1.54758e-02  -2.83006e-02  -5.74598e-02   1.41503e-02   4.61418e-03  -2.79135e-02  -1.86206e-02  -1.37582e-02  -1.07083e-01
