T0   -4.67744e-01  -4.43896e-02   3.79987e-03   1.81352e-02   3.58691e-03   1.24139e-02   2.94467e-03   1.20115e-02  -1.24169e-02   6.08205e-03   4.29644e-03  -9.06211e-03   2.89815e-02  -1.04240e-03   7.69296e-03   3.61851e-03   8.89732e-03  -7.01918e-04   4.03925e-03   1.32157e-02  -1.05546e-02
T1   -8.36681e-01   3.79987e-03   1.22167e-02   4.69490e-02  -1.64621e-02  -9.58250e-03   3.63146e-02  -1.64399e-02   1.14702e-02   1.94395e-02   7.53216e-03  -1.41976e-02   1.12216e-01  -1.34741e-02  -7.12007e-03   7.19101e-03   2.34709e-02   2.57130e-02  -1.48493e-02   4.15436e-03  -5.03056e-03
T2   -5.54790e-01   1.81352e-02   4.69490e-02  -4.93906e-02   1.33490e-02   8.88984e-03   8.50779e-03   4.18104e-02   6.45684e-04   2.27513e-02  -1.05370e-02   1.82774e-02   1.63490e-02  -6.67960e-03  -3.93717e-03   2.61187e-02  -6.23048e-03  -2.63468e-03  -7.21459e-03  -2.37068e-02   1.31179e-02
T3   -1.11352e+00   3.58691e-03  -1.64621e-02   1.33490e-02   2.38597e-02   2.09789e-02   3.27506e-02   6.37422e-02   4.12818e-03   2.42010e-03   1.52782e-03   1.21508e-02   1.41296e-03   2.17509e-03   2.65530e-03   2.22795e-02   2.29287e-02   1.25896e-02  -1.64012e-02  -1.27137e-02   5.08190e-03
T4    2.00349e+00   1.24139e-02  -9.58250e-03   8.88984e-03   2.09789e-02  -2.87091e-01  -4.58329e-03   2.19152e-02   1.16831e-03  -4.30096e-02  -6.72277e-03  -6.90991e-03   2.93658e-03  -2.53361e-02  -1.68195e-02  -6.79339e-03  -2.04161e-02   3.70483e-03  -1.86638e-02  -3.05326e-03  -8.02828e-03
T5   -6.45817e-01   2.94467e-03   3.63146e-02   8.50779e-03   3.27506e-02  -4.58329e-03  -3.97295e-02   5.29908e-02   2.29299e-02   1.59881e-02   3.95842e-04  -1.25273e-02   6.05928e-02  -6.46292e-03  -4.58076e-03   1.93716e-02   1.01756e-02   1.04643e-02  -2.43290e-02  -6.49470e-03   7.65273e-03
T6   -1.53541e+00   1.20115e-02  -1.64399e-02   4.18104e-02   6.37422e-02   2.19152e-02   5.29908e-02   3.93973e-02   2.47132e-02   1.04136e-02  -1.17478e-02  -4.18264e-03  -7.05932e-04  -2.11036e-03  -6.75873e-03   3.55333e-02   4.08144e-02   3.28604e-02  -4.61194e-03  -7.99774e-03   6.47965e-04
T7   -5.61009e-01  -1.24169e-02   1.14702e-02   6.45684e-04   4.12818e-03   1.16831e-03   2.29299e-02   2.47132e-02  -3.62346e-02   2.59799e-04   2.35671e-03   1.47775e-02   3.61983e-02  -6.45087e-03   4.78955e-03  -4.90826e-03   1.56688e-03  -4.40156e-03  -8.29745e-03   1.63999e-03  -8.78640e-03
T8    5.65163e-01   6.08205e-03   1.94395e-02   2.27513e-02   2.42010e-03  -4.30096e-02   1.59881e-02   1.04136e-02   2.59799e-04  -7.28840e-02  -3.74572e-03  -7.98145e-03   6.32948e-02  -2.29210e-02  -2.09292e-02  -1.96163e-03   1.09276e-02   7.24505e-03  -3.29672e-02  -1.63559e-02   3.24380e-04
T9    6.42443e-01   4.29644e-03   7.53216e-03  -1.05370e-02   1.52782e-03  -6.72277e-03   3.95842e-04  -1.17478e-02   2.35671e-03  -3.74572e-03  -5.96060e-02  -1.74706e-02  -2.68530e-02  -6.59152e-03  -1.64701e-02   1.22943e-02  -7.25797e-03  -6.07416e-03   2.33313e-02  -2.75362e-03  -1.85242e-02
T10   -8.68575e-02  -9.06211e-03  -1.41976e-02   1.82774e-02   1.21508e-02  -6.90991e-03  -1.25273e-02  -4.18264e-03   1.47775e-02  -7.98145e-03  -1.74706e-02  -4.39943e-02   2.92514e-03   8.79874e-04  -1.66733e-02   2.91598e-03  -3.96560e-03   4.13040e-03   1.97259e-03   5.39165e-03  -1.50698e-02
T11   -1.48904e+00   2.89815e-02   1.12216e-01   1.63490e-02   1.41296e-03   2.93658e-03   6.05928e-02  -7.05932e-04   3.61983e-02   6.32948e-02  -2.68530e-02   2.92514e-03   4.31597e-03  -1.37234e-02  -1.28218e-02   5.03335e-02   3.15442e-02   3.11417e-02   1.42707e-02  -1.13944e-02  -3.58810e-03
T12    1.68872e+00  -1.04240e-03  -1.34741e-02  -6.67960e-03   2.17509e-03  -2.53361e-02  -6.46292e-03  -2.11036e-03  -6.45087e-03  -2.29210e-02  -6.59152e-03   8.79874e-04  -1.37234e-02  -1.83401e-01  -6.81526e-03  -8.00738e-03  -6.17525e-04   8.78589e-04   2.90603e-03   5.63780e-03   3.93047e-03
T13    1.01993e+00   7.69296e-03  -7.12007e-03  -3.93717e-03   2.65530e-03  -1.68195e-02  -4.58076e-03  -6.75873e-03   4.78955e-03  -2.09292e-02  -1.64701e-02  -1.66733e-02  -1.28218e-02  -6.81526e-03  -5.23910e-02  -6.66152e-03  -1.52645e-02  -4.47355e-03  -2.08935e-02  -2.34113e-02  -1.02696e-02
T14   -5.88411e-01   3.61851e-03   7.19101e-03   2.61187e-02   2.22795e-02  -6.79339e-03   1.93716e-02   3.55333e-02  -4.90826e-03  -1.96163e-03   1.22943e-02   2.91598e-03   5.03335e-02  -8.00738e-03  -6.66152e-03  -3.12997e-02   2.29820e-02   8.73011e-03  -3.50142e-02  -1.35230e-02   2.01744e-04
T15   -5.38284e-01   8.89732e-03   2.34709e-02  -6.23048e-03   2.29287e-02  -2.04161e-02   1.01756e-02   4.08144e-02   1.56688e-03   1.09276e-02  -7.25797e-03  -3.96560e-03   3.15442e-02  -6.17525e-04  -1.52645e-02   2.29820e-02  -2.98848e-02  -7.05906e-03  -1.07428e-02  -9.54160e-03  -3.58328e-03
T16   -3.24779e-01  -7.01918e-04   2.57130e-02  -2.63468e-03   1.25896e-02   3.70483e-03   1.04643e-02   3.28604e-02  -4.40156e-03   7.24505e-03  -6.07416e-03   4.13040e-03   3.11417e-02   8.78589e-04  -4.47355e-03   8.73011e-03  -7.05906e-03  -3.50529e-02  -4.46663e-03  -6.95232e-03  -1.24077e-02
T17    1.82863e+00   4.03925e-03  -1.48493e-02  -7.21459e-03  -1.64012e-02  -1.86638e-02  -2.43290e-02  -4.61194e-03  -8.29745e-03  -3.29672e-02   2.33313e-02   1.97259e-03   1.42707e-02   2.90603e-03  -2.08935e-02  -3.50142e-02  -1.07428e-02  -4.46663e-03  -1.24981e-01  -2.79336e-02   1.41676e-02
T18    7.36008e-01   1.32157e-02   4.15436e-03  -2.37068e-02  -1.27137e-02  -3.05326e-03  -6.49470e-03  -7.99774e-03   1.63999e-03  -1.63559e-02  -2.75362e-03   5.39165e-03  -1.13944e-02   5.63780e-03  -2.34113e-02  -1.35230e-02  -9.54160e-03  -6.95232e-03  -2.79336e-02  -4.51741e-02   9.24319e-03
T19    2.57969e-01  -1.05546e-02  -5.03056e-03   1.31179e-02   5.08190e-03  -8.02828e-03   7.65273e-03   6.47965e-04  -8.78640e-03   3.24380e-04  -1.85242e-02  -1.50698e-02  -3.58810e-03   3.93047e-03  -1.02696e-02   2.01744e-04  -3.58328e-03  -1.24077e-02   1.41676e-02   9.24319e-03  -4.19904e-02
