T0   -3.89472e-01  -6.87609e-02   9.51360e-03   3.48241e-02   1.13511e-02   3.58284e-03   9.15324e-03   2.55687e-02  -1.83686e-02   1.26088e-02  -9.94208e-03  -2.77566e-02   5.29789e-02  -1.56609e-02  -8.23642e-04   7.62703e-03   1.39150e-02  -2.30976e-03  -2.19305e-03   1.43193e-02  -3.04571e-02
T1   -1.03267e+00   9.51360e-03   4.03555e-02   7.68540e-02  -3.39346e-02  -2.50014e-03   6.71419e-02  -2.50424e-02   1.72074e-02   3.75443e-02   2.14966e-02  -1.17145e-02   1.91361e-01  -8.93444e-03  -7.38342e-03   6.94532e-03   4.35609e-02   5.09964e-02  -2.18341e-02   6.51944e-03   5.03609e-03
T2   -7.25982e-01   3.48241e-02   7.68540e-02  -6.83160e-02   1.97141e-02   1.08262e-02   2.26386e-02   7.40346e-02  -1.88217e-03   3.25148e-02  -5.68224e-03   3.49509e-02   3.42919e-02  -4.13964e-03   4.14516e-04   3.28238e-02  -1.15824e-02  -1.65143e-03  -5.51750e-04  -2.61435e-02   2.93604e-02
T3   -1.29088e+00   1.13511e-02  -3.39346e-02   1.97141e-02   5.28418e-02   3.84396e-02   5.82633e-02   1.11826e-01   3.75412e-03  -4.40868e-04   1.65302e-02   2.90478e-02  -5.35311e-04   1.12518e-02   2.00874e-02   3.15261e-02   2.93858e-02   2.17939e-02  -1.07803e-02  -2.44741e-03   2.39615e-02
T4    2.24487e+00   3.58284e-03  -2.50014e-03   1.08262e-02   3.84396e-02  -4.20232e-01  -5.19130e-03   3.78791e-02  -3.78304e-03  -5.72612e-02  -3.03971e-02  -2.87402e-02   1.25216e-02  -5.71833e-02  -4.94839e-02  -8.67271e-03  -3.04237e-02  -2.47068e-03  -5.17856e-02  -1.92093e-02  -3.35603e-02
T5   -8.08520e-01   9.15324e-03   6.71419e-02   2.26386e-02   5.82633e-02  -5.19130e-03  -2.92727e-02   9.22755e-02   3.44636e-02   3.36029e-02   6.55976e-03  -1.29049e-02   1.07125e-01  -8.52124e-03  -5.57570e-03   2.26849e-02   1.70997e-02   2.13660e-02  -2.95596e-02  -5.01370e-03   1.68390e-02
T6   -1.73086e+00   2.55687e-02  -2.50424e-02   7.40346e-02   1.11826e-01   3.78791e-02   9.22755e-02   8.41365e-02   4.35590e-02   1.84025e-02  -5.94870e-03   1.20814e-03   5.04091e-03   9.33855e-03   4.53047e-03   5.57428e-02   6.28557e-02   5.81899e-02   3.64421e-03   1.55845e-03   1.39725e-02
T7   -6.47233e-01  -1.83686e-02   1.72074e-02  -1.88217e-03   3.75412e-03  -3.78304e-03   3.44636e-02   4.35590e-02  -5.84746e-02  -1.28888e-02   1.11777e-02   2.45409e-02   5.81307e-02  -1.01462e-02   1.19588e-02  -9.29006e-03  -5.27433e-03  -8.88983e-03  -4.11302e-03   5.05946e-03  -5.40407e-03
T8    3.97424e-01   1.26088e-02   3.75443e-02   3.25148e-02  -4.40868e-04  -5.72612e-02   3.36029e-02   1.84025e-02  -1.28888e-02  -1.14602e-01   7.28931e-03   1.36562e-05   1.13909e-01  -3.35003e-02  -2.84089e-02  -1.04153e-03   6.42298e-03   1.17924e-02  -5.34710e-02  -2.75142e-02   7.95906e-03
T9    9.24359e-01  -9.94208e-03   2.14966e-02  -5.68224e-03   1.65302e-02  -3.03971e-02   6.55976e-03  -5.94870e-03   1.11777e-02   7.28931e-03  -1.19264e-01  -5.80814e-02  -3.00645e-02  -3.37577e-02  -5.90933e-02   3.07514e-02  -6.52919e-03  -1.58841e-02   6.55348e-03  -2.72802e-02  -6.29695e-02
T10    1.64470e-01  -2.77566e-02  -1.17145e-02   3.49509e-02   2.90478e-02  -2.87402e-02  -1.29049e-02   1.20814e-03   2.45409e-02   1.36562e-05  -5.80814e-02  -8.91713e-02   1.32774e-02  -1.89748e-02  -5.12206e-02   1.51636e-02  -6.54375e-04  -9.09155e-04  -2.14814e-02  -8.20690e-03  -5.17166e-02
T11   -1.69915e+00   5.29789e-02   1.91361e-01   3.42919e-02  -5.35311e-04   1.25216e-02   1.07125e-01   5.04091e-03   5.81307e-02   1.13909e-01  -3.00645e-02   1.32774e-02   4.34970e-02   2.23288e-03  -8.68975e-03   7.84814e-02   5.35836e-02   5.98565e-02   3.17986e-02  -1.13905e-02   6.82076e-03
T12    1.81373e+00  -1.56609e-02  -8.93444e-03  -4.13964e-03   1.12518e-02  -5.71833e-02  -8.52124e-03   9.33855e-03  -1.01462e-02  -3.35003e-02  -3.37577e-02  -1.89748e-02   2.23288e-03  -2.48924e-01  -4.27581e-02  -5.00827e-03  -2.06970e-03  -3.94562e-03  -2.03042e-02  -1.61092e-02  -1.74989e-02
T13    1.22550e+00  -8.23642e-04  -7.38342e-03   4.14516e-04   2.00874e-02  -4.94839e-02  -5.57570e-03   4.53047e-03   1.19588e-02  -2.84089e-02  -5.90933e-02  -5.12206e-02  -8.68975e-03  -4.27581e-02  -1.03711e-01   4.60031e-03  -1.45816e-02  -1.18208e-02  -6.25447e-02  -5.99904e-02  -4.40361e-02
T14   -6.83709e-01   7.62703e-03   6.94532e-03   3.28238e-02   3.15261e-02  -8.67271e-03   2.26849e-02   5.57428e-02  -9.29006e-03  -1.04153e-03   3.07514e-02   1.51636e-02   7.84814e-02  -5.00827e-03   4.60031e-03  -4.87593e-02   3.09580e-02   1.85855e-02  -4.69986e-02  -2.05289e-02   1.04599e-02
T15   -6.33259e-01   1.39150e-02   4.35609e-02  -1.15824e-02   2.93858e-02  -3.04237e-02   1.70997e-02   6.28557e-02  -5.27433e-03   6.42298e-03  -6.52919e-03  -6.54375e-04   5.35836e-02  -2.06970e-03  -1.45816e-02   3.09580e-02  -3.99384e-02  -1.10618e-02  -9.42358e-03  -8.62227e-03   8.59952e-04
T16   -3.81881e-01  -2.30976e-03   5.09964e-02  -1.65143e-03   2.17939e-02  -2.47068e-03   2.13660e-02   5.81899e-02  -8.88983e-03   1.17924e-02  -1.58841e-02  -9.09155e-04   5.98565e-02  -3.94562e-03  -1.18208e-02   1.85855e-02  -1.10618e-02  -4.24742e-02  -1.03975e-02  -9.42208e-03  -2.41410e-02
T17    1.97105e+00  -2.19305e-03  -2.18341e-02  -5.51750e-04  -1.07803e-02  -5.17856e-02  -2.95596e-02   3.64421e-03  -4.11302e-03  -5.34710e-02   6.55348e-03  -2.14814e-02   3.17986e-02  -2.03042e-02  -6.25447e-02  -4.69986e-02  -9.42358e-03  -1.03975e-02  -1.95631e-01  -6.39973e-02  -5.60420e-03
T18    7.96237e-01   1.43193e-02   6.51944e-03  -2.61435e-02  -2.44741e-03  -1.92093e-02  -5.01370e-03   1.55845e-03   5.05946e-03  -2.75142e-02  -2.72802e-02  -8.20690e-03  -1.13905e-02  -1.61092e-02  -5.99904e-02  -2.05289e-02  -8.62227e-03  -9.42208e-03  -6.39973e-02  -7.56895e-02  -6.28076e-03
T19    4.85976e-01  -3.04571e-02   5.03609e-03   2.93604e-02   2.39615e-02  -3.35603e-02   1.68390e-02   1.39725e-02  -5.40407e-03   7.95906e-03  -6.29695e-02  -5.17166e-02   6.82076e-03  -1.74989e-02  -4.40361e-02   1.04599e-02   8.59952e-04  -2.41410e-02  -5.60420e-03  -6.28076e-03  -8.93491e-02
