T0   -4.45187e-01  -9.15449e-02   2.15972e-02   5.81782e-02   3.14353e-02  -6.25010e-03   2.32669e-02   5.42632e-02  -2.28034e-02   2.10973e-02  -2.89800e-02  -4.85106e-02   8.91491e-02  -2.83761e-02  -1.72206e-02   1.11692e-02   2.27640e-02   9.61800e-04  -1.49316e-02   9.55538e-03  -5.13978e-02
T1   -1.02264e+00   2.15972e-02   6.45199e-02   9.32910e-02  -6.48931e-02  -3.32619e-03   8.06283e-02  -5.75966e-02   2.17338e-02   4.33498e-02   4.60981e-02   3.84229e-03   2.55767e-01   1.06872e-02   2.30243e-03   1.58963e-02   5.49182e-02   6.75765e-02  -2.45557e-02   6.45745e-03   2.10050e-02
T2   -8.02314e-01   5.81782e-02   9.32910e-02  -8.40583e-02   3.09042e-02   7.79541e-03   4.04072e-02   9.99451e-02  -4.28028e-03   3.50542e-02   1.10805e-02   6.06426e-02   4.72661e-02   1.42911e-03   5.57261e-03   4.32596e-02  -1.02830e-02   3.03138e-03  -5.62603e-03  -3.31916e-02   5.01495e-02
T3   -1.37442e+00   3.14353e-02  -6.48931e-02   3.09042e-02   9.20785e-02   4.97591e-02   8.82539e-02   1.70984e-01   3.56887e-04  -1.63677e-02   4.36813e-02   5.80194e-02  -1.31829e-02   3.16978e-02   3.86814e-02   4.07990e-02   3.95487e-02   3.68056e-02  -8.70712e-03  -1.94474e-03   4.91931e-02
T4    2.32933e+00  -6.25010e-03  -3.32619e-03   7.79541e-03   4.97591e-02  -5.47603e-01  -2.24805e-03   6.00296e-02  -1.55569e-02  -6.28889e-02  -5.48413e-02  -5.25292e-02   2.54865e-02  -8.91174e-02  -8.11666e-02  -2.10219e-02  -4.18376e-02  -1.17096e-02  -7.67281e-02  -3.99341e-02  -5.86584e-02
T5   -8.58226e-01   2.32669e-02   8.06283e-02   4.04072e-02   8.82539e-02  -2.24805e-03  -1.87853e-02   1.27398e-01   4.56427e-02   4.62503e-02   2.28854e-02  -2.46375e-03   1.37297e-01  -6.52950e-03  -4.93681e-03   2.86246e-02   2.89543e-02   3.17253e-02  -4.59675e-02  -8.15818e-03   3.54518e-02
T6   -1.78750e+00   5.42632e-02  -5.75966e-02   9.99451e-02   1.70984e-01   6.00296e-02   1.27398e-01   1.39915e-01   6.46738e-02   1.93246e-02   1.76112e-02   2.31017e-02  -1.12142e-02   2.84569e-02   1.35993e-02   8.05987e-02   8.96794e-02   8.75614e-02   1.06940e-04  -3.85953e-03   3.73708e-02
T7   -7.12525e-01  -2.28034e-02   2.17338e-02  -4.28028e-03   3.56887e-04  -1.55569e-02   4.56427e-02   6.46738e-02  -7.65003e-02  -2.03124e-02   2.38357e-02   3.83672e-02   7.63588e-02  -1.16307e-02   1.67395e-02  -1.28868e-02  -1.15907e-02  -1.14622e-02  -2.55720e-03   1.07239e-02  -1.00837e-03
T8    3.56392e-01   2.10973e-02   4.33498e-02   3.50542e-02  -1.63677e-02  -6.28889e-02   4.62503e-02   1.93246e-02  -2.03124e-02  -1.57159e-01   2.29864e-02   1.21076e-02   1.44867e-01  -3.48517e-02  -3.13676e-02   2.79821e-03   2.25967e-04   1.37204e-02  -7.05428e-02  -3.37480e-02   2.03737e-02
T9    9.61316e-01  -2.89800e-02   4.60981e-02   1.10805e-02   4.36813e-02  -5.48413e-02   2.28854e-02   1.76112e-02   2.38357e-02   2.29864e-02  -1.84468e-01  -1.09869e-01  -1.60160e-02  -6.91852e-02  -1.08348e-01   4.50342e-02  -3.05790e-03  -2.42079e-02  -2.41242e-02  -5.50700e-02  -1.10981e-01
T10    2.17476e-01  -4.85106e-02   3.84229e-03   6.06426e-02   5.80194e-02  -5.25292e-02  -2.46375e-03   2.31017e-02   3.83672e-02   1.21076e-02  -1.09869e-01  -1.46114e-01   3.82536e-02  -5.03554e-02  -9.74209e-02   2.69610e-02   9.50520e-03  -1.88704e-03  -5.48003e-02  -2.87241e-02  -9.36213e-02
T11   -1.70962e+00   8.91491e-02   2.55767e-01   4.72661e-02  -1.31829e-02   2.54865e-02   1.37297e-01  -1.12142e-02   7.63588e-02   1.44867e-01  -1.60160e-02   3.82536e-02   8.16552e-02   2.72291e-02   1.78167e-03   1.11455e-01   7.65668e-02   8.92633e-02   4.79654e-02  -1.79888e-02   2.77687e-02
T12    1.80560e+00  -2.83761e-02   1.06872e-02   1.42911e-03   3.16978e-02  -8.91174e-02  -6.52950e-03   2.84569e-02  -1.16307e-02  -3.48517e-02  -6.91852e-02  -5.03554e-02   2.72291e-02  -3.13215e-01  -8.39006e-02   3.85050e-03   1.60194e-03  -9.72793e-03  -4.96581e-02  -4.49235e-02  -4.71637e-02
T13    1.34862e+00  -1.72206e-02   2.30243e-03   5.57261e-03   3.86814e-02  -8.11666e-02  -4.93681e-03   1.35993e-02   1.67395e-02  -3.13676e-02  -1.08348e-01  -9.74209e-02   1.78167e-03  -8.39006e-02  -1.62725e-01   1.47827e-02  -1.82967e-02  -2.04550e-02  -1.09797e-01  -9.62856e-02  -8.04173e-02
T14   -6.98119e-01   1.11692e-02   1.58963e-02   4.32596e-02   4.07990e-02  -2.10219e-02   2.86246e-02   8.05987e-02  -1.28868e-02   2.79821e-03   4.50342e-02   2.69610e-02   1.11455e-01   3.85050e-03   1.47827e-02  -5.69320e-02   3.36695e-02   2.96587e-02  -6.42454e-02  -3.32398e-02   1.88581e-02
T15   -7.17339e-01   2.27640e-02   5.49182e-02  -1.02830e-02   3.95487e-02  -4.18376e-02   2.89543e-02   8.96794e-02  -1.15907e-02   2.25967e-04  -3.05790e-03   9.50520e-03   7.65668e-02   1.60194e-03  -1.82967e-02   3.36695e-02  -4.12093e-02  -1.00375e-02  -1.59312e-02  -1.21880e-02   7.80828e-03
T16   -4.54333e-01   9.61800e-04   6.75765e-02   3.03138e-03   3.68056e-02  -1.17096e-02   3.17253e-02   8.75614e-02  -1.14622e-02   1.37204e-02  -2.42079e-02  -1.88704e-03   8.92633e-02  -9.72793e-03  -2.04550e-02   2.96587e-02  -1.00375e-02  -4.49316e-02  -1.29939e-02  -1.66580e-02  -3.39058e-02
T17    2.14601e+00  -1.49316e-02  -2.45557e-02  -5.62603e-03  -8.70712e-03  -7.67281e-02  -4.59675e-02   1.06940e-04  -2.55720e-03  -7.05428e-02  -2.41242e-02  -5.48003e-02   4.79654e-02  -4.96581e-02  -1.09797e-01  -6.42454e-02  -1.59312e-02  -1.29939e-02  -2.57633e-01  -9.37273e-02  -3.49064e-02
T18    9.13149e-01   9.55538e-03   6.45745e-03  -3.31916e-02  -1.94474e-03  -3.99341e-02  -8.15818e-03  -3.85953e-03   1.07239e-02  -3.37480e-02  -5.50700e-02  -2.87241e-02  -1.79888e-02  -4.49235e-02  -9.62856e-02  -3.32398e-02  -1.21880e-02  -1.66580e-02  -9.37273e-02  -9.99751e-02  -2.80140e-02
T19    5.04326e-01  -5.13978e-02   2.10050e-02   5.01495e-02   4.91931e-02  -5.86584e-02   3.54518e-02   3.73708e-02  -1.00837e-03   2.03737e-02  -1.10981e-01  -9.36213e-02   2.77687e-02  -4.71637e-02  -8.04173e-02   1.88581e-02   7.80828e-03  -3.39058e-02  -3.49064e-02  -2.80140e-02  -1.36068e-01
