T0   -4.61327e-01  -4.59435e-02   3.37478e-03   1.94315e-02   3.91057e-03   1.22619e-02   3.23733e-03   1.28603e-02  -1.27526e-02   6.29224e-03   3.81139e-03  -9.73410e-03   3.00233e-02  -1.57835e-03   7.38188e-03   3.80178e-03   9.27177e-03  -9.21384e-04   3.75545e-03   1.34124e-02  -1.17077e-02
T1   -8.52154e-01   3.37478e-03   1.45855e-02   4.88788e-02  -1.70979e-02  -1.04299e-02   3.81353e-02  -1.64733e-02   1.24156e-02   2.05656e-02   7.74782e-03  -1.44616e-02   1.16951e-01  -1.35908e-02  -7.50420e-03   7.37791e-03   2.47691e-02   2.76674e-02  -1.58398e-02   4.72623e-03  -5.21239e-03
T2   -5.70705e-01   1.94315e-02   4.88788e-02  -5.13063e-02   1.34335e-02   9.33777e-03   9.40043e-03   4.31267e-02   2.39946e-04   2.20533e-02  -9.87091e-03   1.94316e-02   1.74786e-02  -6.73247e-03  -3.68046e-03   2.71120e-02  -6.72091e-03  -2.58391e-03  -6.60545e-03  -2.31645e-02   1.39067e-02
T3   -1.13171e+00   3.91057e-03  -1.70979e-02   1.34335e-02   2.59258e-02   2.17770e-02   3.42447e-02   6.59185e-02   3.97065e-03   3.09644e-03   2.82654e-03   1.29359e-02   1.19410e-03   2.76276e-03   4.02611e-03   2.28402e-02   2.29532e-02   1.32109e-02  -1.67186e-02  -1.20440e-02   6.48932e-03
T4    2.02470e+00   1.22619e-02  -1.04299e-02   9.33777e-03   2.17770e-02  -2.97115e-01  -3.36327e-03   2.38324e-02   9.89579e-04  -4.41501e-02  -8.71896e-03  -8.68874e-03   4.04158e-03  -2.68671e-02  -1.84762e-02  -6.65165e-03  -2.08111e-02   2.84719e-03  -1.99564e-02  -3.20881e-03  -9.22000e-03
T5   -6.60292e-01   3.23733e-03   3.81353e-02   9.40043e-03   3.42447e-02  -3.36327e-03  -4.08039e-02   5.52808e-02   2.32674e-02   1.75019e-02   7.08260e-04  -1.24186e-02   6.31321e-02  -6.76418e-03  -4.86398e-03   1.96821e-02   1.07033e-02   1.13309e-02  -2.48629e-02  -5.98203e-03   8.25125e-03
T6   -1.55379e+00   1.28603e-02  -1.64733e-02   4.31267e-02   6.59185e-02   2.38324e-02   5.52808e-02   4.16342e-02   2.54136e-02   1.03457e-02  -1.10650e-02  -4.37356e-03  -5.52579e-04  -1.64864e-03  -5.70328e-03   3.70932e-02   4.19532e-02   3.42073e-02  -4.41164e-03  -7.19848e-03   2.25174e-03
T7   -5.68579e-01  -1.27526e-02   1.24156e-02   2.39946e-04   3.97065e-03   9.89579e-04   2.32674e-02   2.54136e-02  -3.79479e-02   5.08928e-05   3.13399e-03   1.53908e-02   3.78340e-02  -6.04796e-03   5.08855e-03  -5.39006e-03   1.50373e-03  -4.70605e-03  -7.39774e-03   1.41480e-03  -8.57718e-03
T8    5.52962e-01   6.29224e-03   2.05656e-02   2.20533e-02   3.09644e-03  -4.41501e-02   1.75019e-02   1.03457e-02   5.08928e-05  -7.51625e-02  -2.72544e-03  -7.99310e-03   6.67222e-02  -2.44214e-02  -2.03166e-02  -3.25584e-03   1.08699e-02   7.15353e-03  -3.40320e-02  -1.66836e-02   3.95445e-04
T9    6.69904e-01   3.81139e-03   7.74782e-03  -9.87091e-03   2.82654e-03  -8.71896e-03   7.08260e-04  -1.10650e-02   3.13399e-03  -2.72544e-03  -6.35703e-02  -1.96814e-02  -2.78043e-02  -7.92280e-03  -1.93601e-02   1.38453e-02  -6.93855e-03  -6.67729e-03   2.11680e-02  -4.19606e-03  -2.15447e-02
T10   -6.45972e-02  -9.73410e-03  -1.44616e-02   1.94316e-02   1.29359e-02  -8.68874e-03  -1.24186e-02  -4.37356e-03   1.53908e-02  -7.99310e-03  -1.96814e-02  -4.67648e-02   3.61346e-03   2.15079e-05  -1.86696e-02   3.93376e-03  -3.54070e-03   3.88808e-03   7.37151e-04   4.73842e-03  -1.71393e-02
T11   -1.50786e+00   3.00233e-02   1.16951e-01   1.74786e-02   1.19410e-03   4.04158e-03   6.31321e-02  -5.52579e-04   3.78340e-02   6.67222e-02  -2.78043e-02   3.61346e-03   5.89443e-03  -1.30557e-02  -1.23466e-02   5.20348e-02   3.37629e-02   3.32674e-02   1.62479e-02  -1.18448e-02  -3.66332e-03
T12    1.70223e+00  -1.57835e-03  -1.35908e-02  -6.73247e-03   2.76276e-03  -2.68671e-02  -6.76418e-03  -1.64864e-03  -6.04796e-03  -2.44214e-02  -7.92280e-03   2.15079e-05  -1.30557e-02  -1.88554e-01  -8.87908e-03  -7.76542e-03  -7.85436e-04   6.56518e-04   1.63974e-03   4.24084e-03   2.40121e-03
T13    1.03858e+00   7.38188e-03  -7.50420e-03  -3.68046e-03   4.02611e-03  -1.84762e-02  -4.86398e-03  -5.70328e-03   5.08855e-03  -2.03166e-02  -1.93601e-02  -1.86696e-02  -1.23466e-02  -8.87908e-03  -5.57723e-02  -5.54866e-03  -1.55462e-02  -4.91640e-03  -2.29720e-02  -2.59208e-02  -1.21605e-02
T14   -6.01947e-01   3.80178e-03   7.37791e-03   2.71120e-02   2.28402e-02  -6.65165e-03   1.96821e-02   3.70932e-02  -5.39006e-03  -3.25584e-03   1.38453e-02   3.93376e-03   5.20348e-02  -7.76542e-03  -5.54866e-03  -3.26805e-02   2.37213e-02   9.44250e-03  -3.57293e-02  -1.46681e-02   7.75845e-04
T15   -5.49681e-01   9.27177e-03   2.47691e-02  -6.72091e-03   2.29532e-02  -2.08111e-02   1.07033e-02   4.19532e-02   1.50373e-03   1.08699e-02  -6.93855e-03  -3.54070e-03   3.37629e-02  -7.85436e-04  -1.55462e-02   2.37213e-02  -3.06777e-02  -7.56572e-03  -1.09043e-02  -9.87444e-03  -3.34015e-03
T16   -3.30566e-01  -9.21384e-04   2.76674e-02  -2.58391e-03   1.32109e-02   2.84719e-03   1.13309e-02   3.42073e-02  -4.70605e-03   7.15353e-03  -6.67729e-03   3.88808e-03   3.32674e-02   6.56518e-04  -4.91640e-03   9.44250e-03  -7.56572e-03  -3.60319e-02  -4.61346e-03  -7.17184e-03  -1.26661e-02
T17    1.84323e+00   3.75545e-03  -1.58398e-02  -6.60545e-03  -1.67186e-02  -1.99564e-02  -2.48629e-02  -4.41164e-03  -7.39774e-03  -3.40320e-02   2.11680e-02   7.37151e-04   1.62479e-02   1.63974e-03  -2.29720e-02  -3.57293e-02  -1.09043e-02  -4.61346e-03  -1.30421e-01  -2.94474e-02   1.32028e-02
T18    7.42880e-01   1.34124e-02   4.72623e-03  -2.31645e-02  -1.20440e-02  -3.20881e-03  -5.98203e-03  -7.19848e-03   1.41480e-03  -1.66836e-02  -4.19606e-03   4.73842e-03  -1.18448e-02   4.24084e-03  -2.59208e-02  -1.46681e-02  -9.87444e-03  -7.17184e-03  -2.94474e-02  -4.70801e-02   8.40519e-03
T19    2.78721e-01  -1.17077e-02  -5.21239e-03   1.39067e-02   6.48932e-03  -9.22000e-03   8.25125e-03   2.25174e-03  -8.57718e-03   3.95445e-04  -2.15447e-02  -1.71393e-02  -3.66332e-03   2.40121e-03  -1.21605e-02   7.75845e-04  -3.34015e-03  -1.26661e-02   1.32028e-02   8.40519e-03  -4.45574e-02
