T0   -3.96019e-01  -6.53268e-02   8.23959e-03   3.23640e-02   1.05017e-02   5.25638e-03   7.40573e-03   2.28322e-02  -1.77074e-02   1.20187e-02  -7.89934e-03  -2.49686e-02   4.96544e-02  -1.30986e-02   1.10132e-03   7.24460e-03   1.33215e-02  -1.81537e-03  -1.47642e-03   1.37594e-02  -2.76682e-02
T1   -1.02359e+00   8.23959e-03   3.64941e-02   7.46505e-02  -2.99259e-02  -2.64016e-03   6.45098e-02  -2.19423e-02   1.67114e-02   3.61695e-02   1.79032e-02  -1.31572e-02   1.81129e-01  -1.09448e-02  -7.17523e-03   6.49535e-03   3.95711e-02   4.77931e-02  -2.15128e-02   7.49811e-03   2.93604e-03
T2   -7.15700e-01   3.23640e-02   7.46505e-02  -6.52597e-02   1.88221e-02   1.14993e-02   2.21983e-02   6.94120e-02  -2.35639e-03   2.95163e-02  -6.62947e-03   3.18430e-02   3.14461e-02  -4.47473e-03  -7.57312e-04   3.40874e-02  -1.14223e-02  -3.33685e-04  -2.54355e-03  -2.66963e-02   2.70700e-02
T3   -1.28027e+00   1.05017e-02  -2.99259e-02   1.88221e-02   4.79911e-02   3.72030e-02   5.44579e-02   1.03981e-01   3.58863e-03  -5.63221e-04   1.43347e-02   2.58110e-02   4.37264e-04   9.11362e-03   1.71894e-02   3.09651e-02   2.90819e-02   2.12130e-02  -1.35906e-02  -3.41276e-03   2.13731e-02
T4    2.22028e+00   5.25638e-03  -2.64016e-03   1.14993e-02   3.72030e-02  -4.03342e-01  -4.09468e-03   3.56616e-02  -2.34781e-03  -5.50174e-02  -2.83610e-02  -2.61067e-02   1.23730e-02  -5.24666e-02  -4.63610e-02  -7.92058e-03  -2.80942e-02  -1.53409e-03  -4.70587e-02  -1.76749e-02  -3.04245e-02
T5   -7.94285e-01   7.40573e-03   6.45098e-02   2.21983e-02   5.44579e-02  -4.09468e-03  -3.13841e-02   8.68229e-02   3.37292e-02   3.07043e-02   4.37824e-03  -1.38021e-02   1.01254e-01  -8.27732e-03  -5.53560e-03   2.21065e-02   1.58250e-02   1.95062e-02  -2.73424e-02  -5.51170e-03   1.50969e-02
T6   -1.71413e+00   2.28322e-02  -2.19423e-02   6.94120e-02   1.03981e-01   3.56616e-02   8.68229e-02   7.54354e-02   4.13221e-02   1.71795e-02  -7.53372e-03  -1.45907e-03   5.10027e-03   6.65111e-03   2.51155e-03   5.46997e-02   6.04944e-02   5.57094e-02   2.80492e-03   1.81200e-03   1.17578e-02
T7   -6.46678e-01  -1.77074e-02   1.67114e-02  -2.35639e-03   3.58863e-03  -2.34781e-03   3.37292e-02   4.13221e-02  -5.62542e-02  -1.04586e-02   1.06619e-02   2.39099e-02   5.54462e-02  -9.70896e-03   1.06633e-02  -8.95982e-03  -4.63905e-03  -8.16358e-03  -4.66208e-03   5.03234e-03  -5.37204e-03
T8    4.16863e-01   1.20187e-02   3.61695e-02   2.95163e-02  -5.63221e-04  -5.50174e-02   3.07043e-02   1.71795e-02  -1.04586e-02  -1.10168e-01   4.93548e-03  -2.09963e-03   1.08143e-01  -3.22127e-02  -2.67232e-02  -1.98949e-03   6.32397e-03   9.72015e-03  -4.84731e-02  -2.50659e-02   7.25851e-03
T9    9.10143e-01  -7.89934e-03   1.79032e-02  -6.62947e-03   1.43347e-02  -2.83610e-02   4.37824e-03  -7.53372e-03   1.06619e-02   4.93548e-03  -1.10509e-01  -5.18573e-02  -3.17137e-02  -2.92709e-02  -5.33216e-02   2.81110e-02  -6.89101e-03  -1.43267e-02   8.95810e-03  -2.33172e-02  -5.69994e-02
T10    1.53413e-01  -2.49686e-02  -1.31572e-02   3.18430e-02   2.58110e-02  -2.61067e-02  -1.38021e-02  -1.45907e-03   2.39099e-02  -2.09963e-03  -5.18573e-02  -8.23820e-02   1.01050e-02  -1.62741e-02  -4.58335e-02   1.23398e-02  -8.91070e-04  -3.48964e-04  -1.80836e-02  -6.29760e-03  -4.61161e-02
T11   -1.68176e+00   4.96544e-02   1.81129e-01   3.14461e-02   4.37264e-04   1.23730e-02   1.01254e-01   5.10027e-03   5.54462e-02   1.08143e-01  -3.17137e-02   1.01050e-02   3.66785e-02  -2.14775e-05  -9.34951e-03   7.41773e-02   5.09797e-02   5.52399e-02   3.23998e-02  -1.12868e-02   5.03723e-03
T12    1.80855e+00  -1.30986e-02  -1.09448e-02  -4.47473e-03   9.11362e-03  -5.24666e-02  -8.27732e-03   6.65111e-03  -9.70896e-03  -3.22127e-02  -2.92709e-02  -1.62741e-02  -2.14775e-05  -2.39987e-01  -3.78812e-02  -5.15029e-03  -2.47568e-03  -3.17566e-03  -1.69361e-02  -1.25922e-02  -1.42027e-02
T13    1.21300e+00   1.10132e-03  -7.17523e-03  -7.57312e-04   1.71894e-02  -4.63610e-02  -5.53560e-03   2.51155e-03   1.06633e-02  -2.67232e-02  -5.33216e-02  -4.58335e-02  -9.34951e-03  -3.78812e-02  -9.67273e-02   2.24061e-03  -1.47234e-02  -1.16575e-02  -5.55706e-02  -5.45557e-02  -3.93973e-02
T14   -6.82138e-01   7.24460e-03   6.49535e-03   3.40874e-02   3.09651e-02  -7.92058e-03   2.21065e-02   5.46997e-02  -8.95982e-03  -1.98949e-03   2.81110e-02   1.23398e-02   7.41773e-02  -5.15029e-03   2.24061e-03  -4.57410e-02   3.06782e-02   1.74073e-02  -4.47875e-02  -1.92649e-02   8.51857e-03
T15   -6.27007e-01   1.33215e-02   3.95711e-02  -1.14223e-02   2.90819e-02  -2.80942e-02   1.58250e-02   6.04944e-02  -4.63905e-03   6.32397e-03  -6.89101e-03  -8.91070e-04   5.09797e-02  -2.47568e-03  -1.47234e-02   3.06782e-02  -3.88336e-02  -1.00543e-02  -9.96216e-03  -8.71864e-03   9.72962e-05
T16   -3.76083e-01  -1.81537e-03   4.77931e-02  -3.33685e-04   2.12130e-02  -1.53409e-03   1.95062e-02   5.57094e-02  -8.16358e-03   9.72015e-03  -1.43267e-02  -3.48964e-04   5.52399e-02  -3.17566e-03  -1.16575e-02   1.74073e-02  -1.00543e-02  -4.37589e-02  -7.80428e-03  -1.07136e-02  -2.24559e-02
T17    1.95297e+00  -1.47642e-03  -2.15128e-02  -2.54355e-03  -1.35906e-02  -4.70587e-02  -2.73424e-02   2.80492e-03  -4.66208e-03  -4.84731e-02   8.95810e-03  -1.80836e-02   3.23998e-02  -1.69361e-02  -5.55706e-02  -4.47875e-02  -9.96216e-03  -7.80428e-03  -1.86362e-01  -5.97190e-02  -3.58605e-03
T18    7.89627e-01   1.37594e-02   7.49811e-03  -2.66963e-02  -3.41276e-03  -1.76749e-02  -5.51170e-03   1.81200e-03   5.03234e-03  -2.50659e-02  -2.33172e-02  -6.29760e-03  -1.12868e-02  -1.25922e-02  -5.45557e-02  -1.92649e-02  -8.71864e-03  -1.07136e-02  -5.97190e-02  -7.18307e-02  -4.56447e-03
T19    4.72810e-01  -2.76682e-02   2.93604e-03   2.70700e-02   2.13731e-02  -3.04245e-02   1.50969e-02   1.17578e-02  -5.37204e-03   7.25851e-03  -5.69994e-02  -4.61161e-02   5.03723e-03  -1.42027e-02  -3.93973e-02   8.51857e-03   9.72962e-05  -2.24559e-02  -3.58605e-03  -4.56447e-03  -8.32952e-02
