T0   -4.77032e-01  -1.02556e-01   2.64164e-02   7.15205e-02   4.95610e-02  -1.16856e-02   3.07105e-02   7.19621e-02  -2.40743e-02   2.47931e-02  -4.09494e-02  -6.11013e-02   1.05542e-01  -3.79394e-02  -2.82842e-02   1.82208e-02   2.86669e-02   4.74948e-03  -2.61951e-02   3.91288e-03  -6.26901e-02
T1   -1.01637e+00   2.64164e-02   9.19984e-02   9.90414e-02  -8.92608e-02  -2.95801e-03   8.88695e-02  -7.69738e-02   2.37725e-02   5.21853e-02   5.77016e-02   1.25790e-02   2.97963e-01   2.03309e-02   1.66671e-02   1.97688e-02   5.89199e-02   7.21030e-02  -1.40950e-02   1.82175e-02   2.64484e-02
T2   -8.10889e-01   7.15205e-02   9.90414e-02  -9.05607e-02   3.65263e-02   1.05689e-02   4.77838e-02   1.14618e-01  -5.20311e-03   3.61334e-02   1.73282e-02   7.76566e-02   5.31476e-02   6.57563e-03   7.53125e-03   4.84596e-02  -8.46021e-03   3.97803e-03  -3.11796e-03  -3.35799e-02   6.00566e-02
T3   -1.39563e+00   4.95610e-02  -8.92608e-02   3.65263e-02   1.23156e-01   5.48208e-02   1.03195e-01   2.05367e-01   4.50617e-03  -2.65900e-02   5.79850e-02   7.50730e-02  -2.43958e-02   4.58951e-02   4.64307e-02   5.31465e-02   4.98505e-02   4.60523e-02  -7.70517e-03  -8.30728e-03   6.31677e-02
T4    2.37796e+00  -1.16856e-02  -2.95801e-03   1.05689e-02   5.48208e-02  -6.16120e-01  -5.32437e-03   6.70483e-02  -1.94681e-02  -7.03222e-02  -7.01631e-02  -6.67138e-02   3.01467e-02  -1.10569e-01  -1.05985e-01  -2.91425e-02  -5.22781e-02  -1.53403e-02  -9.72495e-02  -5.91243e-02  -7.54052e-02
T5   -8.56366e-01   3.07105e-02   8.88695e-02   4.77838e-02   1.03195e-01  -5.32437e-03  -7.02417e-03   1.50819e-01   5.30433e-02   5.14131e-02   2.88129e-02   4.72780e-03   1.53372e-01  -1.09106e-03  -1.44509e-03   3.84495e-02   3.55472e-02   3.47510e-02  -4.91837e-02  -1.17945e-02   4.04652e-02
T6   -1.78650e+00   7.19621e-02  -7.69738e-02   1.14618e-01   2.05367e-01   6.70483e-02   1.50819e-01   1.71613e-01   8.04910e-02   1.38379e-02   2.88641e-02   3.76675e-02  -1.84972e-02   4.28257e-02   2.03397e-02   1.02103e-01   1.06023e-01   1.03020e-01   4.73648e-03  -8.21297e-03   4.65690e-02
T7   -7.50636e-01  -2.40743e-02   2.37725e-02  -5.20311e-03   4.50617e-03  -1.94681e-02   5.30433e-02   8.04910e-02  -8.50422e-02  -2.16987e-02   2.90549e-02   4.60040e-02   8.61043e-02  -1.10427e-02   1.79280e-02  -1.32813e-02  -1.20543e-02  -1.19069e-02  -3.96696e-03   1.00029e-02   7.84587e-04
T8    3.57597e-01   2.47931e-02   5.21853e-02   3.61334e-02  -2.65900e-02  -7.03222e-02   5.14131e-02   1.38379e-02  -2.16987e-02  -1.82063e-01   2.84345e-02   1.82018e-02   1.61995e-01  -3.34199e-02  -3.09882e-02   6.68467e-03  -3.93418e-03   1.23540e-02  -7.95556e-02  -3.52892e-02   2.35306e-02
T9    9.69678e-01  -4.09494e-02   5.77016e-02   1.73282e-02   5.79850e-02  -7.01631e-02   2.88129e-02   2.88641e-02   2.90549e-02   2.84345e-02  -2.17037e-01  -1.37947e-01  -8.54733e-03  -9.09237e-02  -1.36402e-01   5.07453e-02  -1.14488e-03  -2.94642e-02  -4.12922e-02  -7.29907e-02  -1.37223e-01
T10    2.15066e-01  -6.11013e-02   1.25790e-02   7.76566e-02   7.50730e-02  -6.67138e-02   4.72780e-03   3.76675e-02   4.60040e-02   1.82018e-02  -1.37947e-01  -1.76382e-01   5.31973e-02  -6.82549e-02  -1.23779e-01   3.15434e-02   1.29957e-02  -1.65801e-03  -7.47621e-02  -4.51534e-02  -1.16578e-01
T11   -1.68533e+00   1.05542e-01   2.97963e-01   5.31476e-02  -2.43958e-02   3.01467e-02   1.53372e-01  -1.84972e-02   8.61043e-02   1.61995e-01  -8.54733e-03   5.31973e-02   1.08461e-01   4.54118e-02   1.08546e-02   1.32435e-01   8.82241e-02   9.93836e-02   6.56624e-02  -1.60704e-02   3.63270e-02
T12    1.79273e+00  -3.79394e-02   2.03309e-02   6.57563e-03   4.58951e-02  -1.10569e-01  -1.09106e-03   4.28257e-02  -1.10427e-02  -3.34199e-02  -9.09237e-02  -6.82549e-02   4.54118e-02  -3.43090e-01  -1.11805e-01   4.63794e-03   1.73742e-03  -9.85187e-03  -7.34727e-02  -6.30502e-02  -6.64664e-02
T13    1.36606e+00  -2.82842e-02   1.66671e-02   7.53125e-03   4.64307e-02  -1.05985e-01  -1.44509e-03   2.03397e-02   1.79280e-02  -3.09882e-02  -1.36402e-01  -1.23779e-01   1.08546e-02  -1.11805e-01  -1.95255e-01   1.51987e-02  -2.18535e-02  -2.49699e-02  -1.32114e-01  -1.13459e-01  -1.03398e-01
T14   -7.09587e-01   1.82208e-02   1.97688e-02   4.84596e-02   5.31465e-02  -2.91425e-02   3.84495e-02   1.02103e-01  -1.32813e-02   6.68467e-03   5.07453e-02   3.15434e-02   1.32435e-01   4.63794e-03   1.51987e-02  -6.24148e-02   4.15061e-02   3.37909e-02  -7.75937e-02  -4.00241e-02   2.00035e-02
T15   -7.42852e-01   2.86669e-02   5.89199e-02  -8.46021e-03   4.98505e-02  -5.22781e-02   3.55472e-02   1.06023e-01  -1.20543e-02  -3.93418e-03  -1.14488e-03   1.29957e-02   8.82241e-02   1.73742e-03  -2.18535e-02   4.15061e-02  -4.24674e-02  -9.67757e-03  -2.31139e-02  -1.37974e-02   1.07170e-02
T16   -4.62695e-01   4.74948e-03   7.21030e-02   3.97803e-03   4.60523e-02  -1.53403e-02   3.47510e-02   1.03020e-01  -1.19069e-02   1.23540e-02  -2.94642e-02  -1.65801e-03   9.93836e-02  -9.85187e-03  -2.49699e-02   3.37909e-02  -9.67757e-03  -4.85408e-02  -1.56698e-02  -2.29194e-02  -3.91549e-02
T17    2.14298e+00  -2.61951e-02  -1.40950e-02  -3.11796e-03  -7.70517e-03  -9.72495e-02  -4.91837e-02   4.73648e-03  -3.96696e-03  -7.95556e-02  -4.12922e-02  -7.47621e-02   6.56624e-02  -7.34727e-02  -1.32114e-01  -7.75937e-02  -2.31139e-02  -1.56698e-02  -2.79981e-01  -1.10874e-01  -4.85707e-02
T18    9.45767e-01   3.91288e-03   1.82175e-02  -3.35799e-02  -8.30728e-03  -5.91243e-02  -1.17945e-02  -8.21297e-03   1.00029e-02  -3.52892e-02  -7.29907e-02  -4.51534e-02  -1.60704e-02  -6.30502e-02  -1.13459e-01  -4.00241e-02  -1.37974e-02  -2.29194e-02  -1.10874e-01  -1.05592e-01  -4.40091e-02
T19    5.26056e-01  -6.26901e-02   2.64484e-02   6.00566e-02   6.31677e-02  -7.54052e-02   4.04652e-02   4.65690e-02   7.84587e-04   2.35306e-02  -1.37223e-01  -1.16578e-01   3.63270e-02  -6.64664e-02  -1.03398e-01   2.00035e-02   1.07170e-02  -3.91549e-02  -4.85707e-02  -4.40091e-02  -1.63009e-01
