T0   -5.25251e-01  -1.52986e-01   6.60864e-02   1.11988e-01   1.25610e-01  -8.55967e-02   7.21630e-02   1.68273e-01  -5.13696e-02   5.13498e-02  -1.10451e-01  -1.15939e-01   1.99275e-01  -9.48225e-02  -8.45799e-02   2.90499e-02   3.67362e-02  -3.24353e-04  -7.15397e-02  -3.17333e-02  -1.41932e-01
T1   -7.76112e-01   6.60864e-02   2.53549e-01   1.23807e-01  -2.58339e-01   1.60972e-02   1.54074e-01  -2.21131e-01   5.61006e-03   1.11606e-01   1.49816e-01   1.03652e-01   5.46369e-01   1.12784e-01   6.56011e-02   1.33533e-02   5.33604e-02   7.27556e-02  -4.98452e-02   1.36897e-02   7.79124e-02
T2   -6.51689e-01   1.11988e-01   1.23807e-01  -1.59782e-01   2.02386e-02  -1.42518e-03   5.75293e-02   1.75890e-01  -5.02642e-02   4.12576e-02   1.33111e-01   2.22864e-01   6.88816e-02   7.76084e-02   8.29324e-02   4.89013e-02  -3.89156e-02  -1.59982e-02   2.87586e-02  -1.06202e-02   1.50851e-01
T3   -1.20100e+00   1.25610e-01  -2.58339e-01   2.02386e-02   2.35671e-01   7.13736e-02   1.58175e-01   3.98849e-01  -4.83529e-03  -1.13523e-01   2.33161e-01   2.73651e-01  -1.52484e-01   1.58226e-01   1.98284e-01   8.63303e-02   3.93869e-02   5.64252e-02   6.17683e-02   9.87703e-03   1.83365e-01
T4    2.35385e+00  -8.55967e-02   1.60972e-02  -1.42518e-03   7.13736e-02  -1.05476e+00   1.50830e-03   1.19080e-01  -9.64818e-02  -1.20042e-01  -1.60241e-01  -1.59299e-01   7.72054e-02  -2.12000e-01  -2.42243e-01  -8.45096e-02  -9.14109e-02  -4.98751e-02  -2.30942e-01  -1.32742e-01  -1.77465e-01
T5   -7.47079e-01   7.21630e-02   1.54074e-01   5.75293e-02   1.58175e-01   1.50830e-03   7.23355e-02   2.80146e-01   3.51855e-02   9.58471e-02   1.29471e-01   1.37897e-01   2.73401e-01   7.86868e-02   7.92583e-02   4.97101e-02   2.31006e-02   2.23959e-02  -5.78844e-02   1.20103e-02   9.96721e-02
T6   -1.59639e+00   1.68273e-01  -2.21131e-01   1.75890e-01   3.98849e-01   1.19080e-01   2.80146e-01   4.24144e-01   1.17908e-01  -1.61418e-02   1.86475e-01   2.56010e-01  -1.10504e-01   2.00590e-01   1.74195e-01   1.65682e-01   1.22105e-01   1.32896e-01   6.19271e-02   1.22897e-02   1.49496e-01
T7   -5.21321e-01  -5.13696e-02   5.61006e-03  -5.02642e-02  -4.83529e-03  -9.64818e-02   3.51855e-02   1.17908e-01  -1.42178e-01  -5.53392e-02   3.49146e-02   6.62795e-02   8.09512e-02  -3.64660e-02  -7.28993e-04  -3.37052e-02  -4.83880e-02  -3.85303e-02  -1.86522e-02  -9.43549e-03  -1.71346e-02
T8    3.72757e-01   5.13498e-02   1.11606e-01   4.12576e-02  -1.13523e-01  -1.20042e-01   9.58471e-02  -1.61418e-02  -5.53392e-02  -2.84258e-01   8.31489e-02   9.78469e-02   2.97031e-01  -2.77391e-02  -2.48447e-02   8.69885e-03  -4.07529e-02   3.58039e-03  -1.42611e-01  -9.13387e-02   5.95847e-02
T9    5.75601e-01  -1.10451e-01   1.49816e-01   1.33111e-01   2.33161e-01  -1.60241e-01   1.29471e-01   1.86475e-01   3.49146e-02   8.31489e-02  -4.20127e-01  -3.04459e-01   1.21313e-01  -2.02035e-01  -3.17064e-01   1.09726e-01   4.07015e-02  -2.96105e-02  -1.88214e-01  -1.95832e-01  -2.87182e-01
T10   -2.22109e-01  -1.15939e-01   1.03652e-01   2.22864e-01   2.73651e-01  -1.59299e-01   1.37897e-01   2.56010e-01   6.62795e-02   9.78469e-02  -3.04459e-01  -3.44776e-01   2.37387e-01  -1.63610e-01  -2.98402e-01   8.69070e-02   8.11615e-02   3.93580e-02  -2.26251e-01  -1.47498e-01  -2.50571e-01
T11   -1.43154e+00   1.99275e-01   5.46369e-01   6.88816e-02  -1.52484e-01   7.72054e-02   2.73401e-01  -1.10504e-01   8.09512e-02   2.97031e-01   1.21313e-01   2.37387e-01   3.55571e-01   2.04364e-01   1.29722e-01   2.21810e-01   9.50077e-02   1.28239e-01   1.26720e-01   1.05750e-02   1.31821e-01
T12    1.47094e+00  -9.48225e-02   1.12784e-01   7.76084e-02   1.58226e-01  -2.12000e-01   7.86868e-02   2.00590e-01  -3.64660e-02  -2.77391e-02  -2.02035e-01  -1.63610e-01   2.04364e-01  -4.95640e-01  -2.88522e-01   5.59099e-03   1.96110e-02  -1.34111e-02  -2.34524e-01  -1.70141e-01  -1.56111e-01
T13    1.09701e+00  -8.45799e-02   6.56011e-02   8.29324e-02   1.98284e-01  -2.42243e-01   7.92583e-02   1.74195e-01  -7.28993e-04  -2.48447e-02  -3.17064e-01  -2.98402e-01   1.29722e-01  -2.88522e-01  -4.29383e-01   1.02831e-02  -2.42214e-03  -1.84165e-02  -3.40072e-01  -2.74002e-01  -2.42656e-01
T14   -5.01401e-01   2.90499e-02   1.33533e-02   4.89013e-02   8.63303e-02  -8.45096e-02   4.97101e-02   1.65682e-01  -3.37052e-02   8.69885e-03   1.09726e-01   8.69070e-02   2.21810e-01   5.59099e-03   1.02831e-02  -8.63166e-02   4.65123e-02   4.35837e-02  -1.79298e-01  -1.19218e-01   5.48812e-02
T15   -6.16489e-01   3.67362e-02   5.33604e-02  -3.89156e-02   3.93869e-02  -9.14109e-02   2.31006e-02   1.22105e-01  -4.83880e-02  -4.07529e-02   4.07015e-02   8.11615e-02   9.50077e-02   1.96110e-02  -2.42214e-03   4.65123e-02  -7.22595e-02  -2.45375e-02  -1.85204e-02  -1.28290e-02   3.16348e-02
T16   -4.03575e-01  -3.24353e-04   7.27556e-02  -1.59982e-02   5.64252e-02  -4.98751e-02   2.23959e-02   1.32896e-01  -3.85303e-02   3.58039e-03  -2.96105e-02   3.93580e-02   1.28239e-01  -1.34111e-02  -1.84165e-02   4.35837e-02  -2.45375e-02  -8.28814e-02  -2.68768e-02  -3.43771e-02  -5.56551e-02
T17    2.13142e+00  -7.15397e-02  -4.98452e-02   2.87586e-02   6.17683e-02  -2.30942e-01  -5.78844e-02   6.19271e-02  -1.86522e-02  -1.42611e-01  -1.88214e-01  -2.26251e-01   1.26720e-01  -2.34524e-01  -3.40072e-01  -1.79298e-01  -1.85204e-02  -2.68768e-02  -4.92697e-01  -2.66278e-01  -1.63679e-01
T18    9.15640e-01  -3.17333e-02   1.36897e-02  -1.06202e-02   9.87703e-03  -1.32742e-01   1.20103e-02   1.22897e-02  -9.43549e-03  -9.13387e-02  -1.95832e-01  -1.47498e-01   1.05750e-02  -1.70141e-01  -2.74002e-01  -1.19218e-01  -1.28290e-02  -3.43771e-02  -2.66278e-01  -2.14416e-01  -1.33927e-01
T19    2.76737e-01  -1.41932e-01   7.79124e-02   1.50851e-01   1.83365e-01  -1.77465e-01   9.96721e-02   1.49496e-01  -1.71346e-02   5.95847e-02  -2.87182e-01  -2.50571e-01   1.31821e-01  -1.56111e-01  -2.42656e-01   5.48812e-02   3.16348e-02  -5.56551e-02  -1.63679e-01  -1.33927e-01  -3.13803e-01
