T0   -4.47233e-01  -5.00232e-02   4.33962e-03   2.25591e-02   4.72372e-03   1.15002e-02   3.75086e-03   1.43165e-02  -1.43487e-02   6.64051e-03   2.12926e-03  -1.24575e-02   3.41365e-02  -2.65981e-03   6.77887e-03   4.21307e-03   9.86167e-03  -1.11065e-03   3.49570e-03   1.41061e-02  -1.43267e-02
T1   -8.97368e-01   4.33962e-03   2.04699e-02   5.48099e-02  -2.01429e-02  -9.21952e-03   4.54407e-02  -1.67865e-02   1.33528e-02   2.49055e-02   8.88199e-03  -1.56792e-02   1.31417e-01  -1.34202e-02  -7.08468e-03   6.95494e-03   2.68722e-02   3.26756e-02  -1.73089e-02   5.42070e-03  -4.34908e-03
T2   -6.15216e-01   2.25591e-02   5.48099e-02  -5.46521e-02   1.45280e-02   8.93356e-03   1.18722e-02   4.85808e-02  -6.82524e-04   2.40491e-02  -9.24111e-03   2.29102e-02   2.10138e-02  -6.12428e-03  -3.63126e-03   2.96217e-02  -7.86719e-03  -2.34092e-03  -6.22367e-03  -2.43736e-02   1.63722e-02
T3   -1.17670e+00   4.72372e-03  -2.01429e-02   1.45280e-02   2.95649e-02   2.54913e-02   3.81565e-02   7.41810e-02   4.09063e-03   3.77463e-03   5.66632e-03   1.62218e-02   5.24695e-04   3.14294e-03   7.90251e-03   2.45046e-02   2.40270e-02   1.49065e-02  -1.54206e-02  -9.90099e-03   9.55665e-03
T4    2.07564e+00   1.15002e-02  -9.21952e-03   8.93356e-03   2.54913e-02  -3.21492e-01  -4.32044e-03   2.54266e-02   1.78492e-03  -4.86536e-02  -1.42602e-02  -1.20359e-02   6.22229e-03  -3.02415e-02  -2.38722e-02  -6.20329e-03  -2.11457e-02   1.13497e-03  -2.48972e-02  -6.40921e-03  -1.31272e-02
T5   -6.96395e-01   3.75086e-03   4.54407e-02   1.18722e-02   3.81565e-02  -4.32044e-03  -3.97522e-02   6.24263e-02   2.68411e-02   1.87125e-02   1.34693e-03  -1.29426e-02   7.19390e-02  -8.34722e-03  -5.68491e-03   2.04547e-02   1.16875e-02   1.25174e-02  -2.62221e-02  -5.39929e-03   9.28204e-03
T6   -1.59823e+00   1.43165e-02  -1.67865e-02   4.85808e-02   7.41810e-02   2.54266e-02   6.24263e-02   4.68593e-02   2.94240e-02   1.10994e-02  -9.78814e-03  -3.76465e-03   4.71677e-04   6.15991e-04  -4.13983e-03   4.12631e-02   4.55069e-02   3.85205e-02  -2.49713e-03  -5.25632e-03   4.24449e-03
T7   -6.00183e-01  -1.43487e-02   1.33528e-02  -6.82524e-04   4.09063e-03   1.78492e-03   2.68411e-02   2.94240e-02  -4.26474e-02  -2.24575e-03   5.21262e-03   1.82353e-02   4.17315e-02  -7.68505e-03   5.65304e-03  -6.47050e-03   2.20393e-04  -4.96211e-03  -6.68861e-03   2.95340e-03  -7.32771e-03
T8    5.17693e-01   6.64051e-03   2.49055e-02   2.40491e-02   3.77463e-03  -4.86536e-02   1.87125e-02   1.10994e-02  -2.24575e-03  -8.39799e-02  -9.49870e-04  -6.20524e-03   7.59712e-02  -2.77113e-02  -2.14205e-02  -4.28351e-03   9.83685e-03   8.68926e-03  -3.75192e-02  -1.86194e-02   2.18503e-03
T9    7.41134e-01   2.12926e-03   8.88199e-03  -9.24111e-03   5.66632e-03  -1.42602e-02   1.34693e-03  -9.78814e-03   5.21262e-03  -9.49870e-04  -7.38043e-02  -2.65651e-02  -3.01200e-02  -1.10632e-02  -2.76525e-02   1.75088e-02  -6.35527e-03  -8.74373e-03   1.90725e-02  -8.31671e-03  -2.89063e-02
T10   -3.22277e-03  -1.24575e-02  -1.56792e-02   2.29102e-02   1.62218e-02  -1.20359e-02  -1.29426e-02  -3.76465e-03   1.82353e-02  -6.20524e-03  -2.65651e-02  -5.43343e-02   4.82020e-03  -3.27947e-03  -2.50156e-02   6.08242e-03  -1.92408e-03   2.32105e-03  -3.10296e-03   1.82204e-03  -2.36528e-02
T11   -1.55646e+00   3.41365e-02   1.31417e-01   2.10138e-02   5.24695e-04   6.22229e-03   7.19390e-02   4.71677e-04   4.17315e-02   7.59712e-02  -3.01200e-02   4.82020e-03   1.20862e-02  -1.12886e-02  -1.15389e-02   5.78746e-02   3.71829e-02   3.86373e-02   1.87948e-02  -1.19443e-02  -2.60405e-03
T12    1.73159e+00  -2.65981e-03  -1.34202e-02  -6.12428e-03   3.14294e-03  -3.02415e-02  -8.34722e-03   6.15991e-04  -7.68505e-03  -2.77113e-02  -1.10632e-02  -3.27947e-03  -1.12886e-02  -2.02604e-01  -1.41528e-02  -7.14497e-03  -2.68418e-04   1.54184e-04  -3.05861e-03   1.24513e-03  -1.02932e-03
T13    1.09490e+00   6.77887e-03  -7.08468e-03  -3.63126e-03   7.90251e-03  -2.38722e-02  -5.68491e-03  -4.13983e-03   5.65304e-03  -2.14205e-02  -2.76525e-02  -2.50156e-02  -1.15389e-02  -1.41528e-02  -6.48215e-02  -3.99202e-03  -1.41977e-02  -6.18412e-03  -2.98846e-02  -3.19813e-02  -1.81373e-02
T14   -6.36483e-01   4.21307e-03   6.95494e-03   2.96217e-02   2.45046e-02  -6.20329e-03   2.04547e-02   4.12631e-02  -6.47050e-03  -4.28351e-03   1.75088e-02   6.08242e-03   5.78746e-02  -7.14497e-03  -3.99202e-03  -3.57165e-02   2.59639e-02   1.17019e-02  -3.85779e-02  -1.54181e-02   2.90180e-03
T15   -5.74900e-01   9.86167e-03   2.68722e-02  -7.86719e-03   2.40270e-02  -2.11457e-02   1.16875e-02   4.55069e-02   2.20393e-04   9.83685e-03  -6.35527e-03  -1.92408e-03   3.71829e-02  -2.68418e-04  -1.41977e-02   2.59639e-02  -3.42566e-02  -7.98642e-03  -1.01000e-02  -9.98107e-03  -1.99412e-03
T16   -3.44190e-01  -1.11065e-03   3.26756e-02  -2.34092e-03   1.49065e-02   1.13497e-03   1.25174e-02   3.85205e-02  -4.96211e-03   8.68926e-03  -8.74373e-03   2.32105e-03   3.86373e-02   1.54184e-04  -6.18412e-03   1.17019e-02  -7.98642e-03  -3.72125e-02  -6.03495e-03  -8.57355e-03  -1.43303e-02
T17    1.88570e+00   3.49570e-03  -1.73089e-02  -6.22367e-03  -1.54206e-02  -2.48972e-02  -2.62221e-02  -2.49713e-03  -6.68861e-03  -3.75192e-02   1.90725e-02  -3.10296e-03   1.87948e-02  -3.05861e-03  -2.98846e-02  -3.85779e-02  -1.01000e-02  -6.03495e-03  -1.42897e-01  -3.69115e-02   9.13683e-03
T18    7.64061e-01   1.41061e-02   5.42070e-03  -2.43736e-02  -9.90099e-03  -6.40921e-03  -5.39929e-03  -5.25632e-03   2.95340e-03  -1.86194e-02  -8.31671e-03   1.82204e-03  -1.19443e-02   1.24513e-03  -3.19813e-02  -1.54181e-02  -9.98107e-03  -8.57355e-03  -3.69115e-02  -5.27589e-02   5.41693e-03
T19    3.35849e-01  -1.43267e-02  -4.34908e-03   1.63722e-02   9.55665e-03  -1.31272e-02   9.28204e-03   4.24449e-03  -7.32771e-03   2.18503e-03  -2.89063e-02  -2.36528e-02  -2.60405e-03  -1.02932e-03  -1.81373e-02   2.90180e-03  -1.99412e-03  -1.43303e-02   9.13683e-03   5.41693e-03  -5.31264e-02
