T0   -4.71175e-01  -4.39553e-02   3.97921e-03   1.76787e-02   3.24545e-03   1.31826e-02   2.92375e-03   1.16612e-02  -1.21493e-02   6.20979e-03   4.69234e-03  -8.64579e-03   2.82929e-02  -1.05941e-03   7.72851e-03   3.49742e-03   8.69825e-03  -6.32190e-04   4.46224e-03   1.31539e-02  -1.00199e-02
T1   -8.28883e-01   3.97921e-03   1.12169e-02   4.63089e-02  -1.62446e-02  -9.03053e-03   3.55024e-02  -1.65277e-02   1.10678e-02   1.82840e-02   7.13259e-03  -1.38857e-02   1.09614e-01  -1.34938e-02  -7.36648e-03   7.03708e-03   2.30332e-02   2.54679e-02  -1.41310e-02   4.09335e-03  -5.16607e-03
T2   -5.46864e-01   1.76787e-02   4.63089e-02  -4.87211e-02   1.28405e-02   8.91667e-03   8.57999e-03   4.09338e-02   5.33076e-04   2.23043e-02  -1.08268e-02   1.75708e-02   1.61646e-02  -6.82511e-03  -4.34813e-03   2.61594e-02  -5.70039e-03  -2.53986e-03  -7.45757e-03  -2.34254e-02   1.25791e-02
T3   -1.10586e+00   3.24545e-03  -1.62446e-02   1.28405e-02   2.39942e-02   1.96418e-02   3.19087e-02   6.27395e-02   3.97928e-03   2.42284e-03   1.19926e-03   1.16317e-02   1.65881e-03   1.88596e-03   2.19482e-03   2.22596e-02   2.29512e-02   1.20578e-02  -1.63259e-02  -1.32374e-02   4.58259e-03
T4    1.99488e+00   1.31826e-02  -9.03053e-03   8.91667e-03   1.96418e-02  -2.83255e-01  -4.72911e-03   2.06984e-02   7.97451e-04  -4.32118e-02  -6.16354e-03  -6.81628e-03   2.98981e-03  -2.38654e-02  -1.57974e-02  -6.68680e-03  -1.97482e-02   3.86226e-03  -1.77542e-02  -2.41132e-03  -7.17964e-03
T5   -6.39114e-01   2.92375e-03   3.55024e-02   8.57999e-03   3.19087e-02  -4.72911e-03  -4.02076e-02   5.22346e-02   2.27127e-02   1.55285e-02  -2.13778e-04  -1.24578e-02   5.97355e-02  -5.71226e-03  -4.70330e-03   1.92687e-02   1.00695e-02   9.66866e-03  -2.45079e-02  -7.02146e-03   7.67427e-03
T6   -1.52691e+00   1.16612e-02  -1.65277e-02   4.09338e-02   6.27395e-02   2.06984e-02   5.22346e-02   3.85132e-02   2.41893e-02   1.01411e-02  -1.18849e-02  -4.17329e-03  -7.15509e-04  -2.42881e-03  -7.31818e-03   3.48725e-02   3.98068e-02   3.20472e-02  -4.81350e-03  -7.99446e-03   3.91742e-04
T7   -5.56334e-01  -1.21493e-02   1.10678e-02   5.33076e-04   3.97928e-03   7.97451e-04   2.27127e-02   2.41893e-02  -3.56971e-02   3.54272e-04   1.89881e-03   1.44201e-02   3.53752e-02  -5.99972e-03   4.58599e-03  -4.25120e-03   1.91397e-03  -3.97953e-03  -9.12975e-03   1.52326e-03  -8.81339e-03
T8    5.71307e-01   6.20979e-03   1.82840e-02   2.23043e-02   2.42284e-03  -4.32118e-02   1.55285e-02   1.01411e-02   3.54272e-04  -7.14904e-02  -4.02205e-03  -8.01831e-03   6.20365e-02  -2.26427e-02  -2.02097e-02  -1.57687e-03   1.08524e-02   7.15745e-03  -3.24631e-02  -1.58101e-02  -5.22175e-05
T9    6.29696e-01   4.69234e-03   7.13259e-03  -1.08268e-02   1.19926e-03  -6.16354e-03  -2.13778e-04  -1.18849e-02   1.89881e-03  -4.02205e-03  -5.73330e-02  -1.64877e-02  -2.68716e-02  -5.84353e-03  -1.52669e-02   1.15946e-02  -7.31708e-03  -5.92332e-03   2.40601e-02  -2.02335e-03  -1.72028e-02
T10   -9.74677e-02  -8.64579e-03  -1.38857e-02   1.75708e-02   1.16317e-02  -6.81628e-03  -1.24578e-02  -4.17329e-03   1.44201e-02  -8.01831e-03  -1.64877e-02  -4.29033e-02   2.85377e-03   1.37452e-03  -1.56425e-02   2.76945e-03  -4.00118e-03   4.10109e-03   2.13824e-03   5.84080e-03  -1.41083e-02
T11   -1.48022e+00   2.82929e-02   1.09614e-01   1.61646e-02   1.65881e-03   2.98981e-03   5.97355e-02  -7.15509e-04   3.53752e-02   6.20365e-02  -2.68716e-02   2.85377e-03   3.66660e-03  -1.40272e-02  -1.27966e-02   4.91196e-02   3.06954e-02   3.01783e-02   1.39559e-02  -1.17162e-02  -3.63836e-03
T12    1.68206e+00  -1.05941e-03  -1.34938e-02  -6.82511e-03   1.88596e-03  -2.38654e-02  -5.71226e-03  -2.42881e-03  -5.99972e-03  -2.26427e-02  -5.84353e-03   1.37452e-03  -1.40272e-02  -1.81268e-01  -5.90712e-03  -7.84545e-03  -6.26022e-04   8.43547e-04   2.80451e-03   6.10651e-03   4.39575e-03
T13    1.01019e+00   7.72851e-03  -7.36648e-03  -4.34813e-03   2.19482e-03  -1.57974e-02  -4.70330e-03  -7.31818e-03   4.58599e-03  -2.02097e-02  -1.52669e-02  -1.56425e-02  -1.27966e-02  -5.90712e-03  -5.10205e-02  -7.38572e-03  -1.50494e-02  -4.11308e-03  -1.94600e-02  -2.22741e-02  -9.21882e-03
T14   -5.80617e-01   3.49742e-03   7.03708e-03   2.61594e-02   2.22596e-02  -6.68680e-03   1.92687e-02   3.48725e-02  -4.25120e-03  -1.57687e-03   1.15946e-02   2.76945e-03   4.91196e-02  -7.84545e-03  -7.38572e-03  -3.07510e-02   2.21984e-02   7.93554e-03  -3.46952e-02  -1.32966e-02  -3.51779e-04
T15   -5.33006e-01   8.69825e-03   2.30332e-02  -5.70039e-03   2.29512e-02  -1.97482e-02   1.00695e-02   3.98068e-02   1.91397e-03   1.08524e-02  -7.31708e-03  -4.00118e-03   3.06954e-02  -6.26022e-04  -1.50494e-02   2.21984e-02  -2.97189e-02  -6.78295e-03  -1.10029e-02  -9.63465e-03  -3.88574e-03
T16   -3.21492e-01  -6.32190e-04   2.54679e-02  -2.53986e-03   1.20578e-02   3.86226e-03   9.66866e-03   3.20472e-02  -3.97953e-03   7.15745e-03  -5.92332e-03   4.10109e-03   3.01783e-02   8.43547e-04  -4.11308e-03   7.93554e-03  -6.78295e-03  -3.46673e-02  -3.93923e-03  -6.71039e-03  -1.21987e-02
T17    1.81989e+00   4.46224e-03  -1.41310e-02  -7.45757e-03  -1.63259e-02  -1.77542e-02  -2.45079e-02  -4.81350e-03  -9.12975e-03  -3.24631e-02   2.40601e-02   2.13824e-03   1.39559e-02   2.80451e-03  -1.94600e-02  -3.46952e-02  -1.10029e-02  -3.93923e-03  -1.22281e-01  -2.66195e-02   1.48258e-02
T18    7.33290e-01   1.31539e-02   4.09335e-03  -2.34254e-02  -1.32374e-02  -2.41132e-03  -7.02146e-03  -7.99446e-03   1.52326e-03  -1.58101e-02  -2.02335e-03   5.84080e-03  -1.17162e-02   6.10651e-03  -2.22741e-02  -1.32966e-02  -9.63465e-03  -6.71039e-03  -2.66195e-02  -4.44693e-02   9.44302e-03
T19    2.46634e-01  -1.00199e-02  -5.16607e-03   1.25791e-02   4.58259e-03  -7.17964e-03   7.67427e-03   3.91742e-04  -8.81339e-03  -5.22175e-05  -1.72028e-02  -1.41083e-02  -3.63836e-03   4.39575e-03  -9.21882e-03  -3.51779e-04  -3.88574e-03  -1.21987e-02   1.48258e-02   9.44302e-03  -4.06623e-02
