T0   -4.49659e-01  -4.94047e-02   3.93782e-03   2.17142e-02   4.73240e-03   1.13982e-02   3.71808e-03   1.41386e-02  -1.40347e-02   6.43728e-03   2.64884e-03  -1.17896e-02   3.32681e-02  -2.20520e-03   6.77380e-03   4.27880e-03   9.61570e-03  -1.12328e-03   3.63343e-03   1.38551e-02  -1.35977e-02
T1   -8.88157e-01   3.93782e-03   1.94860e-02   5.35296e-02  -1.94488e-02  -9.51091e-03   4.41586e-02  -1.64443e-02   1.32485e-02   2.39393e-02   8.64744e-03  -1.57291e-02   1.28006e-01  -1.31877e-02  -7.25377e-03   6.61385e-03   2.63122e-02   3.17985e-02  -1.72215e-02   5.56287e-03  -4.38350e-03
T2   -6.07335e-01   2.17142e-02   5.35296e-02  -5.41999e-02   1.43388e-02   8.27301e-03   1.10595e-02   4.75282e-02  -4.26282e-04   2.43337e-02  -9.38317e-03   2.21522e-02   2.04084e-02  -6.55535e-03  -3.77549e-03   2.87479e-02  -7.46434e-03  -2.34466e-03  -5.57799e-03  -2.42100e-02   1.61824e-02
T3   -1.16745e+00   4.73240e-03  -1.94488e-02   1.43388e-02   2.86765e-02   2.42111e-02   3.71183e-02   7.25222e-02   3.96148e-03   2.95785e-03   5.27281e-03   1.53525e-02   5.32550e-04   3.44573e-03   6.72182e-03   2.43057e-02   2.36718e-02   1.48268e-02  -1.46065e-02  -1.00233e-02   8.60862e-03
T4    2.06683e+00   1.13982e-02  -9.51091e-03   8.27301e-03   2.42111e-02  -3.16473e-01  -4.46903e-03   2.50772e-02   1.54774e-03  -4.78353e-02  -1.27462e-02  -1.10846e-02   5.36721e-03  -2.90895e-02  -2.26376e-02  -5.90366e-03  -2.08515e-02   1.64548e-03  -2.29858e-02  -6.20256e-03  -1.20904e-02
T5   -6.88838e-01   3.71808e-03   4.41586e-02   1.10595e-02   3.71183e-02  -4.46903e-03  -4.03626e-02   6.08146e-02   2.63863e-02   1.87430e-02   1.00447e-03  -1.31150e-02   7.02389e-02  -7.56822e-03  -5.03084e-03   2.02262e-02   1.16558e-02   1.19662e-02  -2.66654e-02  -5.39296e-03   9.13261e-03
T6   -1.58901e+00   1.41386e-02  -1.64443e-02   4.75282e-02   7.25222e-02   2.50772e-02   6.08146e-02   4.47480e-02   2.85006e-02   1.07287e-02  -9.97207e-03  -3.78833e-03   4.83038e-04  -9.48519e-05  -4.43053e-03   4.06103e-02   4.46727e-02   3.73935e-02  -2.55209e-03  -5.67725e-03   3.72365e-03
T7   -5.93404e-01  -1.40347e-02   1.32485e-02  -4.26282e-04   3.96148e-03   1.54774e-03   2.63863e-02   2.85006e-02  -4.16232e-02  -1.83352e-03   4.83735e-03   1.76740e-02   4.07474e-02  -7.16232e-03   5.42729e-03  -6.27778e-03   4.50963e-04  -4.94565e-03  -6.88998e-03   2.80725e-03  -7.76851e-03
T8    5.26395e-01   6.43728e-03   2.39393e-02   2.43337e-02   2.95785e-03  -4.78353e-02   1.87430e-02   1.07287e-02  -1.83352e-03  -8.15466e-02  -1.71170e-03  -6.65841e-03   7.36465e-02  -2.73937e-02  -2.11465e-02  -4.40034e-03   1.01690e-02   8.58245e-03  -3.67260e-02  -1.75584e-02   1.94066e-03
T9    7.26784e-01   2.64884e-03   8.64744e-03  -9.38317e-03   5.27281e-03  -1.27462e-02   1.00447e-03  -9.97207e-03   4.83735e-03  -1.71170e-03  -7.18971e-02  -2.51066e-02  -2.97593e-02  -1.06858e-02  -2.58707e-02   1.71537e-02  -6.16046e-03  -8.09047e-03   1.92851e-02  -7.54999e-03  -2.76441e-02
T10   -1.47585e-02  -1.17896e-02  -1.57291e-02   2.21522e-02   1.53525e-02  -1.10846e-02  -1.31150e-02  -3.78833e-03   1.76740e-02  -6.65841e-03  -2.51066e-02  -5.26527e-02   4.41422e-03  -2.55482e-03  -2.34352e-02   5.77063e-03  -2.14026e-03   2.72869e-03  -1.99864e-03   2.15632e-03  -2.24191e-02
T11   -1.54654e+00   3.32681e-02   1.28006e-01   2.04084e-02   5.32550e-04   5.36721e-03   7.02389e-02   4.83038e-04   4.07474e-02   7.36465e-02  -2.97593e-02   4.41422e-03   1.06060e-02  -1.10526e-02  -1.15004e-02   5.67906e-02   3.64798e-02   3.72495e-02   1.84086e-02  -1.18295e-02  -2.72452e-03
T12    1.72371e+00  -2.20520e-03  -1.31877e-02  -6.55535e-03   3.44573e-03  -2.90895e-02  -7.56822e-03  -9.48519e-05  -7.16232e-03  -2.73937e-02  -1.06858e-02  -2.55482e-03  -1.10526e-02  -2.00095e-01  -1.29457e-02  -8.03329e-03  -7.03889e-04  -6.73665e-05  -1.40443e-03   2.15219e-03   8.95756e-06
T13    1.08263e+00   6.77380e-03  -7.25377e-03  -3.77549e-03   6.72182e-03  -2.26376e-02  -5.03084e-03  -4.43053e-03   5.42729e-03  -2.11465e-02  -2.58707e-02  -2.34352e-02  -1.15004e-02  -1.29457e-02  -6.25444e-02  -4.25598e-03  -1.44910e-02  -6.26692e-03  -2.88650e-02  -3.04330e-02  -1.68141e-02
T14   -6.30401e-01   4.27880e-03   6.61385e-03   2.87479e-02   2.43057e-02  -5.90366e-03   2.02262e-02   4.06103e-02  -6.27778e-03  -4.40034e-03   1.71537e-02   5.77063e-03   5.67906e-02  -8.03329e-03  -4.25598e-03  -3.58527e-02   2.55261e-02   1.09554e-02  -3.76279e-02  -1.54609e-02   2.78536e-03
T15   -5.70656e-01   9.61570e-03   2.63122e-02  -7.46434e-03   2.36718e-02  -2.08515e-02   1.16558e-02   4.46727e-02   4.50963e-04   1.01690e-02  -6.16046e-03  -2.14026e-03   3.64798e-02  -7.03889e-04  -1.44910e-02   2.55261e-02  -3.36117e-02  -7.74075e-03  -1.06892e-02  -1.00507e-02  -2.31178e-03
T16   -3.40896e-01  -1.12328e-03   3.17985e-02  -2.34466e-03   1.48268e-02   1.64548e-03   1.19662e-02   3.73935e-02  -4.94565e-03   8.58245e-03  -8.09047e-03   2.72869e-03   3.72495e-02  -6.73665e-05  -6.26692e-03   1.09554e-02  -7.74075e-03  -3.66477e-02  -6.02987e-03  -8.39891e-03  -1.40780e-02
T17    1.87674e+00   3.63343e-03  -1.72215e-02  -5.57799e-03  -1.46065e-02  -2.29858e-02  -2.66654e-02  -2.55209e-03  -6.88998e-03  -3.67260e-02   1.92851e-02  -1.99864e-03   1.84086e-02  -1.40443e-03  -2.88650e-02  -3.76279e-02  -1.06892e-02  -6.02987e-03  -1.40775e-01  -3.55645e-02   9.48516e-03
T18    7.59614e-01   1.38551e-02   5.56287e-03  -2.42100e-02  -1.00233e-02  -6.20256e-03  -5.39296e-03  -5.67725e-03   2.80725e-03  -1.75584e-02  -7.54999e-03   2.15632e-03  -1.18295e-02   2.15219e-03  -3.04330e-02  -1.54609e-02  -1.00507e-02  -8.39891e-03  -3.55645e-02  -5.17687e-02   6.18924e-03
T19    3.24396e-01  -1.35977e-02  -4.38350e-03   1.61824e-02   8.60862e-03  -1.20904e-02   9.13261e-03   3.72365e-03  -7.76851e-03   1.94066e-03  -2.76441e-02  -2.24191e-02  -2.72452e-03   8.95756e-06  -1.68141e-02   2.78536e-03  -2.31178e-03  -1.40780e-02   9.48516e-03   6.18924e-03  -5.11259e-02
