T0   -6.65052e-01  -1.83389e-01   1.01518e-01   1.55435e-01   1.88526e-01  -1.02197e-01   1.26087e-01   2.52577e-01  -5.58606e-02   8.39625e-02  -1.07573e-01  -1.16620e-01   2.78252e-01  -9.33034e-02  -1.05049e-01   5.68115e-02   4.83183e-02   1.10754e-02  -9.03907e-02  -4.01770e-02  -1.53386e-01
T1   -6.72047e-01   1.01518e-01   3.02840e-01   1.39298e-01  -3.16099e-01   2.41838e-02   1.58495e-01  -2.83925e-01   5.52824e-04   1.25949e-01   1.52912e-01   1.10140e-01   6.22968e-01   1.33765e-01   5.30412e-02   1.12922e-02   6.19768e-02   7.72429e-02  -8.07555e-02  -4.54072e-03   8.16380e-02
T2   -6.21370e-01   1.55435e-01   1.39298e-01  -1.77989e-01   2.25973e-02   6.28271e-03   7.24444e-02   1.95906e-01  -6.49842e-02   3.92523e-02   1.75239e-01   2.84805e-01   8.84351e-02   1.12813e-01   9.91997e-02   4.59610e-02  -4.64201e-02  -2.17795e-02   2.95606e-02  -8.08343e-03   1.72371e-01
T3   -1.15447e+00   1.88526e-01  -3.16099e-01   2.25973e-02   2.90257e-01   9.98126e-02   2.08363e-01   5.10307e-01  -1.54759e-02  -1.40363e-01   3.02189e-01   3.63562e-01  -1.94702e-01   2.34042e-01   2.43214e-01   1.01985e-01   3.19358e-02   6.74876e-02   6.22115e-02   6.63009e-03   2.27306e-01
T4    2.22085e+00  -1.02197e-01   2.41838e-02   6.28271e-03   9.98126e-02  -1.21034e+00   2.93397e-02   1.68906e-01  -9.21965e-02  -1.44342e-01  -1.83263e-01  -1.89086e-01   8.95308e-02  -2.32340e-01  -2.96575e-01  -9.82409e-02  -9.86724e-02  -5.28564e-02  -2.93920e-01  -1.69425e-01  -2.11704e-01
T5   -6.79122e-01   1.26087e-01   1.58495e-01   7.24444e-02   2.08363e-01   2.93397e-02   9.66139e-02   3.30937e-01   2.91853e-02   1.02183e-01   1.49352e-01   1.69531e-01   2.89177e-01   1.07011e-01   7.58074e-02   5.15184e-02   3.76920e-02   3.44041e-02  -8.35178e-02   9.19891e-03   1.11580e-01
T6   -1.49505e+00   2.52577e-01  -2.83925e-01   1.95906e-01   5.10307e-01   1.68906e-01   3.30937e-01   5.68602e-01   1.28509e-01  -4.09233e-02   2.32946e-01   3.26238e-01  -1.60474e-01   2.66478e-01   2.06903e-01   1.88931e-01   1.33424e-01   1.51980e-01   4.73739e-02   9.23430e-03   1.79893e-01
T7   -5.88179e-01  -5.58606e-02   5.52824e-04  -6.49842e-02  -1.54759e-02  -9.21965e-02   2.91853e-02   1.28509e-01  -1.71688e-01  -4.55741e-02   6.90788e-02   1.11419e-01   8.99314e-02  -3.16259e-02   1.31544e-02  -4.47243e-02  -6.15623e-02  -3.05220e-02  -2.61380e-02  -1.11712e-02   1.15111e-02
T8    4.24969e-01   8.39625e-02   1.25949e-01   3.92523e-02  -1.40363e-01  -1.44342e-01   1.02183e-01  -4.09233e-02  -4.55741e-02  -3.09534e-01   7.87040e-02   9.64111e-02   3.38447e-01  -3.95388e-02  -5.00740e-02  -6.48436e-03  -4.52022e-02  -4.61389e-03  -1.81530e-01  -1.30264e-01   5.41206e-02
T9    5.02456e-01  -1.07573e-01   1.52912e-01   1.75239e-01   3.02189e-01  -1.83263e-01   1.49352e-01   2.32946e-01   6.90788e-02   7.87040e-02  -4.92647e-01  -3.67268e-01   1.46457e-01  -2.42337e-01  -3.87823e-01   1.36510e-01   7.21742e-02  -3.24604e-02  -2.49887e-01  -2.57675e-01  -3.54346e-01
T10   -2.64387e-01  -1.16620e-01   1.10140e-01   2.84805e-01   3.63562e-01  -1.89086e-01   1.69531e-01   3.26238e-01   1.11419e-01   9.64111e-02  -3.67268e-01  -4.13366e-01   2.70834e-01  -1.97580e-01  -3.65907e-01   1.03595e-01   1.21709e-01   5.01096e-02  -2.84941e-01  -2.04475e-01  -3.13786e-01
T11   -1.30074e+00   2.78252e-01   6.22968e-01   8.84351e-02  -1.94702e-01   8.95308e-02   2.89177e-01  -1.60474e-01   8.99314e-02   3.38447e-01   1.46457e-01   2.70834e-01   4.39670e-01   2.51705e-01   1.51204e-01   2.66463e-01   1.15772e-01   1.36138e-01   1.20683e-01   2.12930e-03   1.42764e-01
T12    1.36542e+00  -9.33034e-02   1.33765e-01   1.12813e-01   2.34042e-01  -2.32340e-01   1.07011e-01   2.66478e-01  -3.16259e-02  -3.95388e-02  -2.42337e-01  -1.97580e-01   2.51705e-01  -5.34337e-01  -3.46874e-01   8.83446e-03   4.12812e-02  -1.86092e-03  -3.00551e-01  -2.15865e-01  -1.98130e-01
T13    1.10142e+00  -1.05049e-01   5.30412e-02   9.91997e-02   2.43214e-01  -2.96575e-01   7.58074e-02   2.06903e-01   1.31544e-02  -5.00740e-02  -3.87823e-01  -3.65907e-01   1.51204e-01  -3.46874e-01  -5.23436e-01  -1.19713e-02   8.55046e-03  -3.24230e-02  -4.20671e-01  -3.48559e-01  -3.04516e-01
T14   -4.70072e-01   5.68115e-02   1.12922e-02   4.59610e-02   1.01985e-01  -9.82409e-02   5.15184e-02   1.88931e-01  -4.47243e-02  -6.48436e-03   1.36510e-01   1.03595e-01   2.66463e-01   8.83446e-03  -1.19713e-02  -7.70475e-02   5.83759e-02   5.21585e-02  -2.49628e-01  -1.61076e-01   7.37339e-02
T15   -6.45169e-01   4.83183e-02   6.19768e-02  -4.64201e-02   3.19358e-02  -9.86724e-02   3.76920e-02   1.33424e-01  -6.15623e-02  -4.52022e-02   7.21742e-02   1.21709e-01   1.15772e-01   4.12812e-02   8.55046e-03   5.83759e-02  -7.98931e-02  -2.96726e-02  -1.96762e-02  -6.87597e-03   4.75991e-02
T16   -4.17884e-01   1.10754e-02   7.72429e-02  -2.17795e-02   6.74876e-02  -5.28564e-02   3.44041e-02   1.51980e-01  -3.05220e-02  -4.61389e-03  -3.24604e-02   5.01096e-02   1.36138e-01  -1.86092e-03  -3.24230e-02   5.21585e-02  -2.96726e-02  -9.05970e-02  -4.21643e-02  -3.38079e-02  -6.74403e-02
T17    2.17420e+00  -9.03907e-02  -8.07555e-02   2.95606e-02   6.22115e-02  -2.93920e-01  -8.35178e-02   4.73739e-02  -2.61380e-02  -1.81530e-01  -2.49887e-01  -2.84941e-01   1.20683e-01  -3.00551e-01  -4.20671e-01  -2.49628e-01  -1.96762e-02  -4.21643e-02  -5.66304e-01  -3.33887e-01  -2.11331e-01
T18    9.44901e-01  -4.01770e-02  -4.54072e-03  -8.08343e-03   6.63009e-03  -1.69425e-01   9.19891e-03   9.23430e-03  -1.11712e-02  -1.30264e-01  -2.57675e-01  -2.04475e-01   2.12930e-03  -2.15865e-01  -3.48559e-01  -1.61076e-01  -6.87597e-03  -3.38079e-02  -3.33887e-01  -2.69039e-01  -1.75578e-01
T19    2.39326e-01  -1.53386e-01   8.16380e-02   1.72371e-01   2.27306e-01  -2.11704e-01   1.11580e-01   1.79893e-01   1.15111e-02   5.41206e-02  -3.54346e-01  -3.13786e-01   1.42764e-01  -1.98130e-01  -3.04516e-01   7.37339e-02   4.75991e-02  -6.74403e-02  -2.11331e-01  -1.75578e-01  -3.77301e-01
