T0   -4.58932e-01  -4.68455e-02   3.35867e-03   2.01469e-02   4.45426e-03   1.19947e-02   3.47613e-03   1.35035e-02  -1.29492e-02   6.36528e-03   3.47118e-03  -1.01822e-02   3.07227e-02  -1.54930e-03   7.28768e-03   3.91380e-03   9.17534e-03  -9.40170e-04   3.73072e-03   1.34703e-02  -1.24014e-02
T1   -8.61534e-01   3.35867e-03   1.61674e-02   5.06391e-02  -1.77002e-02  -1.03601e-02   3.95405e-02  -1.66684e-02   1.22232e-02   2.13037e-02   7.85171e-03  -1.47937e-02   1.19545e-01  -1.39656e-02  -7.68612e-03   7.22461e-03   2.51031e-02   2.85120e-02  -1.61920e-02   5.62405e-03  -4.58919e-03
T2   -5.80167e-01   2.01469e-02   5.06391e-02  -5.21331e-02   1.38891e-02   8.61888e-03   1.01131e-02   4.40723e-02  -8.89309e-05   2.22300e-02  -1.00233e-02   1.99308e-02   1.82214e-02  -7.29731e-03  -3.66772e-03   2.75699e-02  -6.64093e-03  -2.64078e-03  -6.80573e-03  -2.32380e-02   1.45380e-02
T3   -1.14064e+00   4.45426e-03  -1.77002e-02   1.38891e-02   2.68413e-02   2.23347e-02   3.49896e-02   6.76542e-02   3.94414e-03   3.13238e-03   3.56592e-03   1.35587e-02   9.45278e-04   3.28418e-03   4.67148e-03   2.30115e-02   2.33337e-02   1.36056e-02  -1.70171e-02  -1.22167e-02   6.42560e-03
T4    2.03499e+00   1.19947e-02  -1.03601e-02   8.61888e-03   2.23347e-02  -3.01547e-01  -4.04291e-03   2.42027e-02   1.26224e-03  -4.47857e-02  -9.82955e-03  -9.24135e-03   4.51070e-03  -2.81987e-02  -1.94434e-02  -6.44827e-03  -2.06075e-02   2.83779e-03  -2.08187e-02  -3.71038e-03  -9.70571e-03
T5   -6.67138e-01   3.47613e-03   3.95405e-02   1.01131e-02   3.49896e-02  -4.04291e-03  -4.09686e-02   5.62414e-02   2.38785e-02   1.84932e-02   1.09048e-03  -1.26391e-02   6.48263e-02  -6.45348e-03  -4.99107e-03   1.96014e-02   1.07570e-02   1.15741e-02  -2.53650e-02  -5.73068e-03   8.32874e-03
T6   -1.56269e+00   1.35035e-02  -1.66684e-02   4.40723e-02   6.76542e-02   2.42027e-02   5.62414e-02   4.25509e-02   2.63521e-02   1.00729e-02  -1.09195e-02  -4.29354e-03  -7.56215e-05  -1.38415e-03  -5.38125e-03   3.77073e-02   4.29513e-02   3.47886e-02  -4.57224e-03  -6.90148e-03   2.42564e-03
T7   -5.73508e-01  -1.29492e-02   1.22232e-02  -8.89309e-05   3.94414e-03   1.26224e-03   2.38785e-02   2.63521e-02  -3.87156e-02  -2.53485e-04   3.77195e-03   1.58795e-02   3.82956e-02  -6.09996e-03   5.09318e-03  -5.46015e-03   1.16630e-03  -5.01085e-03  -7.09973e-03   1.78549e-03  -8.46848e-03
T8    5.45884e-01   6.36528e-03   2.13037e-02   2.22300e-02   3.13238e-03  -4.47857e-02   1.84932e-02   1.00729e-02  -2.53485e-04  -7.70915e-02  -2.48561e-03  -7.64947e-03   6.87069e-02  -2.58448e-02  -2.06892e-02  -3.32499e-03   1.06539e-02   7.44132e-03  -3.48468e-02  -1.67209e-02   9.27518e-04
T9    6.83220e-01   3.47118e-03   7.85171e-03  -1.00233e-02   3.56592e-03  -9.82955e-03   1.09048e-03  -1.09195e-02   3.77195e-03  -2.48561e-03  -6.56540e-02  -2.09588e-02  -2.80906e-02  -8.70556e-03  -2.07468e-02   1.43600e-02  -6.83460e-03  -6.97204e-03   2.07905e-02  -4.79629e-03  -2.28595e-02
T10   -5.22297e-02  -1.01822e-02  -1.47937e-02   1.99308e-02   1.35587e-02  -9.24135e-03  -1.26391e-02  -4.29354e-03   1.58795e-02  -7.64947e-03  -2.09588e-02  -4.81861e-02   3.86515e-03  -5.59802e-04  -1.96514e-02   4.49806e-03  -3.10226e-03   3.47751e-03   1.06233e-04   4.09720e-03  -1.83123e-02
T11   -1.51811e+00   3.07227e-02   1.19545e-01   1.82214e-02   9.45278e-04   4.51070e-03   6.48263e-02  -7.56215e-05   3.82956e-02   6.87069e-02  -2.80906e-02   3.86515e-03   7.28600e-03  -1.27604e-02  -1.21960e-02   5.34943e-02   3.40851e-02   3.39835e-02   1.73462e-02  -1.18436e-02  -3.58335e-03
T12    1.70858e+00  -1.54930e-03  -1.39656e-02  -7.29731e-03   3.28418e-03  -2.81987e-02  -6.45348e-03  -1.38415e-03  -6.09996e-03  -2.58448e-02  -8.70556e-03  -5.59802e-04  -1.27604e-02  -1.90998e-01  -9.56310e-03  -7.89944e-03  -9.59806e-04   2.09068e-04   9.76335e-04   3.93576e-03   2.16559e-03
T13    1.04923e+00   7.28768e-03  -7.68612e-03  -3.66772e-03   4.67148e-03  -1.94434e-02  -4.99107e-03  -5.38125e-03   5.09318e-03  -2.06892e-02  -2.07468e-02  -1.96514e-02  -1.21960e-02  -9.56310e-03  -5.72870e-02  -5.24270e-03  -1.55931e-02  -4.89584e-03  -2.40472e-02  -2.73245e-02  -1.32327e-02
T14   -6.09093e-01   3.91380e-03   7.22461e-03   2.75699e-02   2.30115e-02  -6.44827e-03   1.96014e-02   3.77073e-02  -5.46015e-03  -3.32499e-03   1.43600e-02   4.49806e-03   5.34943e-02  -7.89944e-03  -5.24270e-03  -3.33211e-02   2.39410e-02   1.00365e-02  -3.59306e-02  -1.48466e-02   1.14868e-03
T15   -5.55411e-01   9.17534e-03   2.51031e-02  -6.64093e-03   2.33337e-02  -2.06075e-02   1.07570e-02   4.29513e-02   1.16630e-03   1.06539e-02  -6.83460e-03  -3.10226e-03   3.40851e-02  -9.59806e-04  -1.55931e-02   2.39410e-02  -3.11225e-02  -7.37176e-03  -1.04230e-02  -1.02933e-02  -2.93686e-03
T16   -3.33109e-01  -9.40170e-04   2.85120e-02  -2.64078e-03   1.36056e-02   2.83779e-03   1.15741e-02   3.47886e-02  -5.01085e-03   7.44132e-03  -6.97204e-03   3.47751e-03   3.39835e-02   2.09068e-04  -4.89584e-03   1.00365e-02  -7.37176e-03  -3.61078e-02  -5.25301e-03  -7.15548e-03  -1.28924e-02
T17    1.85283e+00   3.73072e-03  -1.61920e-02  -6.80573e-03  -1.70171e-02  -2.08187e-02  -2.53650e-02  -4.57224e-03  -7.09973e-03  -3.48468e-02   2.07905e-02   1.06233e-04   1.73462e-02   9.76335e-04  -2.40472e-02  -3.59306e-02  -1.04230e-02  -5.25301e-03  -1.33244e-01  -3.04426e-02   1.24031e-02
T18    7.47454e-01   1.34703e-02   5.62405e-03  -2.32380e-02  -1.22167e-02  -3.71038e-03  -5.73068e-03  -6.90148e-03   1.78549e-03  -1.67209e-02  -4.79629e-03   4.09720e-03  -1.18436e-02   3.93576e-03  -2.73245e-02  -1.48466e-02  -1.02933e-02  -7.15548e-03  -3.04426e-02  -4.81625e-02   7.76804e-03
T19    2.90378e-01  -1.24014e-02  -4.58919e-03   1.45380e-02   6.42560e-03  -9.70571e-03   8.32874e-03   2.42564e-03  -8.46848e-03   9.27518e-04  -2.28595e-02  -1.83123e-02  -3.58335e-03   2.16559e-03  -1.32327e-02   1.14868e-03  -2.93686e-03  -1.28924e-02   1.24031e-02   7.76804e-03  -4.58711e-02
