T0   -4.65765e-01  -9.77317e-02   2.47335e-02   6.61953e-02   4.14287e-02  -8.92435e-03   2.63362e-02   6.31682e-02  -2.36932e-02   2.30834e-02  -3.51481e-02  -5.46886e-02   9.95049e-02  -3.35315e-02  -2.31245e-02   1.65769e-02   2.52068e-02   2.21112e-03  -2.08853e-02   7.59558e-03  -5.74836e-02
T1   -1.01704e+00   2.47335e-02   7.67979e-02   9.47379e-02  -7.69174e-02  -2.91007e-03   8.52004e-02  -6.92183e-02   2.28833e-02   4.67659e-02   5.20076e-02   9.01784e-03   2.77908e-01   1.36842e-02   8.00493e-03   1.85557e-02   5.74863e-02   7.05331e-02  -2.16633e-02   1.25728e-02   2.47249e-02
T2   -8.10546e-01   6.61953e-02   9.47379e-02  -8.63811e-02   3.36705e-02   1.09033e-02   4.39872e-02   1.07967e-01  -5.37870e-03   3.72915e-02   1.51509e-02   6.85364e-02   5.09340e-02   3.17347e-03   6.82314e-03   4.66619e-02  -9.29692e-03   3.63792e-03  -3.08873e-03  -3.39094e-02   5.56712e-02
T3   -1.39113e+00   4.14287e-02  -7.69174e-02   3.36705e-02   1.07911e-01   5.37939e-02   9.77747e-02   1.91690e-01   1.31747e-03  -2.03317e-02   5.16519e-02   6.71527e-02  -1.99541e-02   3.73101e-02   4.08086e-02   4.68208e-02   4.49285e-02   4.24463e-02  -6.33423e-03  -5.43839e-03   5.65677e-02
T4    2.35354e+00  -8.92435e-03  -2.91007e-03   1.09033e-02   5.37939e-02  -5.84264e-01  -4.51450e-03   6.34015e-02  -1.73677e-02  -6.77688e-02  -6.30344e-02  -5.84355e-02   2.82204e-02  -9.80074e-02  -9.42911e-02  -2.44118e-02  -4.87422e-02  -1.29014e-02  -8.76348e-02  -4.94899e-02  -6.87281e-02
T5   -8.63165e-01   2.63362e-02   8.52004e-02   4.39872e-02   9.77747e-02  -4.51450e-03  -1.18515e-02   1.40513e-01   5.00114e-02   4.80759e-02   2.63157e-02   1.16629e-03   1.46017e-01  -4.10844e-03  -3.03615e-03   3.47282e-02   3.38689e-02   3.52743e-02  -5.10693e-02  -1.23678e-02   3.90045e-02
T6   -1.79020e+00   6.31682e-02  -6.92183e-02   1.07967e-01   1.91690e-01   6.34015e-02   1.40513e-01   1.55623e-01   7.25021e-02   1.68642e-02   2.51180e-02   3.13293e-02  -1.66179e-02   3.61977e-02   1.64293e-02   9.10473e-02   9.87333e-02   9.56571e-02   4.15670e-04  -6.38354e-03   4.33024e-02
T7   -7.37409e-01  -2.36932e-02   2.28833e-02  -5.37870e-03   1.31747e-03  -1.73677e-02   5.00114e-02   7.25021e-02  -8.17381e-02  -2.13156e-02   2.70774e-02   4.28765e-02   8.12959e-02  -1.01577e-02   1.77129e-02  -1.35287e-02  -1.05424e-02  -1.11874e-02  -3.53241e-03   1.12161e-02   7.89138e-04
T8    3.55098e-01   2.30834e-02   4.67659e-02   3.72915e-02  -2.03317e-02  -6.77688e-02   4.80759e-02   1.68642e-02  -2.13156e-02  -1.73198e-01   2.59504e-02   1.48738e-02   1.53391e-01  -3.50421e-02  -3.16840e-02   5.15306e-03  -1.21119e-03   1.51137e-02  -7.41585e-02  -3.68456e-02   2.38850e-02
T9    9.67288e-01  -3.51481e-02   5.20076e-02   1.51509e-02   5.16519e-02  -6.30344e-02   2.63157e-02   2.51180e-02   2.70774e-02   2.59504e-02  -2.02019e-01  -1.24944e-01  -1.09175e-02  -8.06773e-02  -1.23435e-01   4.68977e-02  -2.32158e-03  -2.72688e-02  -3.25597e-02  -6.52604e-02  -1.24589e-01
T10    2.18811e-01  -5.46886e-02   9.01784e-03   6.85364e-02   6.71527e-02  -5.84355e-02   1.16629e-03   3.13293e-02   4.28765e-02   1.48738e-02  -1.24944e-01  -1.62930e-01   4.68326e-02  -6.00118e-02  -1.11552e-01   2.95155e-02   1.16333e-02  -2.73029e-03  -6.57962e-02  -3.61182e-02  -1.05742e-01
T11   -1.69962e+00   9.95049e-02   2.77908e-01   5.09340e-02  -1.99541e-02   2.82204e-02   1.46017e-01  -1.66179e-02   8.12959e-02   1.53391e-01  -1.09175e-02   4.68326e-02   9.52977e-02   3.52524e-02   5.90031e-03   1.23125e-01   8.23079e-02   9.46677e-02   5.44056e-02  -1.83060e-02   3.35343e-02
T12    1.80571e+00  -3.35315e-02   1.36842e-02   3.17347e-03   3.73101e-02  -9.80074e-02  -4.10844e-03   3.61977e-02  -1.01577e-02  -3.50421e-02  -8.06773e-02  -6.00118e-02   3.52524e-02  -3.28000e-01  -9.79990e-02   3.37995e-03   2.64989e-03  -1.01916e-02  -6.29986e-02  -5.46849e-02  -5.73040e-02
T13    1.36511e+00  -2.31245e-02   8.00493e-03   6.82314e-03   4.08086e-02  -9.42911e-02  -3.03615e-03   1.64293e-02   1.77129e-02  -3.16840e-02  -1.23435e-01  -1.11552e-01   5.90031e-03  -9.79990e-02  -1.79330e-01   1.52190e-02  -2.00784e-02  -2.21603e-02  -1.22181e-01  -1.05565e-01  -9.15689e-02
T14   -7.05096e-01   1.65769e-02   1.85557e-02   4.66619e-02   4.68208e-02  -2.44118e-02   3.47282e-02   9.10473e-02  -1.35287e-02   5.15306e-03   4.68977e-02   2.95155e-02   1.23125e-01   3.37995e-03   1.52190e-02  -6.15749e-02   3.67987e-02   3.24883e-02  -7.21388e-02  -3.61190e-02   1.90786e-02
T15   -7.35368e-01   2.52068e-02   5.74863e-02  -9.29692e-03   4.49285e-02  -4.87422e-02   3.38689e-02   9.87333e-02  -1.05424e-02  -1.21119e-03  -2.32158e-03   1.16333e-02   8.23079e-02   2.64989e-03  -2.00784e-02   3.67987e-02  -4.25584e-02  -8.70132e-03  -1.92021e-02  -1.23329e-02   9.03788e-03
T16   -4.60453e-01   2.21112e-03   7.05331e-02   3.63792e-03   4.24463e-02  -1.29014e-02   3.52743e-02   9.56571e-02  -1.11874e-02   1.51137e-02  -2.72688e-02  -2.73029e-03   9.46677e-02  -1.01916e-02  -2.21603e-02   3.24883e-02  -8.70132e-03  -4.61560e-02  -1.54261e-02  -2.07852e-02  -3.75201e-02
T17    2.15875e+00  -2.08853e-02  -2.16633e-02  -3.08873e-03  -6.33423e-03  -8.76348e-02  -5.10693e-02   4.15670e-04  -3.53241e-03  -7.41585e-02  -3.25597e-02  -6.57962e-02   5.44056e-02  -6.29986e-02  -1.22181e-01  -7.21388e-02  -1.92021e-02  -1.54261e-02  -2.66226e-01  -1.02994e-01  -4.23999e-02
T18    9.36365e-01   7.59558e-03   1.25728e-02  -3.39094e-02  -5.43839e-03  -4.94899e-02  -1.23678e-02  -6.38354e-03   1.12161e-02  -3.68456e-02  -6.52604e-02  -3.61182e-02  -1.83060e-02  -5.46849e-02  -1.05565e-01  -3.61190e-02  -1.23329e-02  -2.07852e-02  -1.02994e-01  -1.03990e-01  -3.68368e-02
T19    5.15116e-01  -5.74836e-02   2.47249e-02   5.56712e-02   5.65677e-02  -6.87281e-02   3.90045e-02   4.33024e-02   7.89138e-04   2.38850e-02  -1.24589e-01  -1.05742e-01   3.35343e-02  -5.73040e-02  -9.15689e-02   1.90786e-02   9.03788e-03  -3.75201e-02  -4.23999e-02  -3.68368e-02  -1.50871e-01
