T0   -8.18028e-01  -1.14337e-01   1.72373e-01   2.32537e-01   3.16216e-01  -9.72706e-02   2.15078e-01   3.85207e-01  -1.92772e-02   1.17748e-01  -1.55295e-01  -1.48926e-01   3.89507e-01  -9.04549e-02  -1.53838e-01   9.30041e-02   1.32032e-01   3.99889e-02  -1.23972e-01  -5.86799e-02  -1.97027e-01
T1   -5.87001e-01   1.72373e-01   4.00470e-01   1.69680e-01  -3.78792e-01   2.63062e-02   1.87733e-01  -3.29130e-01   8.71191e-03   1.79148e-01   1.47479e-01   9.83888e-02   7.62827e-01   1.37709e-01   3.86126e-02   6.66958e-02   1.02060e-01   9.47987e-02  -1.41909e-01  -3.69029e-02   7.79295e-02
T2   -5.33938e-01   2.32537e-01   1.69680e-01  -2.14321e-01   2.80632e-02   2.85660e-02   8.98244e-02   2.30145e-01  -7.62606e-02   5.40230e-02   1.89052e-01   3.35360e-01   1.37598e-01   1.49347e-01   1.24093e-01   5.64805e-02  -4.61148e-02  -2.39203e-02   4.51893e-02   1.29791e-03   1.90799e-01
T3   -1.05481e+00   3.16216e-01  -3.78792e-01   2.80632e-02   4.48653e-01   1.91741e-01   2.74321e-01   7.34490e-01   1.40944e-02  -2.05728e-01   3.44065e-01   4.61201e-01  -2.44854e-01   3.22990e-01   3.09607e-01   1.64324e-01   3.48897e-02   7.63953e-02   8.95580e-02   2.10486e-02   2.71911e-01
T4    2.03395e+00  -9.72706e-02   2.63062e-02   2.85660e-02   1.91741e-01  -1.49697e+00   4.21779e-02   2.30040e-01  -1.00844e-01  -1.86193e-01  -2.55427e-01  -2.31307e-01   1.16337e-01  -2.77867e-01  -3.79429e-01  -1.21805e-01  -7.34989e-02  -5.30301e-02  -3.94854e-01  -2.46335e-01  -2.71840e-01
T5   -5.33404e-01   2.15078e-01   1.87733e-01   8.98244e-02   2.74321e-01   4.21779e-02   1.40481e-01   4.04785e-01   7.10740e-02   1.35732e-01   1.18832e-01   1.74340e-01   3.31924e-01   1.21314e-01   7.00299e-02   8.34278e-02   7.22645e-02   3.84558e-02  -7.84175e-02   1.23417e-02   8.75403e-02
T6   -1.30515e+00   3.85207e-01  -3.29130e-01   2.30145e-01   7.34490e-01   2.30040e-01   4.04785e-01   7.99064e-01   2.00700e-01  -6.36534e-02   2.34321e-01   3.69758e-01  -2.10397e-01   3.14944e-01   2.34943e-01   2.68557e-01   1.66028e-01   1.68527e-01   8.20200e-02   4.66619e-02   1.82325e-01
T7   -7.12003e-01  -1.92772e-02   8.71191e-03  -7.62606e-02   1.40944e-02  -1.00844e-01   7.10740e-02   2.00700e-01  -1.95978e-01  -2.73708e-02   1.21982e-01   1.75208e-01   1.34384e-01  -1.05457e-03   1.73493e-02  -3.48670e-02  -7.28277e-02  -2.65418e-02  -4.49531e-02  -5.52217e-03   5.23725e-02
T8    4.95827e-01   1.17748e-01   1.79148e-01   5.40230e-02  -2.05728e-01  -1.86193e-01   1.35732e-01  -6.36534e-02  -2.73708e-02  -3.46416e-01   3.83910e-02   6.71031e-02   4.30954e-01  -5.51941e-02  -8.76861e-02  -1.49037e-02  -6.53494e-02  -3.74123e-02  -2.30870e-01  -1.63867e-01   8.66722e-03
T9    5.04280e-01  -1.55295e-01   1.47479e-01   1.89052e-01   3.44065e-01  -2.55427e-01   1.18832e-01   2.34321e-01   1.21982e-01   3.83910e-02  -6.12260e-01  -4.61769e-01   1.38868e-01  -3.16762e-01  -4.75227e-01   1.18937e-01   9.29580e-02  -7.80073e-02  -2.88222e-01  -3.62155e-01  -4.83276e-01
T10   -3.17888e-01  -1.48926e-01   9.83888e-02   3.35360e-01   4.61201e-01  -2.31307e-01   1.74340e-01   3.69758e-01   1.75208e-01   6.71031e-02  -4.61769e-01  -4.72581e-01   2.82800e-01  -2.49780e-01  -4.44768e-01   9.58823e-02   1.64065e-01   4.38693e-02  -3.43830e-01  -2.99891e-01  -4.09011e-01
T11   -1.09196e+00   3.89507e-01   7.62827e-01   1.37598e-01  -2.44854e-01   1.16337e-01   3.31924e-01  -2.10397e-01   1.34384e-01   4.30954e-01   1.38868e-01   2.82800e-01   6.13917e-01   2.80446e-01   1.62429e-01   3.64593e-01   1.71493e-01   1.43066e-01   1.20061e-01  -1.39241e-02   1.35971e-01
T12    1.27586e+00  -9.04549e-02   1.37709e-01   1.49347e-01   3.22990e-01  -2.77867e-01   1.21314e-01   3.14944e-01  -1.05457e-03  -5.51941e-02  -3.16762e-01  -2.49780e-01   2.80446e-01  -6.12706e-01  -4.36291e-01   5.04793e-03   7.27070e-02   1.46413e-02  -3.93154e-01  -2.94360e-01  -2.65944e-01
T13    9.81015e-01  -1.53838e-01   3.86126e-02   1.24093e-01   3.09607e-01  -3.79429e-01   7.00299e-02   2.34943e-01   1.73493e-02  -8.76861e-02  -4.75227e-01  -4.44768e-01   1.62429e-01  -4.36291e-01  -6.43328e-01  -6.28870e-02   5.18971e-04  -5.20126e-02  -5.07759e-01  -4.53015e-01  -3.96109e-01
T14   -4.05134e-01   9.30041e-02   6.66958e-02   5.64805e-02   1.64324e-01  -1.21805e-01   8.34278e-02   2.68557e-01  -3.48670e-02  -1.49037e-02   1.18937e-01   9.58823e-02   3.64593e-01   5.04793e-03  -6.28870e-02  -7.52250e-02   8.36431e-02   5.47299e-02  -3.56679e-01  -2.32168e-01   5.10301e-02
T15   -6.69950e-01   1.32032e-01   1.02060e-01  -4.61148e-02   3.48897e-02  -7.34989e-02   7.22645e-02   1.66028e-01  -7.28277e-02  -6.53494e-02   9.29580e-02   1.64065e-01   1.71493e-01   7.27070e-02   5.18971e-04   8.36431e-02  -7.50253e-02  -2.38866e-02  -3.71102e-02  -5.91994e-04   4.75226e-02
T16   -3.76242e-01   3.99889e-02   9.47987e-02  -2.39203e-02   7.63953e-02  -5.30301e-02   3.84558e-02   1.68527e-01  -2.65418e-02  -3.74123e-02  -7.80073e-02   4.38693e-02   1.43066e-01   1.46413e-02  -5.20126e-02   5.47299e-02  -2.38866e-02  -1.25221e-01  -2.50403e-02  -5.19246e-02  -1.25568e-01
T17    1.94427e+00  -1.23972e-01  -1.41909e-01   4.51893e-02   8.95580e-02  -3.94854e-01  -7.84175e-02   8.20200e-02  -4.49531e-02  -2.30870e-01  -2.88222e-01  -3.43830e-01   1.20061e-01  -3.93154e-01  -5.07759e-01  -3.56679e-01  -3.71102e-02  -2.50403e-02  -6.35728e-01  -3.73776e-01  -2.52460e-01
T18    8.94118e-01  -5.86799e-02  -3.69029e-02   1.29791e-03   2.10486e-02  -2.46335e-01   1.23417e-02   4.66619e-02  -5.52217e-03  -1.63867e-01  -3.62155e-01  -2.99891e-01  -1.39241e-02  -2.94360e-01  -4.53015e-01  -2.32168e-01  -5.91994e-04  -5.19246e-02  -3.73776e-01  -3.39674e-01  -2.83182e-01
T19    2.76182e-01  -1.97027e-01   7.79295e-02   1.90799e-01   2.71911e-01  -2.71840e-01   8.75403e-02   1.82325e-01   5.23725e-02   8.66722e-03  -4.83276e-01  -4.09011e-01   1.35971e-01  -2.65944e-01  -3.96109e-01   5.10301e-02   4.75226e-02  -1.25568e-01  -2.52460e-01  -2.83182e-01  -5.25060e-01
