T0   -5.62453e-01  -3.92180e-01   1.22833e-01   1.71616e-01   3.93063e-01  -3.41454e-01   2.43586e-01   4.93032e-01  -2.65473e-01   5.70373e-02  -3.00020e-01  -2.22523e-01   4.60233e-01  -2.11721e-01  -3.31932e-01   8.82582e-02  -2.97458e-02  -7.45385e-02  -1.81913e-01  -2.90904e-01  -4.31102e-01
T1   -2.45716e-01   1.22833e-01   4.86092e-01   2.05722e-01  -3.55658e-01   1.22477e-02   2.01346e-01  -2.34937e-01  -9.27274e-02   6.41145e-02   2.18121e-01   1.21440e-01   9.95020e-01   1.49745e-01  -1.45029e-01   1.27558e-01   9.93143e-02   1.02341e-01  -6.54584e-01  -3.84952e-01   1.44904e-01
T2   -1.41599e-01   1.71616e-01   2.05722e-01  -3.61200e-01   2.75223e-02  -8.03294e-02   1.66078e-01   4.05202e-01  -2.60012e-01   6.22244e-02   3.64765e-01   4.75544e-01   1.89008e-01   2.31836e-01   1.76855e-01   1.50394e-01  -1.74949e-01  -1.15639e-01   1.06429e-01   4.54656e-02   2.86897e-01
T3   -6.14862e-01   3.93063e-01  -3.55658e-01   2.75223e-02   6.17199e-01   2.21564e-01   5.27224e-01   1.06520e+00  -2.81458e-02  -1.40272e-01   6.41017e-01   7.39153e-01  -1.60093e-01   4.64026e-01   5.88294e-01   4.19454e-01  -5.40776e-02  -2.03789e-02   7.26768e-01   5.00180e-01   4.76500e-01
T4    1.80277e+00  -3.41454e-01   1.22477e-02  -8.03294e-02   2.21564e-01  -2.79432e+00   7.23396e-02   3.63959e-01  -4.94889e-01  -2.93310e-01  -4.11600e-01  -3.52050e-01   2.94044e-01  -5.28591e-01  -6.56222e-01  -8.28823e-02  -3.07963e-01  -2.64273e-01  -7.54906e-01  -4.88213e-01  -5.41884e-01
T5   -1.17305e-01   2.43586e-01   2.01346e-01   1.66078e-01   5.27224e-01   7.23396e-02   2.93762e-01   6.99991e-01   4.62769e-02   1.72603e-01   2.54006e-01   3.55903e-01   3.75003e-01   1.71685e-01   6.30968e-02   2.01751e-01   8.37523e-02   4.35201e-02  -1.22503e-01  -1.54949e-02   1.89075e-01
T6   -8.16244e-01   4.93032e-01  -2.34937e-01   4.05202e-01   1.06520e+00   3.63959e-01   6.99991e-01   1.19882e+00   2.76629e-01   1.53744e-01   5.49348e-01   7.78444e-01  -1.38869e-01   5.41708e-01   4.47112e-01   5.11684e-01   2.84153e-01   2.27355e-01   4.73303e-01   3.21762e-01   4.05249e-01
T7   -2.98303e-01  -2.65473e-01  -9.27274e-02  -2.60012e-01  -2.81458e-02  -4.94889e-01   4.62769e-02   2.76629e-01  -4.60530e-01  -2.39138e-01  -2.03754e-01  -3.73627e-02   1.48049e-01  -2.50882e-01  -3.41780e-01  -2.35593e-01  -2.77777e-01  -2.59363e-01  -3.74333e-01  -3.59230e-01  -3.15333e-01
T8    6.02569e-01   5.70373e-02   6.41145e-02   6.22244e-02  -1.40272e-01  -2.93310e-01   1.72603e-01   1.53744e-01  -2.39138e-01  -4.60896e-01   1.59477e-01   2.00058e-01   3.92311e-01  -5.79406e-02  -2.12168e-01   3.24994e-02  -1.68324e-01  -1.11606e-01  -4.89464e-01  -3.38010e-01   8.17113e-02
T9   -1.87063e-01  -3.00020e-01   2.18121e-01   3.64765e-01   6.41017e-01  -4.11600e-01   2.54006e-01   5.49348e-01  -2.03754e-01   1.59477e-01  -6.55668e-01  -3.42667e-01   4.07941e-01  -3.53221e-01  -4.48576e-01   5.17340e-01   8.20318e-02   1.18834e-01  -2.35621e-01  -3.03284e-01  -5.47172e-01
T10   -8.04606e-01  -2.22523e-01   1.21440e-01   4.75544e-01   7.39153e-01  -3.52050e-01   3.55903e-01   7.78444e-01  -3.73627e-02   2.00058e-01  -3.42667e-01  -3.12079e-01   5.38278e-01  -1.60916e-01  -4.09279e-01   3.85690e-01   1.89791e-01   2.75954e-01  -3.78406e-01  -3.15504e-01  -3.29334e-01
T11   -5.62142e-01   4.60233e-01   9.95020e-01   1.89008e-01  -1.60093e-01   2.94044e-01   3.75003e-01  -1.38869e-01   1.48049e-01   3.92311e-01   4.07941e-01   5.38278e-01   1.00068e+00   4.86687e-01   2.03563e-01   6.13555e-01   2.20009e-01   2.04714e-01  -1.97271e-01  -3.00015e-01   3.21838e-01
T12    1.03140e+00  -2.11721e-01   1.49745e-01   2.31836e-01   4.64026e-01  -5.28591e-01   1.71685e-01   5.41708e-01  -2.50882e-01  -5.79406e-02  -3.53221e-01  -1.60916e-01   4.86687e-01  -7.58117e-01  -6.28383e-01   1.36522e-01   3.01025e-02   3.84150e-02  -5.96078e-01  -4.83979e-01  -3.59896e-01
T13    2.96305e-01  -3.31932e-01  -1.45029e-01   1.76855e-01   5.88294e-01  -6.56222e-01   6.30968e-02   4.47112e-01  -3.41780e-01  -2.12168e-01  -4.48576e-01  -4.09279e-01   2.03563e-01  -6.28383e-01  -8.24416e-01  -1.19399e-01  -2.05381e-02   1.40190e-01  -6.38908e-01  -6.70833e-01  -4.04083e-01
T14   -2.61997e-01   8.82582e-02   1.27558e-01   1.50394e-01   4.19454e-01  -8.28823e-02   2.01751e-01   5.11684e-01  -2.35593e-01   3.24994e-02   5.17340e-01   3.85690e-01   6.13555e-01   1.36522e-01  -1.19399e-01   2.00727e-01   1.42908e-01   2.72560e-01  -6.04217e-01  -3.66182e-01   3.68984e-01
T15   -3.30393e-01  -2.97458e-02   9.93143e-02  -1.74949e-01  -5.40776e-02  -3.07963e-01   8.37523e-02   2.84153e-01  -2.77777e-01  -1.68324e-01   8.20318e-02   1.89791e-01   2.20009e-01   3.01025e-02  -2.05381e-02   1.42908e-01  -3.01769e-01  -2.29810e-01   2.46183e-02  -1.76785e-02  -1.05605e-01
T16   -2.70525e-01  -7.45385e-02   1.02341e-01  -1.15639e-01  -2.03789e-02  -2.64273e-01   4.35201e-02   2.27355e-01  -2.59363e-01  -1.11606e-01   1.18834e-01   2.75954e-01   2.04714e-01   3.84150e-02   1.40190e-01   2.72560e-01  -2.29810e-01  -3.80623e-01   3.46614e-01   1.21362e-01  -1.44855e-01
T17    1.33377e+00  -1.81913e-01  -6.54584e-01   1.06429e-01   7.26768e-01  -7.54906e-01  -1.22503e-01   4.73303e-01  -3.74333e-01  -4.89464e-01  -2.35621e-01  -3.78406e-01  -1.97271e-01  -5.96078e-01  -6.38908e-01  -6.04217e-01   2.46183e-02   3.46614e-01  -7.49612e-01  -5.84400e-01  -1.79942e-01
T18    4.38118e-01  -2.90904e-01  -3.84952e-01   4.54656e-02   5.00180e-01  -4.88213e-01  -1.54949e-02   3.21762e-01  -3.59230e-01  -3.38010e-01  -3.03284e-01  -3.15504e-01  -3.00015e-01  -4.83979e-01  -6.70833e-01  -3.66182e-01  -1.76785e-02   1.21362e-01  -5.84400e-01  -6.57912e-01  -2.87392e-01
T19   -2.91723e-01  -4.31102e-01   1.44904e-01   2.86897e-01   4.76500e-01  -5.41884e-01   1.89075e-01   4.05249e-01  -3.15333e-01   8.17113e-02  -5.47172e-01  -3.29334e-01   3.21838e-01  -3.59896e-01  -4.04083e-01   3.68984e-01  -1.05605e-01  -1.44855e-01  -1.79942e-01  -2.87392e-01  -7.21906e-01
