T0   -3.87494e-01  -7.16256e-02   1.02042e-02   3.81883e-02   1.32327e-02   1.47686e-03   1.02922e-02   2.91414e-02  -1.92549e-02   1.37031e-02  -1.32231e-02  -3.09716e-02   5.74684e-02  -1.82751e-02  -2.64538e-03   8.42533e-03   1.47819e-02  -2.62290e-03  -3.02143e-03   1.39011e-02  -3.41390e-02
T1   -1.03686e+00   1.02042e-02   4.56240e-02   8.12265e-02  -3.59976e-02  -1.84905e-03   7.20541e-02  -2.89111e-02   1.78738e-02   3.83894e-02   2.55288e-02  -1.04235e-02   2.00608e-01  -6.93740e-03  -7.57788e-03   7.15895e-03   4.54528e-02   5.37995e-02  -2.39201e-02   5.66465e-03   7.15647e-03
T2   -7.38474e-01   3.81883e-02   8.12265e-02  -7.17779e-02   2.02104e-02   1.06193e-02   2.56223e-02   7.68552e-02  -3.72777e-03   3.44883e-02  -3.63790e-03   3.83443e-02   3.73913e-02  -3.09565e-03   1.23881e-03   3.40240e-02  -1.26669e-02  -2.28313e-03  -5.40723e-05  -2.60440e-02   3.30741e-02
T3   -1.30357e+00   1.32327e-02  -3.59976e-02   2.02104e-02   5.69082e-02   3.97882e-02   6.21516e-02   1.20154e-01   3.13992e-03  -3.19902e-03   2.02988e-02   3.25447e-02  -8.03767e-04   1.30501e-02   2.25574e-02   3.29032e-02   2.97564e-02   2.28243e-02  -7.71054e-03  -1.30676e-03   2.69336e-02
T4    2.26273e+00   1.47686e-03  -1.84905e-03   1.06193e-02   3.97882e-02  -4.39698e-01  -4.80413e-03   4.18418e-02  -4.59483e-03  -5.92969e-02  -3.45288e-02  -3.17619e-02   1.39223e-02  -6.12115e-02  -5.37019e-02  -1.12714e-02  -3.21762e-02  -3.92038e-03  -5.42681e-02  -2.18946e-02  -3.72135e-02
T5   -8.23669e-01   1.02922e-02   7.20541e-02   2.56223e-02   6.21516e-02  -4.80413e-03  -2.71482e-02   9.78847e-02   3.52665e-02   3.56037e-02   8.43535e-03  -1.21688e-02   1.14025e-01  -7.87065e-03  -4.51018e-03   2.21575e-02   1.86480e-02   2.26141e-02  -3.12956e-02  -5.38742e-03   1.96541e-02
T6   -1.74698e+00   2.91414e-02  -2.89111e-02   7.68552e-02   1.20154e-01   4.18418e-02   9.78847e-02   9.44214e-02   4.51138e-02   1.80363e-02  -2.48523e-03   3.89049e-03   3.56322e-03   1.19121e-02   6.51004e-03   5.81502e-02   6.60702e-02   6.21178e-02   4.60520e-03   2.70033e-03   1.62909e-02
T7   -6.46813e-01  -1.92549e-02   1.78738e-02  -3.72777e-03   3.13992e-03  -4.59483e-03   3.52665e-02   4.51138e-02  -6.10259e-02  -1.48284e-02   1.32834e-02   2.57867e-02   6.08248e-02  -1.06908e-02   1.27867e-02  -1.05925e-02  -6.61124e-03  -9.29107e-03  -3.38525e-03   6.56530e-03  -5.54069e-03
T8    3.84681e-01   1.37031e-02   3.83894e-02   3.44883e-02  -3.19902e-03  -5.92969e-02   3.56037e-02   1.80363e-02  -1.48284e-02  -1.19004e-01   1.01866e-02   2.39437e-03   1.18934e-01  -3.13130e-02  -3.06594e-02   5.48098e-04   5.49400e-03   1.28911e-02  -5.70406e-02  -2.89647e-02   9.57788e-03
T9    9.33690e-01  -1.32231e-02   2.55288e-02  -3.63790e-03   2.02988e-02  -3.45288e-02   8.43535e-03  -2.48523e-03   1.32834e-02   1.01866e-02  -1.29773e-01  -6.49937e-02  -2.84364e-02  -3.90549e-02  -6.60533e-02   3.37518e-02  -6.72459e-03  -1.66900e-02   2.41037e-03  -3.16614e-02  -6.99292e-02
T10    1.76592e-01  -3.09716e-02  -1.04235e-02   3.83443e-02   3.25447e-02  -3.17619e-02  -1.21688e-02   3.89049e-03   2.57867e-02   2.39437e-03  -6.49937e-02  -9.67383e-02   1.57409e-02  -2.22793e-02  -5.78481e-02   1.69531e-02  -5.03784e-05  -1.43182e-03  -2.62739e-02  -1.00765e-02  -5.71509e-02
T11   -1.70952e+00   5.74684e-02   2.00608e-01   3.73913e-02  -8.03767e-04   1.39223e-02   1.14025e-01   3.56322e-03   6.08248e-02   1.18934e-01  -2.84364e-02   1.57409e-02   5.07254e-02   7.84963e-03  -8.91054e-03   8.29990e-02   5.75693e-02   6.36939e-02   3.49374e-02  -1.32085e-02   9.82814e-03
T12    1.81110e+00  -1.82751e-02  -6.93740e-03  -3.09565e-03   1.30501e-02  -6.12115e-02  -7.87065e-03   1.19121e-02  -1.06908e-02  -3.13130e-02  -3.90549e-02  -2.22793e-02   7.84963e-03  -2.61309e-01  -4.81534e-02  -3.15602e-03  -2.00191e-03  -5.56427e-03  -2.46804e-02  -2.14470e-02  -2.06992e-02
T13    1.24424e+00  -2.64538e-03  -7.57788e-03   1.23881e-03   2.25574e-02  -5.37019e-02  -4.51018e-03   6.51004e-03   1.27867e-02  -3.06594e-02  -6.60533e-02  -5.78481e-02  -8.91054e-03  -4.81534e-02  -1.10926e-01   7.05957e-03  -1.44385e-02  -1.25646e-02  -7.09636e-02  -6.56156e-02  -4.87955e-02
T14   -6.82445e-01   8.42533e-03   7.15895e-03   3.40240e-02   3.29032e-02  -1.12714e-02   2.21575e-02   5.81502e-02  -1.05925e-02   5.48098e-04   3.37518e-02   1.69531e-02   8.29990e-02  -3.15602e-03   7.05957e-03  -5.20014e-02   3.15255e-02   1.93532e-02  -4.93594e-02  -2.23777e-02   1.21358e-02
T15   -6.40714e-01   1.47819e-02   4.54528e-02  -1.26669e-02   2.97564e-02  -3.21762e-02   1.86480e-02   6.60702e-02  -6.61124e-03   5.49400e-03  -6.72459e-03  -5.03784e-05   5.75693e-02  -2.00191e-03  -1.44385e-02   3.15255e-02  -4.01222e-02  -1.09857e-02  -1.11100e-02  -7.98979e-03   1.61540e-03
T16   -3.87429e-01  -2.62290e-03   5.37995e-02  -2.28313e-03   2.28243e-02  -3.92038e-03   2.26141e-02   6.21178e-02  -9.29107e-03   1.28911e-02  -1.66900e-02  -1.43182e-03   6.36939e-02  -5.56427e-03  -1.25646e-02   1.93532e-02  -1.09857e-02  -4.46210e-02  -8.19781e-03  -9.69486e-03  -2.52955e-02
T17    1.99259e+00  -3.02143e-03  -2.39201e-02  -5.40723e-05  -7.71054e-03  -5.42681e-02  -3.12956e-02   4.60520e-03  -3.38525e-03  -5.70406e-02   2.41037e-03  -2.62739e-02   3.49374e-02  -2.46804e-02  -7.09636e-02  -4.93594e-02  -1.11100e-02  -8.19781e-03  -2.06968e-01  -6.78788e-02  -1.01733e-02
T18    8.06927e-01   1.39011e-02   5.66465e-03  -2.60440e-02  -1.30676e-03  -2.18946e-02  -5.38742e-03   2.70033e-03   6.56530e-03  -2.89647e-02  -3.16614e-02  -1.00765e-02  -1.32085e-02  -2.14470e-02  -6.56156e-02  -2.23777e-02  -7.98979e-03  -9.69486e-03  -6.78788e-02  -8.05882e-02  -9.06498e-03
T19    4.91423e-01  -3.41390e-02   7.15647e-03   3.30741e-02   2.69336e-02  -3.72135e-02   1.96541e-02   1.62909e-02  -5.54069e-03   9.57788e-03  -6.99292e-02  -5.71509e-02   9.82814e-03  -2.06992e-02  -4.87955e-02   1.21358e-02   1.61540e-03  -2.52955e-02  -1.01733e-02  -9.06498e-03  -9.60475e-02
