T0   -4.01993e-01  -8.20462e-02   1.63943e-02   4.56407e-02   1.91772e-02  -3.05849e-03   1.55957e-02   3.81074e-02  -2.16599e-02   1.88699e-02  -1.98955e-02  -3.86477e-02   7.21262e-02  -2.27568e-02  -8.42055e-03   9.48217e-03   1.69363e-02  -1.50965e-03  -8.08626e-03   1.17962e-02  -4.16635e-02
T1   -1.03282e+00   1.63943e-02   5.12322e-02   8.67325e-02  -4.64263e-02  -2.33078e-03   7.51182e-02  -4.00869e-02   1.94646e-02   4.06359e-02   3.48047e-02  -5.93236e-03   2.27238e-01   2.11609e-04  -3.72673e-03   9.11223e-03   5.05766e-02   6.10247e-02  -2.45693e-02   6.29469e-03   1.36753e-02
T2   -7.75016e-01   4.56407e-02   8.67325e-02  -7.69838e-02   2.49641e-02   8.95890e-03   3.42478e-02   8.97804e-02  -5.50186e-03   3.45831e-02   3.10495e-03   4.93771e-02   4.32114e-02  -3.96679e-04   2.70102e-03   3.64585e-02  -1.36560e-02   7.80070e-04  -1.58389e-03  -2.86117e-02   4.01097e-02
T3   -1.33758e+00   1.91772e-02  -4.64263e-02   2.49641e-02   6.90339e-02   4.46852e-02   7.57157e-02   1.43493e-01   6.67217e-04  -1.07861e-02   2.98582e-02   4.43187e-02  -4.99179e-03   2.00753e-02   3.01074e-02   3.55469e-02   3.21579e-02   2.92410e-02  -6.61677e-03   1.76676e-04   3.65415e-02
T4    2.29479e+00  -3.05849e-03  -2.33078e-03   8.95890e-03   4.46852e-02  -4.88367e-01  -2.90700e-03   5.05872e-02  -9.54630e-03  -6.11474e-02  -4.37613e-02  -4.08132e-02   2.03131e-02  -7.32306e-02  -6.51509e-02  -1.50081e-02  -3.67299e-02  -5.62890e-03  -6.48920e-02  -2.99758e-02  -4.71359e-02
T5   -8.46918e-01   1.55957e-02   7.51182e-02   3.42478e-02   7.57157e-02  -2.90700e-03  -2.47369e-02   1.12128e-01   3.79301e-02   4.04329e-02   1.56851e-02  -7.25935e-03   1.24437e-01  -6.62417e-03  -6.06060e-03   2.47916e-02   2.24025e-02   2.71545e-02  -3.78064e-02  -6.25771e-03   2.71018e-02
T6   -1.77333e+00   3.81074e-02  -4.00869e-02   8.97804e-02   1.43493e-01   5.05872e-02   1.12128e-01   1.15594e-01   5.22225e-02   1.90450e-02   6.84113e-03   1.21596e-02  -4.21765e-03   1.69997e-02   9.53494e-03   6.81513e-02   7.62886e-02   7.47919e-02   9.40155e-04   1.17524e-03   2.51804e-02
T7   -6.63669e-01  -2.16599e-02   1.94646e-02  -5.50186e-03   6.67217e-04  -9.54630e-03   3.79301e-02   5.22225e-02  -6.77230e-02  -1.73717e-02   1.73395e-02   3.10406e-02   6.77212e-02  -1.09695e-02   1.51180e-02  -1.21317e-02  -1.00487e-02  -1.22110e-02  -1.11371e-03   9.83936e-03  -3.62458e-03
T8    3.64866e-01   1.88699e-02   4.06359e-02   3.45831e-02  -1.07861e-02  -6.11474e-02   4.04329e-02   1.90450e-02  -1.73717e-02  -1.36532e-01   1.53573e-02   6.98044e-03   1.31556e-01  -3.28801e-02  -3.03979e-02   8.58606e-04   2.98132e-03   1.45676e-02  -6.30542e-02  -3.33122e-02   1.54399e-02
T9    9.44703e-01  -1.98955e-02   3.48047e-02   3.10495e-03   2.98582e-02  -4.37613e-02   1.56851e-02   6.84113e-03   1.73395e-02   1.53573e-02  -1.54464e-01  -8.53407e-02  -2.33271e-02  -5.27853e-02  -8.53496e-02   4.10107e-02  -4.48305e-03  -1.86738e-02  -8.89116e-03  -4.22263e-02  -8.86501e-02
T10    1.95068e-01  -3.86477e-02  -5.93236e-03   4.93771e-02   4.43187e-02  -4.08132e-02  -7.25935e-03   1.21596e-02   3.10406e-02   6.98044e-03  -8.53407e-02  -1.18575e-01   2.50650e-02  -3.51160e-02  -7.57629e-02   2.23293e-02   4.54626e-03  -9.98016e-04  -3.94156e-02  -1.79028e-02  -7.34456e-02
T11   -1.71668e+00   7.21262e-02   2.27238e-01   4.32114e-02  -4.99179e-03   2.03131e-02   1.24437e-01  -4.21765e-03   6.77212e-02   1.31556e-01  -2.33271e-02   2.50650e-02   6.37096e-02   1.81028e-02  -5.17863e-03   9.30667e-02   6.69011e-02   7.69727e-02   3.94865e-02  -1.55896e-02   1.82935e-02
T12    1.81191e+00  -2.27568e-02   2.11609e-04  -3.96679e-04   2.00753e-02  -7.32306e-02  -6.62417e-03   1.69997e-02  -1.09695e-02  -3.28801e-02  -5.27853e-02  -3.51160e-02   1.81028e-02  -2.85642e-01  -6.40328e-02  -1.58401e-05  -1.42699e-03  -6.10829e-03  -3.33379e-02  -3.29998e-02  -3.16767e-02
T13    1.29885e+00  -8.42055e-03  -3.72673e-03   2.70102e-03   3.01074e-02  -6.51509e-02  -6.06060e-03   9.53494e-03   1.51180e-02  -3.03979e-02  -8.53496e-02  -7.57629e-02  -5.17863e-03  -6.40328e-02  -1.33277e-01   1.16174e-02  -1.48791e-02  -1.67474e-02  -8.87419e-02  -7.90910e-02  -6.33369e-02
T14   -6.88121e-01   9.48217e-03   9.11223e-03   3.64585e-02   3.55469e-02  -1.50081e-02   2.47916e-02   6.81513e-02  -1.21317e-02   8.58606e-04   4.10107e-02   2.23293e-02   9.30667e-02  -1.58401e-05   1.16174e-02  -5.49260e-02   3.18201e-02   2.47512e-02  -5.53562e-02  -2.71380e-02   1.48899e-02
T15   -6.74474e-01   1.69363e-02   5.05766e-02  -1.36560e-02   3.21579e-02  -3.67299e-02   2.24025e-02   7.62886e-02  -1.00487e-02   2.98132e-03  -4.48305e-03   4.54626e-03   6.69011e-02  -1.42699e-03  -1.48791e-02   3.18201e-02  -4.09956e-02  -1.22670e-02  -1.29112e-02  -9.65564e-03   6.27489e-03
T16   -4.26992e-01  -1.50965e-03   6.10247e-02   7.80070e-04   2.92410e-02  -5.62890e-03   2.71545e-02   7.47919e-02  -1.22110e-02   1.45676e-02  -1.86738e-02  -9.98016e-04   7.69727e-02  -6.10829e-03  -1.67474e-02   2.47512e-02  -1.22670e-02  -4.56810e-02  -1.05941e-02  -1.31423e-02  -2.93430e-02
T17    2.07712e+00  -8.08626e-03  -2.45693e-02  -1.58389e-03  -6.61677e-03  -6.48920e-02  -3.78064e-02   9.40155e-04  -1.11371e-03  -6.30542e-02  -8.89116e-03  -3.94156e-02   3.94865e-02  -3.33379e-02  -8.87419e-02  -5.53562e-02  -1.29112e-02  -1.05941e-02  -2.32512e-01  -7.95304e-02  -2.22842e-02
T18    8.54944e-01   1.17962e-02   6.29469e-03  -2.86117e-02   1.76676e-04  -2.99758e-02  -6.25771e-03   1.17524e-03   9.83936e-03  -3.33122e-02  -4.22263e-02  -1.79028e-02  -1.55896e-02  -3.29998e-02  -7.90910e-02  -2.71380e-02  -9.65564e-03  -1.31423e-02  -7.95304e-02  -9.02402e-02  -1.65433e-02
T19    4.95349e-01  -4.16635e-02   1.36753e-02   4.01097e-02   3.65415e-02  -4.71359e-02   2.71018e-02   2.51804e-02  -3.62458e-03   1.54399e-02  -8.86501e-02  -7.34456e-02   1.82935e-02  -3.16767e-02  -6.33369e-02   1.48899e-02   6.27489e-03  -2.93430e-02  -2.22842e-02  -1.65433e-02  -1.14108e-01
