T0   -4.27173e-01  -8.65023e-02   1.91477e-02   5.24464e-02   2.53989e-02  -3.34730e-03   1.92459e-02   4.54376e-02  -2.18542e-02   2.07336e-02  -2.41330e-02  -4.34517e-02   8.08190e-02  -2.56936e-02  -1.33285e-02   8.67112e-03   1.93969e-02  -1.16953e-04  -1.12533e-02   1.09295e-02  -4.67122e-02
T1   -1.02667e+00   1.91477e-02   5.75729e-02   8.99462e-02  -5.61779e-02  -1.23603e-03   7.74077e-02  -4.90157e-02   2.07744e-02   4.31821e-02   4.14880e-02  -8.45916e-04   2.42122e-01   4.96266e-03  -1.83307e-04   1.17714e-02   5.36390e-02   6.49584e-02  -2.68354e-02   5.19961e-03   1.76692e-02
T2   -7.91533e-01   5.24464e-02   8.99462e-02  -8.04833e-02   2.91758e-02   9.51098e-03   3.77423e-02   9.58474e-02  -5.52273e-03   3.56380e-02   7.84711e-03   5.55116e-02   4.42262e-02  -9.25620e-04   4.33399e-03   3.89688e-02  -1.12208e-02   1.17126e-03  -2.93829e-03  -3.24141e-02   4.61064e-02
T3   -1.35940e+00   2.53989e-02  -5.61779e-02   2.91758e-02   8.12333e-02   4.68979e-02   8.18555e-02   1.58127e-01   4.45464e-04  -1.37960e-02   3.66744e-02   5.15061e-02  -9.65571e-03   2.68623e-02   3.43183e-02   3.91968e-02   3.64428e-02   3.19264e-02  -7.84322e-03   2.15257e-04   4.35606e-02
T4    2.31475e+00  -3.34730e-03  -1.23603e-03   9.51098e-03   4.68979e-02  -5.18672e-01  -3.36705e-03   5.24206e-02  -1.33382e-02  -6.24674e-02  -4.97289e-02  -4.61858e-02   2.31070e-02  -7.91500e-02  -7.38437e-02  -1.93181e-02  -3.93680e-02  -9.79186e-03  -7.25928e-02  -3.44109e-02  -5.34697e-02
T5   -8.53770e-01   1.92459e-02   7.74077e-02   3.77423e-02   8.18555e-02  -3.36705e-03  -2.17551e-02   1.20539e-01   4.24320e-02   4.28324e-02   2.01308e-02  -5.10645e-03   1.31588e-01  -6.74329e-03  -5.60785e-03   2.68483e-02   2.56826e-02   3.05422e-02  -4.32042e-02  -6.82618e-03   3.18846e-02
T6   -1.78174e+00   4.54376e-02  -4.90157e-02   9.58474e-02   1.58127e-01   5.24206e-02   1.20539e-01   1.28350e-01   5.85462e-02   1.93811e-02   1.19718e-02   1.84646e-02  -8.42231e-03   2.28774e-02   1.18116e-02   7.45483e-02   8.37175e-02   8.12432e-02   3.90949e-04  -1.24569e-03   3.25853e-02
T7   -6.89435e-01  -2.18542e-02   2.07744e-02  -5.52273e-03   4.45464e-04  -1.33382e-02   4.24320e-02   5.85462e-02  -7.29066e-02  -2.01433e-02   1.99813e-02   3.46276e-02   7.32057e-02  -9.87431e-03   1.64797e-02  -1.22553e-02  -1.09942e-02  -1.26690e-02   1.46093e-06   1.02619e-02  -1.98430e-03
T8    3.60365e-01   2.07336e-02   4.31821e-02   3.56380e-02  -1.37960e-02  -6.24674e-02   4.28324e-02   1.93811e-02  -2.01433e-02  -1.48514e-01   2.02678e-02   9.38553e-03   1.38839e-01  -3.56388e-02  -2.95652e-02   2.01291e-03   1.10561e-03   1.42126e-02  -6.77143e-02  -3.50679e-02   1.86579e-02
T9    9.53113e-01  -2.41330e-02   4.14880e-02   7.84711e-03   3.66744e-02  -4.97289e-02   2.01308e-02   1.19718e-02   1.99813e-02   2.02678e-02  -1.70012e-01  -9.84687e-02  -1.92790e-02  -6.11860e-02  -9.72915e-02   4.45134e-02  -4.24492e-03  -2.17017e-02  -1.76633e-02  -4.91273e-02  -1.00734e-01
T10    2.08397e-01  -4.34517e-02  -8.45916e-04   5.55116e-02   5.15061e-02  -4.61858e-02  -5.10645e-03   1.84646e-02   3.46276e-02   9.38553e-03  -9.84687e-02  -1.33290e-01   3.11384e-02  -4.36130e-02  -8.78211e-02   2.58258e-02   7.61915e-03  -1.49096e-03  -4.82975e-02  -2.32875e-02  -8.41293e-02
T11   -1.71294e+00   8.08190e-02   2.42122e-01   4.42262e-02  -9.65571e-03   2.31070e-02   1.31588e-01  -8.42231e-03   7.32057e-02   1.38839e-01  -1.92790e-02   3.11384e-02   7.38145e-02   2.23748e-02  -4.59016e-04   1.00823e-01   7.32127e-02   8.39013e-02   4.31648e-02  -1.70086e-02   2.40120e-02
T12    1.81150e+00  -2.56936e-02   4.96266e-03  -9.25620e-04   2.68623e-02  -7.91500e-02  -6.74329e-03   2.28774e-02  -9.87431e-03  -3.56388e-02  -6.11860e-02  -4.36130e-02   2.23748e-02  -2.99942e-01  -7.51758e-02   2.94648e-03  -1.15238e-03  -7.71326e-03  -4.11368e-02  -3.72202e-02  -4.10346e-02
T13    1.32637e+00  -1.33285e-02  -1.83307e-04   4.33399e-03   3.43183e-02  -7.38437e-02  -5.60785e-03   1.18116e-02   1.64797e-02  -2.95652e-02  -9.72915e-02  -8.78211e-02  -4.59016e-04  -7.51758e-02  -1.50018e-01   1.44656e-02  -1.55273e-02  -1.98760e-02  -9.92398e-02  -8.79445e-02  -7.20553e-02
T14   -6.92097e-01   8.67112e-03   1.17714e-02   3.89688e-02   3.91968e-02  -1.93181e-02   2.68483e-02   7.45483e-02  -1.22553e-02   2.01291e-03   4.45134e-02   2.58258e-02   1.00823e-01   2.94648e-03   1.44656e-02  -5.84647e-02   3.28013e-02   2.75796e-02  -5.79686e-02  -2.98696e-02   1.69351e-02
T15   -7.00276e-01   1.93969e-02   5.36390e-02  -1.12208e-02   3.64428e-02  -3.93680e-02   2.56826e-02   8.37175e-02  -1.09942e-02   1.10561e-03  -4.24492e-03   7.61915e-03   7.32127e-02  -1.15238e-03  -1.55273e-02   3.28013e-02  -4.15090e-02  -1.03984e-02  -1.52714e-02  -1.15895e-02   6.65951e-03
T16   -4.44374e-01  -1.16953e-04   6.49584e-02   1.17126e-03   3.19264e-02  -9.79186e-03   3.05422e-02   8.12432e-02  -1.26690e-02   1.42126e-02  -2.17017e-02  -1.49096e-03   8.39013e-02  -7.71326e-03  -1.98760e-02   2.75796e-02  -1.03984e-02  -4.41636e-02  -1.20360e-02  -1.37116e-02  -3.07995e-02
T17    2.12272e+00  -1.12533e-02  -2.68354e-02  -2.93829e-03  -7.84322e-03  -7.25928e-02  -4.32042e-02   3.90949e-04   1.46093e-06  -6.77143e-02  -1.76633e-02  -4.82975e-02   4.31648e-02  -4.11368e-02  -9.92398e-02  -5.79686e-02  -1.52714e-02  -1.20360e-02  -2.46665e-01  -8.71175e-02  -2.94623e-02
T18    8.86523e-01   1.09295e-02   5.19961e-03  -3.24141e-02   2.15257e-04  -3.44109e-02  -6.82618e-03  -1.24569e-03   1.02619e-02  -3.50679e-02  -4.91273e-02  -2.32875e-02  -1.70086e-02  -3.72202e-02  -8.79445e-02  -2.98696e-02  -1.15895e-02  -1.37116e-02  -8.71175e-02  -9.56935e-02  -2.25935e-02
T19    4.95671e-01  -4.67122e-02   1.76692e-02   4.61064e-02   4.35606e-02  -5.34697e-02   3.18846e-02   3.25853e-02  -1.98430e-03   1.86579e-02  -1.00734e-01  -8.41293e-02   2.40120e-02  -4.10346e-02  -7.20553e-02   1.69351e-02   6.65951e-03  -3.07995e-02  -2.94623e-02  -2.25935e-02  -1.25819e-01
