T0   -4.78640e-01  -1.08320e-01   3.00105e-02   7.83353e-02   6.15933e-02  -2.07187e-02   3.81815e-02   8.65278e-02  -2.31912e-02   2.76893e-02  -5.40025e-02  -7.53802e-02   1.18421e-01  -4.84132e-02  -3.97440e-02   2.05175e-02   3.59147e-02   4.79200e-03  -3.60001e-02  -4.60548e-03  -7.65612e-02
T1   -1.02839e+00   3.00105e-02   1.16835e-01   1.10703e-01  -1.15308e-01   6.32230e-05   1.01175e-01  -9.75389e-02   2.24838e-02   6.49727e-02   7.49529e-02   3.28015e-02   3.43870e-01   3.27091e-02   3.54183e-02   2.41171e-02   5.81267e-02   7.23743e-02  -8.05981e-03   2.84575e-02   3.50840e-02
T2   -7.95917e-01   7.83353e-02   1.10703e-01  -9.92683e-02   4.01016e-02   8.30949e-03   5.30481e-02   1.29138e-01  -7.03766e-03   3.35120e-02   2.66430e-02   9.05472e-02   6.03835e-02   1.42110e-02   1.23381e-02   5.68944e-02  -1.00721e-02   3.41832e-03   3.21740e-03  -3.22176e-02   6.78450e-02
T3   -1.37714e+00   6.15933e-02  -1.15308e-01   4.01016e-02   1.51124e-01   5.57211e-02   1.13803e-01   2.38053e-01   9.36645e-03  -3.64829e-02   7.45151e-02   9.19093e-02  -3.90410e-02   6.00503e-02   5.75847e-02   6.50891e-02   5.50654e-02   4.90580e-02   4.57260e-03  -1.00900e-02   7.34339e-02
T4    2.43627e+00  -2.07187e-02   6.32230e-05   8.30949e-03   5.57211e-02  -6.84249e-01  -7.59471e-03   6.86167e-02  -2.67707e-02  -8.01369e-02  -8.85165e-02  -8.46533e-02   3.11051e-02  -1.33460e-01  -1.26232e-01  -3.97240e-02  -5.93111e-02  -2.28945e-02  -1.14713e-01  -7.36115e-02  -9.29757e-02
T5   -8.39337e-01   3.81815e-02   1.01175e-01   5.30481e-02   1.13803e-01  -7.59471e-03   4.87155e-03   1.67730e-01   5.47901e-02   5.76694e-02   3.47734e-02   1.25114e-02   1.70338e-01  -1.12255e-03   1.08915e-02   4.81423e-02   3.83221e-02   3.34384e-02  -4.11625e-02  -4.70186e-03   3.93757e-02
T6   -1.76038e+00   8.65278e-02  -9.75389e-02   1.29138e-01   2.38053e-01   6.86167e-02   1.67730e-01   2.07068e-01   9.36965e-02   1.04972e-02   3.89575e-02   5.06652e-02  -3.09432e-02   5.82814e-02   3.68519e-02   1.21960e-01   1.16129e-01   1.11216e-01   2.50600e-02   5.88581e-04   5.04757e-02
T7   -7.48684e-01  -2.31912e-02   2.24838e-02  -7.03766e-03   9.36645e-03  -2.67707e-02   5.47901e-02   9.36965e-02  -9.13855e-02  -2.16220e-02   3.06179e-02   5.02404e-02   9.11726e-02  -1.21744e-02   1.58786e-02  -1.18822e-02  -1.41250e-02  -1.22742e-02  -1.18729e-02   5.58603e-03   1.11882e-03
T8    3.58999e-01   2.76893e-02   6.49727e-02   3.35120e-02  -3.64829e-02  -8.01369e-02   5.76694e-02   1.04972e-02  -2.16220e-02  -2.02302e-01   3.28192e-02   2.24389e-02   1.83029e-01  -3.48760e-02  -2.46899e-02   8.37227e-03  -1.14516e-02   7.42870e-03  -8.12097e-02  -3.37017e-02   2.27651e-02
T9    9.64408e-01  -5.40025e-02   7.49529e-02   2.66430e-02   7.45151e-02  -8.85165e-02   3.47734e-02   3.89575e-02   3.06179e-02   3.28192e-02  -2.51614e-01  -1.65915e-01   3.48048e-03  -1.12317e-01  -1.65262e-01   5.61034e-02   3.33578e-04  -3.58909e-02  -5.73464e-02  -8.84540e-02  -1.63267e-01
T10    1.92165e-01  -7.53802e-02   3.28015e-02   9.05472e-02   9.19093e-02  -8.46533e-02   1.25114e-02   5.06652e-02   5.02404e-02   2.24389e-02  -1.65915e-01  -2.04740e-01   7.11076e-02  -8.60992e-02  -1.49213e-01   3.39209e-02   1.71416e-02  -6.12314e-05  -9.04867e-02  -5.78007e-02  -1.39069e-01
T11   -1.65795e+00   1.18421e-01   3.43870e-01   6.03835e-02  -3.90410e-02   3.11051e-02   1.70338e-01  -3.09432e-02   9.11726e-02   1.83029e-01   3.48048e-03   7.11076e-02   1.39859e-01   6.39214e-02   3.01069e-02   1.50151e-01   9.32799e-02   1.01452e-01   9.02131e-02  -8.12453e-04   4.27263e-02
T12    1.76805e+00  -4.84132e-02   3.27091e-02   1.42110e-02   6.00503e-02  -1.33460e-01  -1.12255e-03   5.82814e-02  -1.21744e-02  -3.48760e-02  -1.12317e-01  -8.60992e-02   6.39214e-02  -3.75268e-01  -1.37682e-01   3.25743e-03   2.43818e-03  -1.24030e-02  -9.92501e-02  -7.27071e-02  -8.24594e-02
T13    1.31907e+00  -3.97440e-02   3.54183e-02   1.23381e-02   5.75847e-02  -1.26232e-01   1.08915e-02   3.68519e-02   1.58786e-02  -2.46899e-02  -1.65262e-01  -1.49213e-01   3.01069e-02  -1.37682e-01  -2.25902e-01   1.37961e-02  -2.58869e-02  -2.84896e-02  -1.54086e-01  -1.32354e-01  -1.23090e-01
T14   -6.96770e-01   2.05175e-02   2.41171e-02   5.68944e-02   6.50891e-02  -3.97240e-02   4.81423e-02   1.21960e-01  -1.18822e-02   8.37227e-03   5.61034e-02   3.39209e-02   1.50151e-01   3.25743e-03   1.37961e-02  -6.25246e-02   4.79553e-02   4.02898e-02  -9.02001e-02  -5.44891e-02   1.96122e-02
T15   -7.34624e-01   3.59147e-02   5.81267e-02  -1.00721e-02   5.50654e-02  -5.93111e-02   3.83221e-02   1.16129e-01  -1.41250e-02  -1.14516e-02   3.33578e-04   1.71416e-02   9.32799e-02   2.43818e-03  -2.58869e-02   4.79553e-02  -4.22451e-02  -7.18648e-03  -2.29651e-02  -1.81583e-02   1.09059e-02
T16   -4.42281e-01   4.79200e-03   7.23743e-02   3.41832e-03   4.90580e-02  -2.28945e-02   3.34384e-02   1.11216e-01  -1.22742e-02   7.42870e-03  -3.58909e-02  -6.12314e-05   1.01452e-01  -1.24030e-02  -2.84896e-02   4.02898e-02  -7.18648e-03  -5.37284e-02  -1.97971e-02  -2.49421e-02  -4.43077e-02
T17    2.05838e+00  -3.60001e-02  -8.05981e-03   3.21740e-03   4.57260e-03  -1.14713e-01  -4.11625e-02   2.50600e-02  -1.18729e-02  -8.12097e-02  -5.73464e-02  -9.04867e-02   9.02131e-02  -9.92501e-02  -1.54086e-01  -9.02001e-02  -2.29651e-02  -1.97971e-02  -3.11162e-01  -1.24479e-01  -5.71435e-02
T18    9.10653e-01  -4.60548e-03   2.84575e-02  -3.22176e-02  -1.00900e-02  -7.36115e-02  -4.70186e-03   5.88581e-04   5.58603e-03  -3.37017e-02  -8.84540e-02  -5.78007e-02  -8.12453e-04  -7.27071e-02  -1.32354e-01  -5.44891e-02  -1.81583e-02  -2.49421e-02  -1.24479e-01  -1.14310e-01  -5.59520e-02
T19    5.52116e-01  -7.65612e-02   3.50840e-02   6.78450e-02   7.34339e-02  -9.29757e-02   3.93757e-02   5.04757e-02   1.11882e-03   2.27651e-02  -1.63267e-01  -1.39069e-01   4.27263e-02  -8.24594e-02  -1.23090e-01   1.96122e-02   1.09059e-02  -4.43077e-02  -5.71435e-02  -5.59520e-02  -1.92685e-01
