T0   -5.96907e-01  -4.45353e-01   5.34976e-02   1.75132e-01   4.44635e-01  -4.12474e-01   2.52980e-01   5.60130e-01  -4.55926e-01   2.12065e-02  -2.43515e-01  -1.70090e-01   4.47110e-01  -2.60811e-01  -3.72786e-01   2.72379e-01  -2.81626e-02  -2.85753e-02  -1.92560e-01  -3.13724e-01  -3.76106e-01
T1   -1.72259e-01   5.34976e-02   4.11918e-01   1.40655e-01  -4.13128e-01  -3.52652e-02   1.32871e-01  -3.07957e-01  -2.39839e-01  -3.49592e-02   2.33477e-01   1.25540e-01   9.50395e-01   5.64326e-02  -2.28474e-01   1.45377e-01   5.57471e-02   7.92952e-02  -8.96727e-01  -5.36881e-01   1.67853e-01
T2   -8.49417e-02   1.75132e-01   1.40655e-01  -4.10266e-01   1.49380e-02  -8.75020e-02   1.49597e-01   4.75431e-01  -3.82064e-01   2.52147e-02   4.72300e-01   5.58507e-01   1.57630e-01   2.53465e-01   1.55406e-01   3.44984e-01  -2.09763e-01  -1.58510e-01  -5.27320e-02  -4.63601e-03   4.17571e-01
T3   -5.04831e-01   4.44635e-01  -4.13128e-01   1.49380e-02   6.21623e-01   2.47664e-01   5.26611e-01   1.14517e+00  -1.14381e-01  -1.34219e-01   6.74022e-01   7.63764e-01  -2.25497e-01   4.49689e-01   6.30639e-01   6.49633e-01   9.99906e-03  -3.72377e-02   7.95794e-01   5.43997e-01   5.13718e-01
T4    1.62034e+00  -4.12474e-01  -3.52652e-02  -8.75020e-02   2.47664e-01  -3.09048e+00   5.75518e-02   4.42133e-01  -7.03091e-01  -2.84653e-01  -3.62012e-01  -3.05572e-01   3.53051e-01  -5.66130e-01  -7.72174e-01   9.18286e-02  -3.25971e-01  -2.35943e-01  -9.04221e-01  -5.07092e-01  -5.06579e-01
T5   -1.74857e-02   2.52980e-01   1.32871e-01   1.49597e-01   5.26611e-01   5.75518e-02   2.34785e-01   7.19173e-01  -7.73173e-02   1.37797e-01   3.73568e-01   3.97461e-01   2.89008e-01   1.95381e-01  -2.43917e-02   3.17659e-01   1.07671e-01   1.48779e-02  -2.85615e-01  -1.25444e-01   2.94993e-01
T6   -6.82980e-01   5.60130e-01  -3.07957e-01   4.75431e-01   1.14517e+00   4.42133e-01   7.19173e-01   1.30591e+00   1.90746e-01   1.06710e-01   6.75709e-01   9.15555e-01  -2.10506e-01   5.94219e-01   3.96759e-01   7.00689e-01   3.61620e-01   3.15276e-01   4.07253e-01   2.71423e-01   5.71905e-01
T7   -2.59061e-01  -4.55926e-01  -2.39839e-01  -3.82064e-01  -1.14381e-01  -7.03091e-01  -7.73173e-02   1.90746e-01  -7.22403e-01  -3.68807e-01  -3.11796e-01  -1.57395e-01   2.45561e-02  -4.32110e-01  -5.36906e-01  -1.99290e-01  -4.29360e-01  -3.78666e-01  -5.57482e-01  -5.48746e-01  -4.55819e-01
T8    6.32909e-01   2.12065e-02  -3.49592e-02   2.52147e-02  -1.34219e-01  -2.84653e-01   1.37797e-01   1.06710e-01  -3.68807e-01  -6.08857e-01   2.26996e-01   2.69633e-01   3.35328e-01  -9.54885e-02  -2.87677e-01   1.11099e-01  -2.50794e-01  -1.81868e-01  -6.74385e-01  -4.34336e-01   1.17483e-01
T9   -2.40551e-01  -2.43515e-01   2.33477e-01   4.72300e-01   6.74022e-01  -3.62012e-01   3.73568e-01   6.75709e-01  -3.11796e-01   2.26996e-01  -7.77529e-01  -3.93294e-01   5.40176e-01  -3.66152e-01  -3.89909e-01   8.19337e-01   2.14369e-01   1.67831e-01  -1.31736e-01  -1.63735e-01  -5.80404e-01
T10   -8.12662e-01  -1.70090e-01   1.25540e-01   5.58507e-01   7.63764e-01  -3.05572e-01   3.97461e-01   9.15555e-01  -1.57395e-01   2.69633e-01  -3.93294e-01  -2.77596e-01   5.79773e-01  -1.51545e-01  -3.95401e-01   6.79938e-01   3.14930e-01   3.82816e-01  -4.15301e-01  -2.72174e-01  -3.46560e-01
T11   -4.32727e-01   4.47110e-01   9.50395e-01   1.57630e-01  -2.25497e-01   3.53051e-01   2.89008e-01  -2.10506e-01   2.45561e-02   3.35328e-01   5.40176e-01   5.79773e-01   9.48491e-01   4.93840e-01   1.40593e-01   7.03655e-01   2.01413e-01   1.74219e-01  -4.11744e-01  -4.73758e-01   4.55421e-01
T12    1.00719e+00  -2.60811e-01   5.64326e-02   2.53465e-01   4.49689e-01  -5.66130e-01   1.95381e-01   5.94219e-01  -4.32110e-01  -9.54885e-02  -3.66152e-01  -1.51545e-01   4.93840e-01  -7.77643e-01  -6.50147e-01   2.23288e-01   7.66322e-03   8.08649e-02  -6.89278e-01  -5.21038e-01  -3.57197e-01
T13    2.06809e-01  -3.72786e-01  -2.28474e-01   1.55406e-01   6.30639e-01  -7.72174e-01  -2.43917e-02   3.96759e-01  -5.36906e-01  -2.87677e-01  -3.89909e-01  -3.95401e-01   1.40593e-01  -6.50147e-01  -8.12696e-01  -5.90819e-02  -4.30713e-02   2.85567e-01  -6.70706e-01  -6.72100e-01  -3.61458e-01
T14   -2.63729e-01   2.72379e-01   1.45377e-01   3.44984e-01   6.49633e-01   9.18286e-02   3.17659e-01   7.00689e-01  -1.99290e-01   1.11099e-01   8.19337e-01   6.79938e-01   7.03655e-01   2.23288e-01  -5.90819e-02   4.70950e-01   3.82921e-01   5.85185e-01  -6.98391e-01  -3.83661e-01   6.60057e-01
T15   -3.41872e-01  -2.81626e-02   5.57471e-02  -2.09763e-01   9.99906e-03  -3.25971e-01   1.07671e-01   3.61620e-01  -4.29360e-01  -2.50794e-01   2.14369e-01   3.14930e-01   2.01413e-01   7.66322e-03  -4.30713e-02   3.82921e-01  -3.23982e-01  -2.36198e-01  -3.72394e-02  -1.28338e-02   1.59382e-02
T16   -2.78177e-01  -2.85753e-02   7.92952e-02  -1.58510e-01  -3.72377e-02  -2.35943e-01   1.48779e-02   3.15276e-01  -3.78666e-01  -1.81868e-01   1.67831e-01   3.82816e-01   1.74219e-01   8.08649e-02   2.85567e-01   5.85185e-01  -2.36198e-01  -4.27217e-01   5.16062e-01   2.29956e-01  -3.43987e-02
T17    1.28141e+00  -1.92560e-01  -8.96727e-01  -5.27320e-02   7.95794e-01  -9.04221e-01  -2.85615e-01   4.07253e-01  -5.57482e-01  -6.74385e-01  -1.31736e-01  -4.15301e-01  -4.11744e-01  -6.89278e-01  -6.70706e-01  -6.98391e-01  -3.72394e-02   5.16062e-01  -6.67930e-01  -6.54346e-01  -2.27498e-02
T18    3.48426e-01  -3.13724e-01  -5.36881e-01  -4.63601e-03   5.43997e-01  -5.07092e-01  -1.25444e-01   2.71423e-01  -5.48746e-01  -4.34336e-01  -1.63735e-01  -2.72174e-01  -4.73758e-01  -5.21038e-01  -6.72100e-01  -3.83661e-01  -1.28338e-02   2.29956e-01  -6.54346e-01  -6.33427e-01  -1.54502e-01
T19   -4.08894e-01  -3.76106e-01   1.67853e-01   4.17571e-01   5.13718e-01  -5.06579e-01   2.94993e-01   5.71905e-01  -4.55819e-01   1.17483e-01  -5.80404e-01  -3.46560e-01   4.55421e-01  -3.57197e-01  -3.61458e-01   6.60057e-01   1.59382e-02  -3.43987e-02  -2.27498e-02  -1.54502e-01  -6.76569e-01
