T0   -3.89419e-01  -7.47001e-02   1.24548e-02   4.08832e-02   1.47013e-02  -2.99412e-04   1.16461e-02   3.12361e-02  -2.02144e-02   1.48876e-02  -1.49742e-02  -3.31129e-02   6.22231e-02  -1.97708e-02  -4.68072e-03   8.60760e-03   1.52009e-02  -2.75287e-03  -4.29367e-03   1.41488e-02  -3.71840e-02
T1   -1.03534e+00   1.24548e-02   4.78850e-02   8.30583e-02  -3.97337e-02  -1.73966e-03   7.26473e-02  -3.24298e-02   1.82762e-02   3.98555e-02   2.80938e-02  -9.34656e-03   2.08347e-01  -5.08390e-03  -6.36180e-03   7.08251e-03   4.68328e-02   5.70614e-02  -2.42695e-02   5.96021e-03   9.27949e-03
T2   -7.50952e-01   4.08832e-02   8.30583e-02  -7.32703e-02   2.01934e-02   1.04907e-02   2.86941e-02   8.05980e-02  -5.02467e-03   3.60274e-02  -1.86461e-03   4.20234e-02   4.06599e-02  -1.84804e-03   1.05505e-03   3.42453e-02  -1.30801e-02  -9.87203e-04   5.15145e-04  -2.71939e-02   3.49084e-02
T3   -1.31422e+00   1.47013e-02  -3.97337e-02   2.01934e-02   6.03470e-02   4.26077e-02   6.63621e-02   1.28169e-01   2.63696e-03  -5.40744e-03   2.38493e-02   3.63751e-02  -2.30853e-03   1.52514e-02   2.50680e-02   3.38503e-02   3.13433e-02   2.41230e-02  -8.07061e-03  -1.19521e-03   2.90170e-02
T4    2.27230e+00  -2.99412e-04  -1.73966e-03   1.04907e-02   4.26077e-02  -4.53548e-01  -4.36128e-03   4.49380e-02  -6.55142e-03  -5.89912e-02  -3.75480e-02  -3.52168e-02   1.66044e-02  -6.57691e-02  -5.55501e-02  -1.32724e-02  -3.44309e-02  -4.78397e-03  -5.73015e-02  -2.48138e-02  -3.97610e-02
T5   -8.33901e-01   1.16461e-02   7.26473e-02   2.86941e-02   6.63621e-02  -4.36128e-03  -2.53741e-02   1.03052e-01   3.57272e-02   3.74681e-02   1.04750e-02  -9.97199e-03   1.17503e-01  -8.89792e-03  -4.89313e-03   2.24128e-02   1.98680e-02   2.38251e-02  -3.34815e-02  -6.24130e-03   2.20557e-02
T6   -1.75641e+00   3.12361e-02  -3.24298e-02   8.05980e-02   1.28169e-01   4.49380e-02   1.03052e-01   1.01083e-01   4.66184e-02   1.77405e-02   1.77487e-04   6.28926e-03   1.49953e-03   1.43655e-02   7.23159e-03   6.19024e-02   6.93432e-02   6.58218e-02   4.04316e-03   1.52275e-03   1.92055e-02
T7   -6.48552e-01  -2.02144e-02   1.82762e-02  -5.02467e-03   2.63696e-03  -6.55142e-03   3.57272e-02   4.66184e-02  -6.34575e-02  -1.66075e-02   1.47373e-02   2.72529e-02   6.20358e-02  -1.11781e-02   1.32385e-02  -1.04453e-02  -7.82788e-03  -9.37647e-03  -2.38379e-03   8.00331e-03  -4.77445e-03
T8    3.76053e-01   1.48876e-02   3.98555e-02   3.60274e-02  -5.40744e-03  -5.89912e-02   3.74681e-02   1.77405e-02  -1.66075e-02  -1.23418e-01   1.09082e-02   4.36309e-03   1.24052e-01  -3.19786e-02  -3.08200e-02   1.09931e-04   5.58126e-03   1.53065e-02  -5.90652e-02  -3.14461e-02   1.02768e-02
T9    9.38185e-01  -1.49742e-02   2.80938e-02  -1.86461e-03   2.38493e-02  -3.75480e-02   1.04750e-02   1.77487e-04   1.47373e-02   1.09082e-02  -1.37275e-01  -7.13890e-02  -2.74265e-02  -4.32653e-02  -7.16945e-02   3.64815e-02  -6.50967e-03  -1.77961e-02  -6.22922e-04  -3.49059e-02  -7.56427e-02
T10    1.80941e-01  -3.31129e-02  -9.34656e-03   4.20234e-02   3.63751e-02  -3.52168e-02  -9.97199e-03   6.28926e-03   2.72529e-02   4.36309e-03  -7.13890e-02  -1.03380e-01   1.88751e-02  -2.57419e-02  -6.27575e-02   1.84237e-02   9.66985e-04  -1.64107e-03  -3.04697e-02  -1.24094e-02  -6.23075e-02
T11   -1.71449e+00   6.22231e-02   2.08347e-01   4.06599e-02  -2.30853e-03   1.66044e-02   1.17503e-01   1.49953e-03   6.20358e-02   1.24052e-01  -2.74265e-02   1.88751e-02   5.45572e-02   1.17430e-02  -8.15766e-03   8.47063e-02   6.03368e-02   6.83605e-02   3.52018e-02  -1.23300e-02   1.24524e-02
T12    1.81018e+00  -1.97708e-02  -5.08390e-03  -1.84804e-03   1.52514e-02  -6.57691e-02  -8.89792e-03   1.43655e-02  -1.11781e-02  -3.19786e-02  -4.32653e-02  -2.57419e-02   1.17430e-02  -2.68481e-01  -5.32304e-02  -1.46692e-03  -1.53040e-03  -6.03614e-03  -2.71650e-02  -2.54873e-02  -2.43690e-02
T13    1.26020e+00  -4.68072e-03  -6.36180e-03   1.05505e-03   2.50680e-02  -5.55501e-02  -4.89313e-03   7.23159e-03   1.32385e-02  -3.08200e-02  -7.16945e-02  -6.27575e-02  -8.15766e-03  -5.32304e-02  -1.17247e-01   7.78599e-03  -1.49787e-02  -1.34604e-02  -7.69117e-02  -7.04289e-02  -5.25002e-02
T14   -6.83296e-01   8.60760e-03   7.08251e-03   3.42453e-02   3.38503e-02  -1.32724e-02   2.24128e-02   6.19024e-02  -1.04453e-02   1.09931e-04   3.64815e-02   1.84237e-02   8.47063e-02  -1.46692e-03   7.78599e-03  -5.29519e-02   3.20545e-02   2.01391e-02  -5.10475e-02  -2.37080e-02   1.37392e-02
T15   -6.48586e-01   1.52009e-02   4.68328e-02  -1.30801e-02   3.13433e-02  -3.44309e-02   1.98680e-02   6.93432e-02  -7.82788e-03   5.58126e-03  -6.50967e-03   9.66985e-04   6.03368e-02  -1.53040e-03  -1.49787e-02   3.20545e-02  -4.02787e-02  -1.15453e-02  -1.27174e-02  -8.36540e-03   2.67648e-03
T16   -3.97069e-01  -2.75287e-03   5.70614e-02  -9.87203e-04   2.41230e-02  -4.78397e-03   2.38251e-02   6.58218e-02  -9.37647e-03   1.53065e-02  -1.77961e-02  -1.64107e-03   6.83605e-02  -6.03614e-03  -1.34604e-02   2.01391e-02  -1.15453e-02  -4.65477e-02  -7.51608e-03  -1.08824e-02  -2.67740e-02
T17    2.01839e+00  -4.29367e-03  -2.42695e-02   5.15145e-04  -8.07061e-03  -5.73015e-02  -3.34815e-02   4.04316e-03  -2.38379e-03  -5.90652e-02  -6.22922e-04  -3.04697e-02   3.52018e-02  -2.71650e-02  -7.69117e-02  -5.10475e-02  -1.27174e-02  -7.51608e-03  -2.14682e-01  -7.19596e-02  -1.32114e-02
T18    8.20569e-01   1.41488e-02   5.96021e-03  -2.71939e-02  -1.19521e-03  -2.48138e-02  -6.24130e-03   1.52275e-03   8.00331e-03  -3.14461e-02  -3.49059e-02  -1.24094e-02  -1.23300e-02  -2.54873e-02  -7.04289e-02  -2.37080e-02  -8.36540e-03  -1.08824e-02  -7.19596e-02  -8.26551e-02  -1.12681e-02
T19    4.95408e-01  -3.71840e-02   9.27949e-03   3.49084e-02   2.90170e-02  -3.97610e-02   2.20557e-02   1.92055e-02  -4.77445e-03   1.02768e-02  -7.56427e-02  -6.23075e-02   1.24524e-02  -2.43690e-02  -5.25002e-02   1.37392e-02   2.67648e-03  -2.67740e-02  -1.32114e-02  -1.12681e-02  -1.01509e-01
