T0   -4.82675e-01  -1.03090e-01   2.75606e-02   7.48442e-02   5.58784e-02  -1.44515e-02   3.35539e-02   7.75255e-02  -2.46779e-02   2.58307e-02  -4.60227e-02  -6.67983e-02   1.10457e-01  -4.32507e-02  -3.36852e-02   1.91525e-02   3.20789e-02   5.18562e-03  -3.00601e-02   7.93725e-04  -6.78841e-02
T1   -1.02113e+00   2.75606e-02   1.01799e-01   1.04137e-01  -1.00209e-01  -1.47767e-03   9.38732e-02  -8.49790e-02   2.39924e-02   5.97487e-02   6.32605e-02   1.92072e-02   3.15925e-01   2.58531e-02   2.52593e-02   2.13313e-02   5.87757e-02   7.20942e-02  -9.58373e-03   2.24436e-02   2.91111e-02
T2   -8.08048e-01   7.48442e-02   1.04137e-01  -9.41629e-02   3.79189e-02   9.01358e-03   4.92342e-02   1.20624e-01  -4.74037e-03   3.38908e-02   2.16148e-02   8.25814e-02   5.68584e-02   1.15615e-02   7.55675e-03   5.39316e-02  -7.89508e-03   3.57400e-03  -3.20309e-03  -3.48252e-02   6.34277e-02
T3   -1.39152e+00   5.58784e-02  -1.00209e-01   3.79189e-02   1.33148e-01   5.57529e-02   1.06854e-01   2.18933e-01   6.86538e-03  -3.20207e-02   6.46913e-02   8.18945e-02  -2.85379e-02   5.30909e-02   5.05938e-02   5.79263e-02   5.20896e-02   4.79438e-02  -4.30079e-03  -1.09373e-02   6.77531e-02
T4    2.39849e+00  -1.44515e-02  -1.47767e-03   9.01358e-03   5.57529e-02  -6.43145e-01  -6.18577e-03   6.78773e-02  -2.26188e-02  -7.48471e-02  -7.62499e-02  -7.33233e-02   2.91570e-02  -1.20823e-01  -1.15126e-01  -3.33058e-02  -5.55469e-02  -1.87222e-02  -1.03138e-01  -6.63317e-02  -7.97567e-02
T5   -8.49096e-01   3.35539e-02   9.38732e-02   4.92342e-02   1.06854e-01  -6.18577e-03  -2.62026e-03   1.58633e-01   5.41613e-02   5.71549e-02   3.12286e-02   6.27235e-03   1.60588e-01  -1.80507e-03   2.43166e-03   4.42028e-02   3.71558e-02   3.50717e-02  -4.72976e-02  -1.00234e-02   3.99290e-02
T6   -1.77562e+00   7.75255e-02  -8.49790e-02   1.20624e-01   2.18933e-01   6.78773e-02   1.58633e-01   1.86510e-01   8.60129e-02   1.10209e-02   3.17659e-02   4.22663e-02  -2.25006e-02   4.88789e-02   2.61081e-02   1.10575e-01   1.10256e-01   1.07389e-01   1.17655e-02  -6.42384e-03   4.79518e-02
T7   -7.53767e-01  -2.46779e-02   2.39924e-02  -4.74037e-03   6.86538e-03  -2.26188e-02   5.41613e-02   8.60129e-02  -8.74165e-02  -2.08738e-02   2.90169e-02   4.84979e-02   8.88675e-02  -1.07508e-02   1.80198e-02  -1.18029e-02  -1.42424e-02  -1.17806e-02  -7.74228e-03   8.67591e-03   6.65426e-04
T8    3.58455e-01   2.58307e-02   5.97487e-02   3.38908e-02  -3.20207e-02  -7.48471e-02   5.71549e-02   1.10209e-02  -2.08738e-02  -1.92520e-01   2.94460e-02   1.96378e-02   1.73308e-01  -3.39085e-02  -2.79243e-02   8.02445e-03  -6.36128e-03   9.76706e-03  -7.62872e-02  -3.61314e-02   2.16143e-02
T9    9.69280e-01  -4.60227e-02   6.32605e-02   2.16148e-02   6.46913e-02  -7.62499e-02   3.12286e-02   3.17659e-02   2.90169e-02   2.94460e-02  -2.31243e-01  -1.49005e-01  -5.29972e-03  -9.94060e-02  -1.49104e-01   5.30674e-02  -2.20159e-04  -3.08144e-02  -4.66613e-02  -7.86599e-02  -1.46710e-01
T10    2.10956e-01  -6.67983e-02   1.92072e-02   8.25814e-02   8.18945e-02  -7.33233e-02   6.27235e-03   4.22663e-02   4.84979e-02   1.96378e-02  -1.49005e-01  -1.87820e-01   5.94222e-02  -7.51389e-02  -1.34268e-01   3.25211e-02   1.45053e-02  -1.54658e-03  -8.20944e-02  -5.00156e-02  -1.25782e-01
T11   -1.67331e+00   1.10457e-01   3.15925e-01   5.68584e-02  -2.85379e-02   2.91570e-02   1.60588e-01  -2.25006e-02   8.88675e-02   1.73308e-01  -5.29972e-03   5.94222e-02   1.21236e-01   5.29619e-02   1.74471e-02   1.40002e-01   9.04549e-02   1.01090e-01   7.41137e-02  -1.30362e-02   3.82183e-02
T12    1.78141e+00  -4.32507e-02   2.58531e-02   1.15615e-02   5.30909e-02  -1.20823e-01  -1.80507e-03   4.88789e-02  -1.07508e-02  -3.39085e-02  -9.94060e-02  -7.51389e-02   5.29619e-02  -3.55625e-01  -1.21123e-01   4.74181e-03   1.83066e-04  -1.07134e-02  -8.41138e-02  -6.68904e-02  -7.35268e-02
T13    1.35548e+00  -3.36852e-02   2.52593e-02   7.55675e-03   5.05938e-02  -1.15126e-01   2.43166e-03   2.61081e-02   1.80198e-02  -2.79243e-02  -1.49104e-01  -1.34268e-01   1.74471e-02  -1.21123e-01  -2.07073e-01   1.49718e-02  -2.38039e-02  -2.75056e-02  -1.40177e-01  -1.20822e-01  -1.11700e-01
T14   -7.08819e-01   1.91525e-02   2.13313e-02   5.39316e-02   5.79263e-02  -3.33058e-02   4.42028e-02   1.10575e-01  -1.18029e-02   8.02445e-03   5.30674e-02   3.25211e-02   1.40002e-01   4.74181e-03   1.49718e-02  -6.53140e-02   4.49215e-02   3.65920e-02  -8.25881e-02  -4.64579e-02   1.97699e-02
T15   -7.43148e-01   3.20789e-02   5.87757e-02  -7.89508e-03   5.20896e-02  -5.55469e-02   3.71558e-02   1.10256e-01  -1.42424e-02  -6.36128e-03  -2.20159e-04   1.45053e-02   9.04549e-02   1.83066e-04  -2.38039e-02   4.49215e-02  -4.21449e-02  -6.82668e-03  -2.44877e-02  -1.69728e-02   1.19002e-02
T16   -4.59514e-01   5.18562e-03   7.20942e-02   3.57400e-03   4.79438e-02  -1.87222e-02   3.50717e-02   1.07389e-01  -1.17806e-02   9.76706e-03  -3.08144e-02  -1.54658e-03   1.01090e-01  -1.07134e-02  -2.75056e-02   3.65920e-02  -6.82668e-03  -5.02795e-02  -1.76254e-02  -2.48069e-02  -4.09453e-02
T17    2.11408e+00  -3.00601e-02  -9.58373e-03  -3.20309e-03  -4.30079e-03  -1.03138e-01  -4.72976e-02   1.17655e-02  -7.74228e-03  -7.62872e-02  -4.66613e-02  -8.20944e-02   7.41137e-02  -8.41138e-02  -1.40177e-01  -8.25881e-02  -2.44877e-02  -1.76254e-02  -2.90380e-01  -1.15556e-01  -5.34172e-02
T18    9.42729e-01   7.93725e-04   2.24436e-02  -3.48252e-02  -1.09373e-02  -6.63317e-02  -1.00234e-02  -6.42384e-03   8.67591e-03  -3.61314e-02  -7.86599e-02  -5.00156e-02  -1.30362e-02  -6.68904e-02  -1.20822e-01  -4.64579e-02  -1.69728e-02  -2.48069e-02  -1.15556e-01  -1.07086e-01  -4.95869e-02
T19    5.35776e-01  -6.78841e-02   2.91111e-02   6.34277e-02   6.77531e-02  -7.97567e-02   3.99290e-02   4.79518e-02   6.65426e-04   2.16143e-02  -1.46710e-01  -1.25782e-01   3.82183e-02  -7.35268e-02  -1.11700e-01   1.97699e-02   1.19002e-02  -4.09453e-02  -5.34172e-02  -4.95869e-02  -1.73864e-01
