T0   -6.83817e-01  -1.62094e-01   2.14296e-01   2.45997e-01   3.90032e-01  -1.54715e-01   2.55550e-01   4.57295e-01   8.40095e-03   1.01303e-01  -2.62461e-01  -2.16165e-01   4.45896e-01  -1.13550e-01  -2.20180e-01   5.22215e-02   1.31302e-01   3.92477e-03  -1.36225e-01  -1.42233e-01  -3.24281e-01
T1   -5.07701e-01   2.14296e-01   5.00041e-01   2.38533e-01  -3.41957e-01   2.25804e-02   2.51723e-01  -2.72089e-01   5.19228e-02   2.00943e-01   1.65237e-01   1.14364e-01   9.23780e-01   1.58306e-01   1.87908e-02   1.14942e-01   1.32131e-01   9.92276e-02  -2.45572e-01  -1.07051e-01   7.46908e-02
T2   -3.85566e-01   2.45997e-01   2.38533e-01  -2.55673e-01   1.95090e-02  -1.89590e-02   1.25546e-01   2.82133e-01  -7.75558e-02   9.30121e-02   1.84932e-01   3.76764e-01   2.00524e-01   1.87275e-01   1.61669e-01   6.27560e-02  -6.36797e-02  -5.61513e-02   1.01540e-01   4.20042e-02   1.63986e-01
T3   -9.18390e-01   3.90032e-01  -3.41957e-01   1.95090e-02   5.66781e-01   2.22839e-01   3.60070e-01   9.09521e-01   7.27824e-02  -2.00398e-01   3.78074e-01   5.35882e-01  -1.85380e-01   3.78612e-01   4.25825e-01   2.37490e-01   1.78965e-02   4.32867e-02   2.38330e-01   1.73867e-01   2.71132e-01
T4    2.00010e+00  -1.54715e-01   2.25804e-02  -1.89590e-02   2.22839e-01  -1.85706e+00   3.27412e-02   2.40861e-01  -1.44926e-01  -2.36744e-01  -3.59504e-01  -3.18219e-01   1.51709e-01  -3.84601e-01  -4.71065e-01  -1.75155e-01  -1.22974e-01  -1.33316e-01  -4.35889e-01  -3.09180e-01  -3.92343e-01
T5   -3.74231e-01   2.55550e-01   2.51723e-01   1.25546e-01   3.60070e-01   3.27412e-02   2.02647e-01   5.15257e-01   1.26442e-01   1.86302e-01   1.04498e-01   1.70089e-01   4.06785e-01   1.26365e-01   1.04727e-01   1.28207e-01   8.94842e-02   1.01130e-02  -5.48508e-02   4.48473e-02   4.80189e-02
T6   -1.13250e+00   4.57295e-01  -2.72089e-01   2.82133e-01   9.09521e-01   2.40861e-01   5.15257e-01   1.04001e+00   3.07786e-01  -2.82833e-02   2.60984e-01   4.14825e-01  -1.36112e-01   3.90782e-01   3.43063e-01   3.43824e-01   1.87300e-01   1.34801e-01   2.29449e-01   1.67693e-01   1.53157e-01
T7   -6.37308e-01   8.40095e-03   5.19228e-02  -7.75558e-02   7.27824e-02  -1.44926e-01   1.26442e-01   3.07786e-01  -2.00387e-01  -4.75519e-02   6.12264e-02   1.41514e-01   2.18475e-01  -1.54371e-02  -5.34779e-02  -7.09239e-02  -5.03293e-02  -4.11267e-02  -1.18803e-01  -6.86794e-02  -2.21322e-02
T8    5.40673e-01   1.01303e-01   2.00943e-01   9.30121e-02  -2.00398e-01  -2.36744e-01   1.86302e-01  -2.82833e-02  -4.75519e-02  -3.87626e-01   4.14860e-02   7.92474e-02   4.86279e-01  -5.60193e-02  -1.00991e-01  -1.82499e-02  -9.98420e-02  -7.53488e-02  -2.51599e-01  -2.09415e-01  -4.34763e-02
T9    3.00378e-01  -2.62461e-01   1.65237e-01   1.84932e-01   3.78074e-01  -3.59504e-01   1.04498e-01   2.60984e-01   6.12264e-02   4.14860e-02  -6.76469e-01  -4.78418e-01   1.74128e-01  -3.73227e-01  -5.03652e-01   1.22748e-01   4.38762e-02  -1.17314e-01  -2.92874e-01  -4.39959e-01  -5.79783e-01
T10   -4.89011e-01  -2.16165e-01   1.14364e-01   3.76764e-01   5.35882e-01  -3.18219e-01   1.70089e-01   4.14825e-01   1.41514e-01   7.92474e-02  -4.78418e-01  -5.01922e-01   3.26521e-01  -2.76530e-01  -4.54247e-01   1.32552e-01   1.59558e-01   4.01506e-02  -3.42392e-01  -3.42617e-01  -4.67616e-01
T11   -9.18351e-01   4.45896e-01   9.23780e-01   2.00524e-01  -1.85380e-01   1.51709e-01   4.06785e-01  -1.36112e-01   2.18475e-01   4.86279e-01   1.74128e-01   3.26521e-01   8.49316e-01   3.67776e-01   2.26326e-01   4.78125e-01   2.31264e-01   1.57386e-01   8.09846e-02  -5.69345e-02   1.07502e-01
T12    1.17774e+00  -1.13550e-01   1.58306e-01   1.87275e-01   3.78612e-01  -3.84601e-01   1.26365e-01   3.90782e-01  -1.54371e-02  -5.60193e-02  -3.73227e-01  -2.76530e-01   3.67776e-01  -7.08684e-01  -5.05073e-01   2.78125e-02   7.49433e-02   1.20716e-02  -4.25397e-01  -3.45684e-01  -3.59421e-01
T13    6.26455e-01  -2.20180e-01   1.87908e-02   1.61669e-01   4.25825e-01  -4.71065e-01   1.04727e-01   3.43063e-01  -5.34779e-02  -1.00991e-01  -5.03652e-01  -4.54247e-01   2.26326e-01  -5.05073e-01  -6.62104e-01  -1.04850e-01   4.70421e-03  -2.06694e-02  -5.21363e-01  -5.06363e-01  -4.58684e-01
T14   -2.85283e-01   5.22215e-02   1.14942e-01   6.27560e-02   2.37490e-01  -1.75155e-01   1.28207e-01   3.43824e-01  -7.09239e-02  -1.82499e-02   1.22748e-01   1.32552e-01   4.78125e-01   2.78125e-02  -1.04850e-01  -1.17786e-01   5.20432e-02   1.44203e-02  -4.22766e-01  -2.95979e-01  -5.73049e-03
T15   -5.31469e-01   1.31302e-01   1.32131e-01  -6.36797e-02   1.78965e-02  -1.22974e-01   8.94842e-02   1.87300e-01  -5.03293e-02  -9.98420e-02   4.38762e-02   1.59558e-01   2.31264e-01   7.49433e-02   4.70421e-03   5.20432e-02  -8.91829e-02  -7.42218e-02  -3.69184e-02  -8.61219e-03  -3.79890e-02
T16   -2.71215e-01   3.92477e-03   9.92276e-02  -5.61513e-02   4.32867e-02  -1.33316e-01   1.01130e-02   1.34801e-01  -4.11267e-02  -7.53488e-02  -1.17314e-01   4.01506e-02   1.57386e-01   1.20716e-02  -2.06694e-02   1.44203e-02  -7.42218e-02  -2.03956e-01   3.77110e-02  -3.09886e-02  -2.00949e-01
T17    1.56850e+00  -1.36225e-01  -2.45572e-01   1.01540e-01   2.38330e-01  -4.35889e-01  -5.48508e-02   2.29449e-01  -1.18803e-01  -2.51599e-01  -2.92874e-01  -3.42392e-01   8.09846e-02  -4.25397e-01  -5.21363e-01  -4.22766e-01  -3.69184e-02   3.77110e-02  -6.25545e-01  -3.71118e-01  -2.59649e-01
T18    7.06129e-01  -1.42233e-01  -1.07051e-01   4.20042e-02   1.73867e-01  -3.09180e-01   4.48473e-02   1.67693e-01  -6.86794e-02  -2.09415e-01  -4.39959e-01  -3.42617e-01  -5.69345e-02  -3.45684e-01  -5.06363e-01  -2.95979e-01  -8.61219e-03  -3.09886e-02  -3.71118e-01  -4.41077e-01  -3.68089e-01
T19    2.14863e-01  -3.24281e-01   7.46908e-02   1.63986e-01   2.71132e-01  -3.92343e-01   4.80189e-02   1.53157e-01  -2.21322e-02  -4.34763e-02  -5.79783e-01  -4.67616e-01   1.07502e-01  -3.59421e-01  -4.58684e-01  -5.73049e-03  -3.79890e-02  -2.00949e-01  -2.59649e-01  -3.68089e-01  -6.49918e-01
