T0   -4.27289e-01  -5.64444e-02   5.53102e-03   2.68022e-02   6.88919e-03   8.26396e-03   5.92243e-03   1.81507e-02  -1.56540e-02   8.33763e-03  -1.56771e-03  -1.70530e-02   4.04968e-02  -7.27842e-03   5.09972e-03   5.49855e-03   1.09605e-02  -1.58692e-03   1.78537e-03   1.43419e-02  -1.94567e-02
T1   -9.60571e-01   5.53102e-03   2.66932e-02   6.36084e-02  -2.35206e-02  -6.41502e-03   5.49000e-02  -1.81560e-02   1.43937e-02   2.96268e-02   1.16014e-02  -1.57864e-02   1.51905e-01  -1.28586e-02  -6.93515e-03   5.91119e-03   3.28000e-02   3.87463e-02  -1.81169e-02   7.49137e-03  -1.29628e-03
T2   -6.65479e-01   2.68022e-02   6.36084e-02  -6.00785e-02   1.84123e-02   8.78913e-03   1.52687e-02   5.64464e-02  -2.18477e-03   2.65798e-02  -7.72645e-03   2.62515e-02   2.46540e-02  -3.61350e-03  -1.38487e-03   3.10248e-02  -8.98058e-03  -1.79855e-03  -5.07912e-03  -2.63272e-02   2.09463e-02
T3   -1.23203e+00   6.88919e-03  -2.35206e-02   1.84123e-02   3.66659e-02   3.03034e-02   4.61140e-02   8.65939e-02   3.73519e-03   3.57267e-03   9.00944e-03   1.98045e-02   1.89139e-04   5.16994e-03   1.14500e-02   2.79236e-02   2.64167e-02   1.78115e-02  -1.48696e-02  -8.76225e-03   1.38448e-02
T4    2.14536e+00   8.26396e-03  -6.41502e-03   8.78913e-03   3.03034e-02  -3.55661e-01  -4.21526e-03   3.13037e-02   1.68536e-03  -5.19009e-02  -2.00450e-02  -1.71886e-02   7.60716e-03  -3.89214e-02  -3.23423e-02  -6.73680e-03  -2.37334e-02   4.46582e-04  -3.32324e-02  -1.12373e-02  -2.17142e-02
T5   -7.43851e-01   5.92243e-03   5.49000e-02   1.52687e-02   4.61140e-02  -4.21526e-03  -3.85800e-02   7.08832e-02   2.94638e-02   2.34578e-02   3.41150e-03  -1.39699e-02   8.37847e-02  -1.01232e-02  -5.74034e-03   2.12842e-02   1.46263e-02   1.51510e-02  -2.92573e-02  -4.72646e-03   1.13116e-02
T6   -1.65443e+00   1.81507e-02  -1.81560e-02   5.64464e-02   8.65939e-02   3.13037e-02   7.08832e-02   5.82110e-02   3.38698e-02   1.27894e-02  -8.63283e-03  -3.17369e-03   9.04898e-04   4.30411e-03  -1.76253e-03   4.71736e-02   5.19534e-02   4.54799e-02  -1.17052e-03  -2.15917e-03   7.34175e-03
T7   -6.30753e-01  -1.56540e-02   1.43937e-02  -2.18477e-03   3.73519e-03   1.68536e-03   2.94638e-02   3.38698e-02  -4.88168e-02  -6.27497e-03   8.01008e-03   2.15629e-02   4.74105e-02  -7.40077e-03   8.16790e-03  -7.02295e-03  -2.48394e-03  -6.44966e-03  -6.17058e-03   4.56809e-03  -5.36878e-03
T8    4.67230e-01   8.33763e-03   2.96268e-02   2.65798e-02   3.57267e-03  -5.19009e-02   2.34578e-02   1.27894e-02  -6.27497e-03  -9.83091e-02   2.85680e-03  -4.22813e-03   8.96530e-02  -2.87374e-02  -2.51534e-02  -3.84149e-03   7.60394e-03   1.09688e-02  -4.18496e-02  -2.07785e-02   4.77810e-03
T9    8.29600e-01  -1.56771e-03   1.16014e-02  -7.72645e-03   9.00944e-03  -2.00450e-02   3.41150e-03  -8.63283e-03   8.01008e-03   2.85680e-03  -8.95201e-02  -3.70281e-02  -3.10863e-02  -1.88280e-02  -3.83821e-02   2.22773e-02  -6.26895e-03  -1.16817e-02   1.47179e-02  -1.47921e-02  -4.08341e-02
T10    7.59400e-02  -1.70530e-02  -1.57864e-02   2.62515e-02   1.98045e-02  -1.71886e-02  -1.39699e-02  -3.17369e-03   2.15629e-02  -4.22813e-03  -3.70281e-02  -6.54532e-02   7.23532e-03  -8.16611e-03  -3.44768e-02   8.18781e-03  -1.21383e-03   1.68667e-03  -8.69248e-03  -1.80522e-03  -3.31151e-02
T11   -1.61753e+00   4.04968e-02   1.51905e-01   2.46540e-02   1.89139e-04   7.60716e-03   8.37847e-02   9.04898e-04   4.74105e-02   8.96530e-02  -3.10863e-02   7.23532e-03   1.98190e-02  -8.47965e-03  -1.01993e-02   6.39794e-02   4.31572e-02   4.66003e-02   2.45778e-02  -9.94146e-03   6.85602e-04
T12    1.77259e+00  -7.27842e-03  -1.28586e-02  -3.61350e-03   5.16994e-03  -3.89214e-02  -1.01232e-02   4.30411e-03  -7.40077e-03  -2.87374e-02  -1.88280e-02  -8.16611e-03  -8.47965e-03  -2.17300e-01  -2.43492e-02  -6.40194e-03  -1.20178e-03  -1.70342e-03  -1.05437e-02  -4.88461e-03  -6.02637e-03
T13    1.15650e+00   5.09972e-03  -6.93515e-03  -1.38487e-03   1.14500e-02  -3.23423e-02  -5.74034e-03  -1.76253e-03   8.16790e-03  -2.51534e-02  -3.83821e-02  -3.44768e-02  -1.01993e-02  -2.43492e-02  -7.76623e-02  -1.13854e-03  -1.38318e-02  -8.59995e-03  -4.00609e-02  -4.25756e-02  -2.63798e-02
T14   -6.64977e-01   5.49855e-03   5.91119e-03   3.10248e-02   2.79236e-02  -6.73680e-03   2.12842e-02   4.71736e-02  -7.02295e-03  -3.84149e-03   2.22773e-02   8.18781e-03   6.39794e-02  -6.40194e-03  -1.13854e-03  -3.98672e-02   2.81894e-02   1.51222e-02  -3.95684e-02  -1.74658e-02   5.36092e-03
T15   -6.06426e-01   1.09605e-02   3.28000e-02  -8.98058e-03   2.64167e-02  -2.37334e-02   1.46263e-02   5.19534e-02  -2.48394e-03   7.60394e-03  -6.26895e-03  -1.21383e-03   4.31572e-02  -1.20178e-03  -1.38318e-02   2.81894e-02  -3.62670e-02  -8.88063e-03  -1.09760e-02  -9.63653e-03  -8.63955e-04
T16   -3.59275e-01  -1.58692e-03   3.87463e-02  -1.79855e-03   1.78115e-02   4.46582e-04   1.51510e-02   4.54799e-02  -6.44966e-03   1.09688e-02  -1.16817e-02   1.68667e-03   4.66003e-02  -1.70342e-03  -8.59995e-03   1.51222e-02  -8.88063e-03  -4.10527e-02  -6.56069e-03  -9.05946e-03  -1.80254e-02
T17    1.92628e+00   1.78537e-03  -1.81169e-02  -5.07912e-03  -1.48696e-02  -3.32324e-02  -2.92573e-02  -1.17052e-03  -6.17058e-03  -4.18496e-02   1.47179e-02  -8.69248e-03   2.45778e-02  -1.05437e-02  -4.00609e-02  -3.95684e-02  -1.09760e-02  -6.56069e-03  -1.61481e-01  -4.60044e-02   3.73293e-03
T18    7.78984e-01   1.43419e-02   7.49137e-03  -2.63272e-02  -8.76225e-03  -1.12373e-02  -4.72646e-03  -2.15917e-03   4.56809e-03  -2.07785e-02  -1.47921e-02  -1.80522e-03  -9.94146e-03  -4.88461e-03  -4.25756e-02  -1.74658e-02  -9.63653e-03  -9.05946e-03  -4.60044e-02  -5.95280e-02   8.64062e-04
T19    4.10121e-01  -1.94567e-02  -1.29628e-03   2.09463e-02   1.38448e-02  -2.17142e-02   1.13116e-02   7.34175e-03  -5.36878e-03   4.77810e-03  -4.08341e-02  -3.31151e-02   6.85602e-04  -6.02637e-03  -2.63798e-02   5.36092e-03  -8.63955e-04  -1.80254e-02   3.73293e-03   8.64062e-04  -6.67325e-02
