T0   -5.61327e-01  -3.73634e-01   1.37774e-01   1.85801e-01   3.85106e-01  -3.23000e-01   2.39027e-01   4.87163e-01  -2.19194e-01   6.59555e-02  -3.11842e-01  -2.25914e-01   4.53804e-01  -2.00597e-01  -3.14152e-01   6.35883e-02  -1.28391e-02  -7.43891e-02  -1.89030e-01  -2.75015e-01  -4.28414e-01
T1   -2.66146e-01   1.37774e-01   4.98808e-01   2.17895e-01  -3.51408e-01   1.35083e-02   2.15239e-01  -2.32460e-01  -6.07969e-02   6.83376e-02   2.20154e-01   1.17040e-01   1.00105e+00   1.51984e-01  -1.25185e-01   1.28337e-01   1.08235e-01   9.95371e-02  -6.15168e-01  -3.51405e-01   1.38175e-01
T2   -1.58802e-01   1.85801e-01   2.17895e-01  -3.50349e-01   2.50902e-02  -7.96647e-02   1.61413e-01   3.81829e-01  -2.30847e-01   7.78617e-02   3.40540e-01   4.67868e-01   1.87120e-01   2.37511e-01   1.85080e-01   1.39396e-01  -1.68279e-01  -1.21494e-01   1.15741e-01   4.75215e-02   2.68705e-01
T3   -6.42273e-01   3.85106e-01  -3.51408e-01   2.50902e-02   6.22264e-01   2.25023e-01   5.14915e-01   1.05148e+00  -1.15516e-02  -1.36362e-01   6.18751e-01   7.37683e-01  -1.46516e-01   4.51969e-01   5.64973e-01   3.75751e-01  -6.26521e-02  -1.71938e-02   6.86786e-01   4.69150e-01   4.53638e-01
T4    1.83880e+00  -3.23000e-01   1.35083e-02  -7.96647e-02   2.25023e-01  -2.70296e+00   8.66628e-02   3.51098e-01  -4.39253e-01  -2.90943e-01  -4.29072e-01  -3.59771e-01   2.79235e-01  -5.28054e-01  -6.33832e-01  -1.05055e-01  -2.95675e-01  -2.67967e-01  -6.96457e-01  -4.75282e-01  -5.43187e-01
T5   -1.40546e-01   2.39027e-01   2.15239e-01   1.61413e-01   5.14915e-01   8.66628e-02   2.93474e-01   6.80605e-01   6.60865e-02   1.68632e-01   2.34771e-01   3.42067e-01   3.82262e-01   1.67923e-01   6.42643e-02   1.82286e-01   7.82757e-02   4.19175e-02  -9.16131e-02   1.37285e-02   1.61206e-01
T6   -8.47276e-01   4.87163e-01  -2.32460e-01   3.81829e-01   1.05148e+00   3.51098e-01   6.80605e-01   1.18423e+00   2.91979e-01   1.50234e-01   5.10723e-01   7.49454e-01  -1.31445e-01   5.38352e-01   4.57902e-01   4.70634e-01   2.46284e-01   2.13326e-01   4.79564e-01   3.25082e-01   3.65661e-01
T7   -3.18974e-01  -2.19194e-01  -6.07969e-02  -2.30847e-01  -1.15516e-02  -4.39253e-01   6.60865e-02   2.91979e-01  -4.08741e-01  -2.13513e-01  -1.79652e-01  -1.65256e-02   1.74026e-01  -2.12716e-01  -3.02525e-01  -2.40051e-01  -2.42875e-01  -2.34397e-01  -3.33251e-01  -3.23393e-01  -2.89051e-01
T8    5.93930e-01   6.59555e-02   6.83376e-02   7.78617e-02  -1.36362e-01  -2.90943e-01   1.68632e-01   1.50234e-01  -2.13513e-01  -4.55544e-01   1.41807e-01   1.84916e-01   4.08415e-01  -3.90059e-02  -1.97773e-01   2.67739e-02  -1.48371e-01  -9.43983e-02  -4.68128e-01  -3.09668e-01   6.52789e-02
T9   -1.59084e-01  -3.11842e-01   2.20154e-01   3.40540e-01   6.18751e-01  -4.29072e-01   2.34771e-01   5.10723e-01  -1.79652e-01   1.41807e-01  -6.38012e-01  -3.62779e-01   3.79309e-01  -3.54800e-01  -4.51495e-01   4.56178e-01   5.18580e-02   7.37417e-02  -2.49178e-01  -3.28291e-01  -5.45193e-01
T10   -7.95333e-01  -2.25914e-01   1.17040e-01   4.67868e-01   7.37683e-01  -3.59771e-01   3.42067e-01   7.49454e-01  -1.65256e-02   1.84916e-01  -3.62779e-01  -3.08727e-01   5.28034e-01  -1.67256e-01  -4.04601e-01   3.46315e-01   1.73942e-01   2.33831e-01  -3.62866e-01  -3.20016e-01  -3.58429e-01
T11   -5.96480e-01   4.53804e-01   1.00105e+00   1.87120e-01  -1.46516e-01   2.79235e-01   3.82262e-01  -1.31445e-01   1.74026e-01   4.08415e-01   3.79309e-01   5.28034e-01   1.01177e+00   4.85057e-01   2.23921e-01   5.87171e-01   2.20319e-01   2.10452e-01  -1.56028e-01  -2.64313e-01   2.93551e-01
T12    1.03642e+00  -2.00597e-01   1.51984e-01   2.37511e-01   4.51969e-01  -5.28054e-01   1.67923e-01   5.38352e-01  -2.12716e-01  -3.90059e-02  -3.54800e-01  -1.67256e-01   4.85057e-01  -7.41393e-01  -6.10860e-01   1.12962e-01   5.04922e-02   2.97181e-02  -5.79276e-01  -4.73742e-01  -3.61306e-01
T13    3.11946e-01  -3.14152e-01  -1.25185e-01   1.85080e-01   5.64973e-01  -6.33832e-01   6.42643e-02   4.57902e-01  -3.02525e-01  -1.97773e-01  -4.51495e-01  -4.04601e-01   2.23921e-01  -6.10860e-01  -7.98245e-01  -1.35008e-01  -1.48929e-02   1.31840e-01  -6.31342e-01  -6.54047e-01  -4.06899e-01
T14   -2.57367e-01   6.35883e-02   1.28337e-01   1.39396e-01   3.75751e-01  -1.05055e-01   1.82286e-01   4.70634e-01  -2.40051e-01   2.67739e-02   4.56178e-01   3.46315e-01   5.87171e-01   1.12962e-01  -1.35008e-01   1.39883e-01   1.15920e-01   2.29374e-01  -5.82995e-01  -3.61212e-01   3.10510e-01
T15   -3.32104e-01  -1.28391e-02   1.08235e-01  -1.68279e-01  -6.26521e-02  -2.95675e-01   7.82757e-02   2.46284e-01  -2.42875e-01  -1.48371e-01   5.18580e-02   1.73942e-01   2.20319e-01   5.04922e-02  -1.48929e-02   1.15920e-01  -2.86570e-01  -2.18743e-01   2.08963e-02  -1.90044e-02  -1.14118e-01
T16   -2.62395e-01  -7.43891e-02   9.95371e-02  -1.21494e-01  -1.71938e-02  -2.67967e-01   4.19175e-02   2.13326e-01  -2.34397e-01  -9.43983e-02   7.37417e-02   2.33831e-01   2.10452e-01   2.97181e-02   1.31840e-01   2.29374e-01  -2.18743e-01  -3.63953e-01   3.07863e-01   9.65916e-02  -1.89729e-01
T17    1.34756e+00  -1.89030e-01  -6.15168e-01   1.15741e-01   6.86786e-01  -6.96457e-01  -9.16131e-02   4.79564e-01  -3.33251e-01  -4.68128e-01  -2.49178e-01  -3.62866e-01  -1.56028e-01  -5.79276e-01  -6.31342e-01  -5.82995e-01   2.08963e-02   3.07863e-01  -7.39414e-01  -5.62745e-01  -1.98444e-01
T18    4.57888e-01  -2.75015e-01  -3.51405e-01   4.75215e-02   4.69150e-01  -4.75282e-01   1.37285e-02   3.25082e-01  -3.23393e-01  -3.09668e-01  -3.28291e-01  -3.20016e-01  -2.64313e-01  -4.73742e-01  -6.54047e-01  -3.61212e-01  -1.90044e-02   9.65916e-02  -5.62745e-01  -6.41638e-01  -3.03019e-01
T19   -2.48444e-01  -4.28414e-01   1.38175e-01   2.68705e-01   4.53638e-01  -5.43187e-01   1.61206e-01   3.65661e-01  -2.89051e-01   6.52789e-02  -5.45193e-01  -3.58429e-01   2.93551e-01  -3.61306e-01  -4.06899e-01   3.10510e-01  -1.14118e-01  -1.89729e-01  -1.98444e-01  -3.03019e-01  -7.29023e-01
