T0   -4.56093e-01  -4.76541e-02   3.32356e-03   2.06939e-02   4.40796e-03   1.19994e-02   3.60116e-03   1.39747e-02  -1.33536e-02   6.94683e-03   3.22508e-03  -1.08377e-02   3.16162e-02  -1.75033e-03   7.14735e-03   4.26436e-03   9.27828e-03  -9.74996e-04   3.84232e-03   1.35316e-02  -1.29114e-02
T1   -8.70467e-01   3.32356e-03   1.74508e-02   5.15216e-02  -1.85366e-02  -1.04275e-02   4.08419e-02  -1.68202e-02   1.26011e-02   2.18265e-02   8.16984e-03  -1.49730e-02   1.22236e-01  -1.36842e-02  -7.46678e-03   7.23446e-03   2.53674e-02   2.98618e-02  -1.65481e-02   5.88662e-03  -4.49130e-03
T2   -5.88959e-01   2.06939e-02   5.15216e-02  -5.28884e-02   1.40177e-02   8.63639e-03   1.05863e-02   4.49951e-02  -1.63979e-04   2.31889e-02  -1.00058e-02   2.07218e-02   1.88144e-02  -6.90781e-03  -3.81603e-03   2.82240e-02  -6.81494e-03  -2.54184e-03  -6.60788e-03  -2.37108e-02   1.50249e-02
T3   -1.14971e+00   4.40796e-03  -1.85366e-02   1.40177e-02   2.76047e-02   2.34363e-02   3.56218e-02   6.88951e-02   4.05233e-03   3.08288e-03   4.38152e-03   1.41802e-02   6.14119e-04   3.56028e-03   5.45299e-03   2.31253e-02   2.36039e-02   1.40824e-02  -1.65757e-02  -1.16095e-02   7.21118e-03
T4    2.04479e+00   1.19994e-02  -1.04275e-02   8.63639e-03   2.34363e-02  -3.06066e-01  -4.02061e-03   2.42062e-02   9.76958e-04  -4.48764e-02  -1.09616e-02  -9.94903e-03   4.68700e-03  -2.86976e-02  -2.06403e-02  -5.99483e-03  -2.04040e-02   2.29278e-03  -2.17359e-02  -4.58534e-03  -1.02943e-02
T5   -6.74757e-01   3.60116e-03   4.08419e-02   1.05863e-02   3.56218e-02  -4.02061e-03  -4.05268e-02   5.72756e-02   2.44554e-02   1.93335e-02   1.17956e-03  -1.25744e-02   6.70420e-02  -6.77385e-03  -4.88443e-03   1.97913e-02   1.07159e-02   1.15958e-02  -2.57619e-02  -5.92543e-03   8.48410e-03
T6   -1.57170e+00   1.39747e-02  -1.68202e-02   4.49951e-02   6.88951e-02   2.42062e-02   5.72756e-02   4.30810e-02   2.68269e-02   1.04219e-02  -1.04543e-02  -3.87863e-03   1.66357e-04  -1.23015e-03  -5.03259e-03   3.84242e-02   4.37093e-02   3.56486e-02  -3.31204e-03  -6.72949e-03   2.95844e-03
T7   -5.80346e-01  -1.33536e-02   1.26011e-02  -1.63979e-04   4.05233e-03   9.76958e-04   2.44554e-02   2.68269e-02  -3.97582e-02  -7.21983e-04   4.12733e-03   1.66362e-02   3.91073e-02  -6.34065e-03   4.98516e-03  -5.43017e-03   8.92806e-04  -5.15351e-03  -7.01735e-03   2.19048e-03  -8.07886e-03
T8    5.40658e-01   6.94683e-03   2.18265e-02   2.31889e-02   3.08288e-03  -4.48764e-02   1.93335e-02   1.04219e-02  -7.21983e-04  -7.90929e-02  -2.25690e-03  -7.28723e-03   6.95004e-02  -2.59863e-02  -2.08488e-02  -4.31623e-03   1.03651e-02   7.17228e-03  -3.50239e-02  -1.70121e-02   1.15376e-03
T9    6.97205e-01   3.22508e-03   8.16984e-03  -1.00058e-02   4.38152e-03  -1.09616e-02   1.17956e-03  -1.04543e-02   4.12733e-03  -2.25690e-03  -6.79101e-02  -2.23788e-02  -2.84064e-02  -9.30582e-03  -2.23632e-02   1.52761e-02  -6.74483e-03  -7.27427e-03   2.02256e-02  -5.63185e-03  -2.43560e-02
T10   -4.02061e-02  -1.08377e-02  -1.49730e-02   2.07218e-02   1.41802e-02  -9.94903e-03  -1.25744e-02  -3.87863e-03   1.66362e-02  -7.28723e-03  -2.23788e-02  -4.96303e-02   4.00449e-03  -1.41320e-03  -2.08663e-02   4.73003e-03  -2.81925e-03   3.16723e-03  -6.26085e-04   3.35477e-03  -1.95730e-02
T11   -1.52811e+00   3.16162e-02   1.22236e-01   1.88144e-02   6.14119e-04   4.68700e-03   6.70420e-02   1.66357e-04   3.91073e-02   6.95004e-02  -2.84064e-02   4.00449e-03   8.62104e-03  -1.21109e-02  -1.24139e-02   5.48273e-02   3.47458e-02   3.52766e-02   1.81337e-02  -1.19041e-02  -3.52596e-03
T12    1.71460e+00  -1.75033e-03  -1.36842e-02  -6.90781e-03   3.56028e-03  -2.86976e-02  -6.77385e-03  -1.23015e-03  -6.34065e-03  -2.59863e-02  -9.30582e-03  -1.41320e-03  -1.21109e-02  -1.94326e-01  -1.05983e-02  -7.99036e-03  -9.13057e-04  -1.79142e-04  -1.42427e-04   3.81297e-03   1.48049e-03
T13    1.06095e+00   7.14735e-03  -7.46678e-03  -3.81603e-03   5.45299e-03  -2.06403e-02  -4.88443e-03  -5.03259e-03   4.98516e-03  -2.08488e-02  -2.23632e-02  -2.08663e-02  -1.24139e-02  -1.05983e-02  -5.84305e-02  -5.23432e-03  -1.52391e-02  -5.39782e-03  -2.56838e-02  -2.81122e-02  -1.44169e-02
T14   -6.16093e-01   4.26436e-03   7.23446e-03   2.82240e-02   2.31253e-02  -5.99483e-03   1.97913e-02   3.84242e-02  -5.43017e-03  -4.31623e-03   1.52761e-02   4.73003e-03   5.48273e-02  -7.99036e-03  -5.23432e-03  -3.37205e-02   2.42960e-02   1.00213e-02  -3.64417e-02  -1.46276e-02   1.47506e-03
T15   -5.60035e-01   9.27828e-03   2.53674e-02  -6.81494e-03   2.36039e-02  -2.04040e-02   1.07159e-02   4.37093e-02   8.92806e-04   1.03651e-02  -6.74483e-03  -2.81925e-03   3.47458e-02  -9.13057e-04  -1.52391e-02   2.42960e-02  -3.18159e-02  -7.33418e-03  -1.08292e-02  -1.00310e-02  -2.75896e-03
T16   -3.36025e-01  -9.74996e-04   2.98618e-02  -2.54184e-03   1.40824e-02   2.29278e-03   1.15958e-02   3.56486e-02  -5.15351e-03   7.17228e-03  -7.27427e-03   3.16723e-03   3.52766e-02  -1.79142e-04  -5.39782e-03   1.00213e-02  -7.33418e-03  -3.60613e-02  -5.18414e-03  -7.99866e-03  -1.30262e-02
T17    1.85943e+00   3.84232e-03  -1.65481e-02  -6.60788e-03  -1.65757e-02  -2.17359e-02  -2.57619e-02  -3.31204e-03  -7.01735e-03  -3.50239e-02   2.02256e-02  -6.26085e-04   1.81337e-02  -1.42427e-04  -2.56838e-02  -3.64417e-02  -1.08292e-02  -5.18414e-03  -1.35786e-01  -3.22725e-02   1.15073e-02
T18    7.52595e-01   1.35316e-02   5.88662e-03  -2.37108e-02  -1.16095e-02  -4.58534e-03  -5.92543e-03  -6.72949e-03   2.19048e-03  -1.70121e-02  -5.63185e-03   3.35477e-03  -1.19041e-02   3.81297e-03  -2.81122e-02  -1.46276e-02  -1.00310e-02  -7.99866e-03  -3.22725e-02  -4.92934e-02   7.26439e-03
T19    3.02269e-01  -1.29114e-02  -4.49130e-03   1.50249e-02   7.21118e-03  -1.02943e-02   8.48410e-03   2.95844e-03  -8.07886e-03   1.15376e-03  -2.43560e-02  -1.95730e-02  -3.52596e-03   1.48049e-03  -1.44169e-02   1.47506e-03  -2.75896e-03  -1.30262e-02   1.15073e-02   7.26439e-03  -4.77665e-02
