T0   -4.41759e-01  -5.13712e-02   4.43655e-03   2.36735e-02   5.30113e-03   1.09473e-02   4.49085e-03   1.51108e-02  -1.47279e-02   6.79433e-03   1.13826e-03  -1.38853e-02   3.59195e-02  -3.85709e-03   5.92224e-03   4.22709e-03   1.04743e-02  -7.81093e-04   3.22965e-03   1.41193e-02  -1.60659e-02
T1   -9.17110e-01   4.43655e-03   2.28460e-02   5.74431e-02  -2.08807e-02  -8.08988e-03   4.77079e-02  -1.70223e-02   1.37381e-02   2.53802e-02   9.80156e-03  -1.58381e-02   1.37353e-01  -1.40950e-02  -6.67073e-03   6.55970e-03   2.90683e-02   3.49666e-02  -1.82833e-02   6.28016e-03  -3.91774e-03
T2   -6.31410e-01   2.36735e-02   5.74431e-02  -5.70160e-02   1.56664e-02   9.73868e-03   1.29793e-02   5.05349e-02  -1.27053e-03   2.48316e-02  -8.79563e-03   2.41725e-02   2.26569e-02  -5.62944e-03  -2.64092e-03   2.99428e-02  -8.47953e-03  -2.66679e-03  -5.63923e-03  -2.45603e-02   1.80930e-02
T3   -1.19565e+00   5.30113e-03  -2.08807e-02   1.56664e-02   3.17983e-02   2.68623e-02   4.14050e-02   7.78375e-02   3.65591e-03   4.58981e-03   7.10156e-03   1.75820e-02   3.18489e-04   3.23200e-03   8.86534e-03   2.57327e-02   2.45994e-02   1.52666e-02  -1.53464e-02  -9.82527e-03   1.06877e-02
T4    2.09575e+00   1.09473e-02  -8.08988e-03   9.73868e-03   2.68623e-02  -3.32094e-01  -5.46833e-03   2.81931e-02   1.81059e-03  -4.94441e-02  -1.65703e-02  -1.38403e-02   7.20602e-03  -3.25933e-02  -2.67660e-02  -6.60675e-03  -2.18314e-02   6.02222e-04  -2.72735e-02  -7.76080e-03  -1.56015e-02
T5   -7.10182e-01   4.49085e-03   4.77079e-02   1.29793e-02   4.14050e-02  -5.46833e-03  -3.86597e-02   6.44177e-02   2.72537e-02   2.04746e-02   1.79295e-03  -1.31663e-02   7.53158e-02  -8.40146e-03  -5.73155e-03   2.11754e-02   1.25417e-02   1.26258e-02  -2.71690e-02  -5.12300e-03   9.87864e-03
T6   -1.61631e+00   1.51108e-02  -1.70223e-02   5.05349e-02   7.78375e-02   2.81931e-02   6.44177e-02   5.05464e-02   3.05080e-02   1.18428e-02  -9.52377e-03  -3.49024e-03   5.03882e-04   2.44322e-03  -2.88799e-03   4.31682e-02   4.72571e-02   4.07011e-02  -2.30981e-03  -4.26331e-03   5.19707e-03
T7   -6.10851e-01  -1.47279e-02   1.37381e-02  -1.27053e-03   3.65591e-03   1.81059e-03   2.72537e-02   3.05080e-02  -4.45905e-02  -3.51951e-03   6.21161e-03   1.91807e-02   4.33408e-02  -7.87010e-03   6.78304e-03  -6.50342e-03  -6.96978e-04  -5.27275e-03  -6.78374e-03   3.49342e-03  -6.20367e-03
T8    5.02394e-01   6.79433e-03   2.53802e-02   2.48316e-02   4.58981e-03  -4.94441e-02   2.04746e-02   1.18428e-02  -3.51951e-03  -8.84625e-02   7.79269e-05  -5.91344e-03   7.93864e-02  -2.77498e-02  -2.22247e-02  -4.23293e-03   9.17342e-03   9.35970e-03  -3.79936e-02  -1.93791e-02   3.32396e-03
T9    7.69393e-01   1.13826e-03   9.80156e-03  -8.79563e-03   7.10156e-03  -1.65703e-02   1.79295e-03  -9.52377e-03   6.21161e-03   7.79269e-05  -7.85426e-02  -2.97704e-02  -3.03287e-02  -1.32136e-02  -3.11511e-02   1.87288e-02  -6.36405e-03  -9.62664e-03   1.80962e-02  -1.02995e-02  -3.25585e-02
T10    2.11198e-02  -1.38853e-02  -1.58381e-02   2.41725e-02   1.75820e-02  -1.38403e-02  -1.31663e-02  -3.49024e-03   1.91807e-02  -5.91344e-03  -2.97704e-02  -5.76721e-02   5.89284e-03  -4.43260e-03  -2.80070e-02   7.13883e-03  -1.45898e-03   1.91504e-03  -5.01952e-03   3.12637e-04  -2.65163e-02
T11   -1.57478e+00   3.59195e-02   1.37353e-01   2.26569e-02   3.18489e-04   7.20602e-03   7.53158e-02   5.03882e-04   4.33408e-02   7.93864e-02  -3.03287e-02   5.89284e-03   1.34328e-02  -1.09267e-02  -1.09546e-02   5.95820e-02   3.92848e-02   4.13356e-02   2.06410e-02  -1.13991e-02  -1.85355e-03
T12    1.74346e+00  -3.85709e-03  -1.40950e-02  -5.62944e-03   3.23200e-03  -3.25933e-02  -8.40146e-03   2.44322e-03  -7.87010e-03  -2.77498e-02  -1.32136e-02  -4.43260e-03  -1.09267e-02  -2.06932e-01  -1.78319e-02  -6.65331e-03  -5.50271e-04  -7.82791e-05  -5.30432e-03  -9.17123e-04  -2.30713e-03
T13    1.11546e+00   5.92224e-03  -6.67073e-03  -2.64092e-03   8.86534e-03  -2.67660e-02  -5.73155e-03  -2.88799e-03   6.78304e-03  -2.22247e-02  -3.11511e-02  -2.80070e-02  -1.09546e-02  -1.78319e-02  -6.94701e-02  -2.62678e-03  -1.43646e-02  -6.55586e-03  -3.25005e-02  -3.56401e-02  -2.05839e-02
T14   -6.46371e-01   4.22709e-03   6.55970e-03   2.99428e-02   2.57327e-02  -6.60675e-03   2.11754e-02   4.31682e-02  -6.50342e-03  -4.23293e-03   1.87288e-02   7.13883e-03   5.95820e-02  -6.65331e-03  -2.62678e-03  -3.76235e-02   2.56657e-02   1.29213e-02  -3.87773e-02  -1.54390e-02   3.78095e-03
T15   -5.86426e-01   1.04743e-02   2.90683e-02  -8.47953e-03   2.45994e-02  -2.18314e-02   1.25417e-02   4.72571e-02  -6.96978e-04   9.17342e-03  -6.36405e-03  -1.45898e-03   3.92848e-02  -5.50271e-04  -1.43646e-02   2.56657e-02  -3.53489e-02  -7.90001e-03  -1.04246e-02  -9.13366e-03  -1.50147e-03
T16   -3.49666e-01  -7.81093e-04   3.49666e-02  -2.66679e-03   1.52666e-02   6.02222e-04   1.26258e-02   4.07011e-02  -5.27275e-03   9.35970e-03  -9.62664e-03   1.91504e-03   4.13356e-02  -7.82791e-05  -6.55586e-03   1.29213e-02  -7.90001e-03  -3.85682e-02  -7.32565e-03  -8.32156e-03  -1.57264e-02
T17    1.90273e+00   3.22965e-03  -1.82833e-02  -5.63923e-03  -1.53464e-02  -2.72735e-02  -2.71690e-02  -2.30981e-03  -6.78374e-03  -3.79936e-02   1.80962e-02  -5.01952e-03   2.06410e-02  -5.30432e-03  -3.25005e-02  -3.87773e-02  -1.04246e-02  -7.32565e-03  -1.47433e-01  -3.97549e-02   7.28988e-03
T18    7.68920e-01   1.41193e-02   6.28016e-03  -2.45603e-02  -9.82527e-03  -7.76080e-03  -5.12300e-03  -4.26331e-03   3.49342e-03  -1.93791e-02  -1.02995e-02   3.12637e-04  -1.13991e-02  -9.17123e-04  -3.56401e-02  -1.54390e-02  -9.13366e-03  -8.32156e-03  -3.97549e-02  -5.48132e-02   3.61036e-03
T19    3.61294e-01  -1.60659e-02  -3.91774e-03   1.80930e-02   1.06877e-02  -1.56015e-02   9.87864e-03   5.19707e-03  -6.20367e-03   3.32396e-03  -3.25585e-02  -2.65163e-02  -1.85355e-03  -2.30713e-03  -2.05839e-02   3.78095e-03  -1.50147e-03  -1.57264e-02   7.28988e-03   3.61036e-03  -5.72996e-02
