T0   -7.55050e-01  -1.75846e-01   1.42483e-01   1.84645e-01   2.37854e-01  -1.05331e-01   1.66180e-01   3.14678e-01  -5.65621e-02   1.02831e-01  -1.25195e-01  -1.28746e-01   3.24731e-01  -9.21253e-02  -1.24455e-01   7.97975e-02   8.19361e-02   2.96702e-02  -1.08568e-01  -3.87934e-02  -1.49741e-01
T1   -6.13748e-01   1.42483e-01   3.48389e-01   1.46904e-01  -3.61474e-01   1.51651e-02   1.70946e-01  -3.20356e-01   3.60767e-03   1.50072e-01   1.51022e-01   1.01215e-01   6.88052e-01   1.33456e-01   4.27834e-02   3.15358e-02   7.72836e-02   8.07751e-02  -1.06679e-01  -2.24241e-02   8.14371e-02
T2   -5.83301e-01   1.84645e-01   1.46904e-01  -2.00208e-01   2.09170e-02   2.25087e-02   7.83069e-02   2.08875e-01  -7.49128e-02   4.63996e-02   2.00084e-01   3.20212e-01   1.08773e-01   1.37027e-01   1.14151e-01   5.04890e-02  -4.80636e-02  -2.08912e-02   3.86932e-02   1.69901e-04   1.96090e-01
T3   -1.10253e+00   2.37854e-01  -3.61474e-01   2.09170e-02   3.47726e-01   1.50828e-01   2.37984e-01   6.23122e-01  -9.35582e-03  -1.75545e-01   3.41840e-01   4.30121e-01  -2.30106e-01   2.86544e-01   2.76532e-01   1.34709e-01   2.65841e-02   7.20195e-02   6.94372e-02   6.27881e-03   2.68023e-01
T4    2.09979e+00  -1.05331e-01   1.51651e-02   2.25087e-02   1.50828e-01  -1.35021e+00   4.24884e-02   2.07318e-01  -9.79709e-02  -1.52623e-01  -2.14594e-01  -2.05770e-01   1.03768e-01  -2.55095e-01  -3.36507e-01  -1.10597e-01  -8.00332e-02  -4.40858e-02  -3.41402e-01  -2.08039e-01  -2.33411e-01
T5   -6.06640e-01   1.66180e-01   1.70946e-01   7.83069e-02   2.37984e-01   4.24884e-02   1.08091e-01   3.68916e-01   4.50365e-02   1.15915e-01   1.40986e-01   1.77964e-01   3.03570e-01   1.19308e-01   7.70937e-02   7.15885e-02   5.33456e-02   3.95881e-02  -9.04554e-02   8.77456e-03   1.09556e-01
T6   -1.39653e+00   3.14678e-01  -3.20356e-01   2.08875e-01   6.23122e-01   2.07318e-01   3.68916e-01   6.91657e-01   1.62650e-01  -5.95076e-02   2.43653e-01   3.58170e-01  -1.99548e-01   2.95435e-01   2.18796e-01   2.34067e-01   1.47098e-01   1.66450e-01   5.44429e-02   1.02208e-02   1.94989e-01
T7   -6.50072e-01  -5.65621e-02   3.60767e-03  -7.49128e-02  -9.35582e-03  -9.79709e-02   4.50365e-02   1.62650e-01  -1.97136e-01  -3.20058e-02   9.79022e-02   1.45002e-01   1.15645e-01  -1.56214e-02   2.28414e-02  -4.10603e-02  -7.34035e-02  -2.79168e-02  -3.10647e-02  -6.03766e-03   3.50813e-02
T8    4.62463e-01   1.02831e-01   1.50072e-01   4.63996e-02  -1.75545e-01  -1.52623e-01   1.15915e-01  -5.95076e-02  -3.20058e-02  -3.28565e-01   6.11834e-02   8.46041e-02   3.80713e-01  -4.60037e-02  -7.05080e-02  -6.35838e-03  -5.51492e-02  -1.47806e-02  -2.20205e-01  -1.53843e-01   3.40534e-02
T9    5.04043e-01  -1.25195e-01   1.51022e-01   2.00084e-01   3.41840e-01  -2.14594e-01   1.40986e-01   2.43653e-01   9.79022e-02   6.11834e-02  -5.56695e-01  -4.20511e-01   1.41511e-01  -2.80827e-01  -4.39965e-01   1.35962e-01   9.69929e-02  -4.75066e-02  -2.78053e-01  -3.14682e-01  -4.16598e-01
T10   -2.86485e-01  -1.28746e-01   1.01215e-01   3.20212e-01   4.30121e-01  -2.05770e-01   1.77964e-01   3.58170e-01   1.45002e-01   8.46041e-02  -4.20511e-01  -4.50357e-01   2.77859e-01  -2.22500e-01  -4.10166e-01   1.03715e-01   1.57830e-01   5.45795e-02  -3.22858e-01  -2.53699e-01  -3.68487e-01
T11   -1.18450e+00   3.24731e-01   6.88052e-01   1.08773e-01  -2.30106e-01   1.03768e-01   3.03570e-01  -1.99548e-01   1.15645e-01   3.80713e-01   1.41511e-01   2.77859e-01   5.27576e-01   2.63658e-01   1.61336e-01   3.17080e-01   1.40094e-01   1.42770e-01   1.16375e-01  -1.27310e-02   1.46600e-01
T12    1.31014e+00  -9.21253e-02   1.33456e-01   1.37027e-01   2.86544e-01  -2.55095e-01   1.19308e-01   2.95435e-01  -1.56214e-02  -4.60037e-02  -2.80827e-01  -2.22500e-01   2.63658e-01  -5.65861e-01  -3.94407e-01   4.60572e-03   6.65738e-02   9.86964e-03  -3.56260e-01  -2.56496e-01  -2.30096e-01
T13    1.06422e+00  -1.24455e-01   4.27834e-02   1.14151e-01   2.76532e-01  -3.36507e-01   7.70937e-02   2.18796e-01   2.28414e-02  -7.05080e-02  -4.39965e-01  -4.10166e-01   1.61336e-01  -3.94407e-01  -5.93553e-01  -3.75876e-02   8.38654e-03  -4.79878e-02  -4.71840e-01  -4.06678e-01  -3.54506e-01
T14   -4.46764e-01   7.97975e-02   3.15358e-02   5.04890e-02   1.34709e-01  -1.10597e-01   7.15885e-02   2.34067e-01  -4.10603e-02  -6.35838e-03   1.35962e-01   1.03715e-01   3.17080e-01   4.60572e-03  -3.75876e-02  -7.06442e-02   7.27232e-02   5.00492e-02  -3.11620e-01  -1.98344e-01   6.96812e-02
T15   -6.75315e-01   8.19361e-02   7.72836e-02  -4.80636e-02   2.65841e-02  -8.00332e-02   5.33456e-02   1.47098e-01  -7.34035e-02  -5.51492e-02   9.69929e-02   1.57830e-01   1.40094e-01   6.65738e-02   8.38654e-03   7.27232e-02  -8.08375e-02  -2.53054e-02  -2.74259e-02   1.12380e-03   5.91859e-02
T16   -4.14773e-01   2.96702e-02   8.07751e-02  -2.08912e-02   7.20195e-02  -4.40858e-02   3.95881e-02   1.66450e-01  -2.79168e-02  -1.47806e-02  -4.75066e-02   5.45795e-02   1.42770e-01   9.86964e-03  -4.79878e-02   5.00492e-02  -2.53054e-02  -9.82623e-02  -4.69907e-02  -4.17929e-02  -8.45941e-02
T17    2.10444e+00  -1.08568e-01  -1.06679e-01   3.86932e-02   6.94372e-02  -3.41402e-01  -9.04554e-02   5.44429e-02  -3.10647e-02  -2.20205e-01  -2.78053e-01  -3.22858e-01   1.16375e-01  -3.56260e-01  -4.71840e-01  -3.11620e-01  -2.74259e-02  -4.69907e-02  -6.11633e-01  -3.73180e-01  -2.42122e-01
T18    9.37709e-01  -3.87934e-02  -2.24241e-02   1.69901e-04   6.27881e-03  -2.08039e-01   8.77456e-03   1.02208e-02  -6.03766e-03  -1.53843e-01  -3.14682e-01  -2.53699e-01  -1.27310e-02  -2.56496e-01  -4.06678e-01  -1.98344e-01   1.12380e-03  -4.17929e-02  -3.73180e-01  -3.04387e-01  -2.29015e-01
T19    2.32904e-01  -1.49741e-01   8.14371e-02   1.96090e-01   2.68023e-01  -2.33411e-01   1.09556e-01   1.94989e-01   3.50813e-02   3.40534e-02  -4.16598e-01  -3.68487e-01   1.46600e-01  -2.30096e-01  -3.54506e-01   6.96812e-02   5.91859e-02  -8.45941e-02  -2.42122e-01  -2.29015e-01  -4.48845e-01
