T0   -4.21183e-01  -5.86279e-02   5.82127e-03   2.84645e-02   7.79633e-03   7.53008e-03   6.34158e-03   1.95964e-02  -1.61446e-02   9.40405e-03  -2.82415e-03  -1.86691e-02   4.25605e-02  -8.93834e-03   4.15124e-03   6.12259e-03   1.16098e-02  -1.73705e-03   1.29917e-03   1.43802e-02  -2.10991e-02
T1   -9.76745e-01   5.82127e-03   3.05713e-02   6.52785e-02  -2.53538e-02  -4.82421e-03   5.75806e-02  -2.00360e-02   1.51218e-02   3.12853e-02   1.34343e-02  -1.53623e-02   1.58145e-01  -1.26144e-02  -7.26126e-03   5.74560e-03   3.41755e-02   4.10160e-02  -1.98980e-02   7.82283e-03  -7.44256e-04
T2   -6.78068e-01   2.84645e-02   6.52785e-02  -6.14476e-02   1.87053e-02   9.26790e-03   1.74602e-02   5.89036e-02  -1.96487e-03   2.71368e-02  -6.89163e-03   2.69405e-02   2.64716e-02  -3.98949e-03  -7.64174e-04   3.15359e-02  -9.62615e-03  -2.18515e-03  -4.89398e-03  -2.66769e-02   2.20698e-02
T3   -1.24481e+00   7.79633e-03  -2.53538e-02   1.87053e-02   3.90636e-02   3.12047e-02   4.77024e-02   9.01286e-02   3.11477e-03   1.98590e-03   1.03120e-02   2.13837e-02   8.97652e-05   6.10483e-03   1.29034e-02   2.84803e-02   2.72677e-02   1.88481e-02  -1.43540e-02  -8.22765e-03   1.54512e-02
T4    2.16297e+00   7.53008e-03  -4.82421e-03   9.26790e-03   3.12047e-02  -3.66054e-01  -3.80859e-03   3.30023e-02   1.58219e-03  -5.26951e-02  -2.18620e-02  -1.89489e-02   8.12350e-03  -4.20312e-02  -3.54297e-02  -6.87023e-03  -2.43153e-02  -3.84793e-04  -3.52193e-02  -1.28311e-02  -2.38618e-02
T5   -7.57261e-01   6.34158e-03   5.75806e-02   1.74602e-02   4.77024e-02  -3.80859e-03  -3.79814e-02   7.48960e-02   3.04292e-02   2.50796e-02   3.53481e-03  -1.41016e-02   8.65454e-02  -1.11377e-02  -5.89767e-03   2.17861e-02   1.49913e-02   1.56726e-02  -2.92602e-02  -4.86446e-03   1.23916e-02
T6   -1.66810e+00   1.95964e-02  -2.00360e-02   5.89036e-02   9.01286e-02   3.30023e-02   7.48960e-02   6.16717e-02   3.59731e-02   1.36159e-02  -8.61211e-03  -3.30022e-03   1.36626e-03   4.74637e-03  -9.01112e-04   4.88073e-02   5.39002e-02   4.72992e-02   4.49745e-04  -1.74425e-03   8.23551e-03
T7   -6.36672e-01  -1.61446e-02   1.51218e-02  -1.96487e-03   3.11477e-03   1.58219e-03   3.04292e-02   3.59731e-02  -5.08866e-02  -7.16197e-03   8.73292e-03   2.22548e-02   4.92492e-02  -7.39021e-03   8.74849e-03  -6.87983e-03  -3.43324e-03  -6.56417e-03  -5.92787e-03   4.82342e-03  -5.44748e-03
T8    4.56237e-01   9.40405e-03   3.12853e-02   2.71368e-02   1.98590e-03  -5.26951e-02   2.50796e-02   1.36159e-02  -7.16197e-03  -1.01097e-01   2.99295e-03  -4.38461e-03   9.26640e-02  -2.86907e-02  -2.53029e-02  -3.43041e-03   6.69018e-03   1.08693e-02  -4.28930e-02  -2.09101e-02   6.29868e-03
T9    8.50483e-01  -2.82415e-03   1.34343e-02  -6.89163e-03   1.03120e-02  -2.18620e-02   3.53481e-03  -8.61211e-03   8.73292e-03   2.99295e-03  -9.37519e-02  -4.03494e-02  -3.15842e-02  -2.16394e-02  -4.11154e-02   2.34505e-02  -6.37982e-03  -1.22684e-02   1.35620e-02  -1.68493e-02  -4.42046e-02
T10    9.61972e-02  -1.86691e-02  -1.53623e-02   2.69405e-02   2.13837e-02  -1.89489e-02  -1.41016e-02  -3.30022e-03   2.22548e-02  -4.38461e-03  -4.03494e-02  -6.85834e-02   7.82261e-03  -9.24453e-03  -3.64838e-02   9.00426e-03  -1.45482e-03   1.34451e-03  -1.03054e-02  -3.22111e-03  -3.57061e-02
T11   -1.63334e+00   4.25605e-02   1.58145e-01   2.64716e-02   8.97652e-05   8.12350e-03   8.65454e-02   1.36626e-03   4.92492e-02   9.26640e-02  -3.15842e-02   7.82261e-03   2.30413e-02  -6.72923e-03  -1.03911e-02   6.59430e-02   4.52425e-02   4.83168e-02   2.55234e-02  -9.05090e-03   1.60770e-03
T12    1.78292e+00  -8.93834e-03  -1.26144e-02  -3.98949e-03   6.10483e-03  -4.20312e-02  -1.11377e-02   4.74637e-03  -7.39021e-03  -2.86907e-02  -2.16394e-02  -9.24453e-03  -6.72923e-03  -2.22114e-01  -2.61567e-02  -7.36246e-03  -1.27163e-03  -2.11000e-03  -1.25250e-02  -6.32539e-03  -7.27560e-03
T13    1.17168e+00   4.15124e-03  -7.26126e-03  -7.64174e-04   1.29034e-02  -3.54297e-02  -5.89767e-03  -9.01112e-04   8.74849e-03  -2.53029e-02  -4.11154e-02  -3.64838e-02  -1.03911e-02  -2.61567e-02  -8.21957e-02  -1.13629e-03  -1.41199e-02  -9.26766e-03  -4.31303e-02  -4.52268e-02  -2.89921e-02
T14   -6.70317e-01   6.12259e-03   5.74560e-03   3.15359e-02   2.84803e-02  -6.87023e-03   2.17861e-02   4.88073e-02  -6.87983e-03  -3.43041e-03   2.34505e-02   9.00426e-03   6.59430e-02  -7.36246e-03  -1.13629e-03  -4.09861e-02   2.92125e-02   1.56882e-02  -3.98648e-02  -1.80948e-02   5.81010e-03
T15   -6.12547e-01   1.16098e-02   3.41755e-02  -9.62615e-03   2.72677e-02  -2.43153e-02   1.49913e-02   5.39002e-02  -3.43324e-03   6.69018e-03  -6.37982e-03  -1.45482e-03   4.52425e-02  -1.27163e-03  -1.41199e-02   2.92125e-02  -3.67825e-02  -8.85708e-03  -1.08954e-02  -9.17437e-03  -6.52737e-04
T16   -3.61480e-01  -1.73705e-03   4.10160e-02  -2.18515e-03   1.88481e-02  -3.84793e-04   1.56726e-02   4.72992e-02  -6.56417e-03   1.08693e-02  -1.22684e-02   1.34451e-03   4.83168e-02  -2.11000e-03  -9.26766e-03   1.56882e-02  -8.85708e-03  -4.15241e-02  -7.12409e-03  -9.18403e-03  -1.94046e-02
T17    1.93150e+00   1.29917e-03  -1.98980e-02  -4.89398e-03  -1.43540e-02  -3.52193e-02  -2.92602e-02   4.49745e-04  -5.92787e-03  -4.28930e-02   1.35620e-02  -1.03054e-02   2.55234e-02  -1.25250e-02  -4.31303e-02  -3.98648e-02  -1.08954e-02  -7.12409e-03  -1.68788e-01  -4.76263e-02   2.43148e-03
T18    7.81715e-01   1.43802e-02   7.82283e-03  -2.66769e-02  -8.22765e-03  -1.28311e-02  -4.86446e-03  -1.74425e-03   4.82342e-03  -2.09101e-02  -1.68493e-02  -3.22111e-03  -9.05090e-03  -6.32539e-03  -4.52268e-02  -1.80948e-02  -9.17437e-03  -9.18403e-03  -4.76263e-02  -6.24630e-02   1.07112e-04
T19    4.26830e-01  -2.10991e-02  -7.44256e-04   2.20698e-02   1.54512e-02  -2.38618e-02   1.23916e-02   8.23551e-03  -5.44748e-03   6.29868e-03  -4.42046e-02  -3.57061e-02   1.60770e-03  -7.27560e-03  -2.89921e-02   5.81010e-03  -6.52737e-04  -1.94046e-02   2.43148e-03   1.07112e-04  -7.03468e-02
