T0   -4.74171e-01  -1.01502e-01   2.54849e-02   6.97740e-02   4.70905e-02  -1.07194e-02   3.00875e-02   6.98771e-02  -2.39691e-02   2.43979e-02  -3.93668e-02  -5.93050e-02   1.04341e-01  -3.69395e-02  -2.71909e-02   1.80071e-02   2.78897e-02   3.68422e-03  -2.50603e-02   4.64888e-03  -6.10212e-02
T1   -1.01572e+00   2.54849e-02   8.78681e-02   9.77485e-02  -8.57914e-02  -3.03266e-03   8.79206e-02  -7.52927e-02   2.32044e-02   5.13357e-02   5.58084e-02   1.18777e-02   2.92632e-01   1.96433e-02   1.44062e-02   1.95957e-02   5.81346e-02   7.22329e-02  -1.60812e-02   1.64251e-02   2.59421e-02
T2   -8.10854e-01   6.97740e-02   9.77485e-02  -8.88516e-02   3.60601e-02   1.02180e-02   4.67408e-02   1.12574e-01  -5.31226e-03   3.70123e-02   1.66182e-02   7.50690e-02   5.27139e-02   5.94217e-03   7.90200e-03   4.69947e-02  -9.26015e-03   4.15657e-03  -1.36069e-03  -3.39645e-02   5.92063e-02
T3   -1.39530e+00   4.70905e-02  -8.57914e-02   3.60601e-02   1.19015e-01   5.44340e-02   1.02379e-01   2.01971e-01   3.11320e-03  -2.44448e-02   5.61542e-02   7.31702e-02  -2.35513e-02   4.29402e-02   4.56259e-02   5.23475e-02   4.80994e-02   4.55337e-02  -8.27542e-03  -7.55467e-03   6.14375e-02
T4    2.37105e+00  -1.07194e-02  -3.03266e-03   1.02180e-02   5.44340e-02  -6.08253e-01  -4.59983e-03   6.68458e-02  -1.90131e-02  -6.84117e-02  -6.84122e-02  -6.45177e-02   3.03294e-02  -1.08016e-01  -1.02995e-01  -2.71702e-02  -5.13146e-02  -1.50169e-02  -9.46791e-02  -5.59106e-02  -7.44839e-02
T5   -8.57961e-01   3.00875e-02   8.79206e-02   4.67408e-02   1.02379e-01  -4.59983e-03  -8.08693e-03   1.47715e-01   5.15964e-02   5.01595e-02   2.89525e-02   3.68147e-03   1.51280e-01  -1.62779e-03  -3.03133e-03   3.72450e-02   3.52967e-02   3.47909e-02  -4.98972e-02  -1.26002e-02   4.03398e-02
T6   -1.78820e+00   6.98771e-02  -7.52927e-02   1.12574e-01   2.01971e-01   6.68458e-02   1.47715e-01   1.67850e-01   7.85173e-02   1.47054e-02   2.74002e-02   3.59169e-02  -1.79597e-02   4.16132e-02   1.94011e-02   9.84854e-02   1.03691e-01   1.02238e-01   4.07393e-03  -8.28997e-03   4.60349e-02
T7   -7.47470e-01  -2.39691e-02   2.32044e-02  -5.31226e-03   3.11320e-03  -1.90131e-02   5.15964e-02   7.85173e-02  -8.43894e-02  -2.15272e-02   2.84308e-02   4.51617e-02   8.48174e-02  -1.04081e-02   1.81265e-02  -1.27857e-02  -1.16916e-02  -1.14250e-02  -3.95080e-03   1.05159e-02   9.16831e-04
T8    3.57288e-01   2.43979e-02   5.13357e-02   3.70123e-02  -2.44448e-02  -6.84117e-02   5.01595e-02   1.47054e-02  -2.15272e-02  -1.82031e-01   2.81022e-02   1.69049e-02   1.58775e-01  -3.29473e-02  -3.09686e-02   5.74903e-03  -3.53184e-03   1.31480e-02  -7.79760e-02  -3.57160e-02   2.38085e-02
T9    9.68962e-01  -3.93668e-02   5.58084e-02   1.66182e-02   5.61542e-02  -6.84122e-02   2.89525e-02   2.74002e-02   2.84308e-02   2.81022e-02  -2.13194e-01  -1.34218e-01  -9.06113e-03  -8.77971e-02  -1.33379e-01   4.97136e-02  -1.51662e-03  -2.85228e-02  -3.89023e-02  -7.13247e-02  -1.33978e-01
T10    2.15661e-01  -5.93050e-02   1.18777e-02   7.50690e-02   7.31702e-02  -6.45177e-02   3.68147e-03   3.59169e-02   4.51617e-02   1.69049e-02  -1.34218e-01  -1.72997e-01   5.16331e-02  -6.64856e-02  -1.20745e-01   3.09480e-02   1.30225e-02  -2.19972e-03  -7.25030e-02  -4.27078e-02  -1.13734e-01
T11   -1.68964e+00   1.04341e-01   2.92632e-01   5.27139e-02  -2.35513e-02   3.03294e-02   1.51280e-01  -1.79597e-02   8.48174e-02   1.58775e-01  -9.06113e-03   5.16331e-02   1.05077e-01   4.19824e-02   9.48063e-03   1.29983e-01   8.71476e-02   9.79018e-02   6.24704e-02  -1.68341e-02   3.57112e-02
T12    1.79517e+00  -3.69395e-02   1.96433e-02   5.94217e-03   4.29402e-02  -1.08016e-01  -1.62779e-03   4.16132e-02  -1.04081e-02  -3.29473e-02  -8.77971e-02  -6.64856e-02   4.19824e-02  -3.40052e-01  -1.07891e-01   3.63146e-03   2.08432e-03  -9.84134e-03  -7.07340e-02  -6.07432e-02  -6.40357e-02
T13    1.36653e+00  -2.71909e-02   1.44062e-02   7.90200e-03   4.56259e-02  -1.02995e-01  -3.03133e-03   1.94011e-02   1.81265e-02  -3.09686e-02  -1.33379e-01  -1.20745e-01   9.48063e-03  -1.07891e-01  -1.91573e-01   1.58256e-02  -2.07018e-02  -2.46071e-02  -1.30364e-01  -1.11425e-01  -1.00287e-01
T14   -7.08246e-01   1.80071e-02   1.95957e-02   4.69947e-02   5.23475e-02  -2.71702e-02   3.72450e-02   9.84854e-02  -1.27857e-02   5.74903e-03   4.97136e-02   3.09480e-02   1.29983e-01   3.63146e-03   1.58256e-02  -6.30231e-02   4.03441e-02   3.34229e-02  -7.52063e-02  -3.91844e-02   1.93066e-02
T15   -7.41006e-01   2.78897e-02   5.81346e-02  -9.26015e-03   4.80994e-02  -5.13146e-02   3.52967e-02   1.03691e-01  -1.16916e-02  -3.53184e-03  -1.51662e-03   1.30225e-02   8.71476e-02   2.08432e-03  -2.07018e-02   4.03441e-02  -4.31096e-02  -9.06765e-03  -2.26568e-02  -1.29029e-02   9.94032e-03
T16   -4.62243e-01   3.68422e-03   7.22329e-02   4.15657e-03   4.55337e-02  -1.50169e-02   3.47909e-02   1.02238e-01  -1.14250e-02   1.31480e-02  -2.85228e-02  -2.19972e-03   9.79018e-02  -9.84134e-03  -2.46071e-02   3.34229e-02  -9.06765e-03  -4.81915e-02  -1.52844e-02  -2.24410e-02  -3.95693e-02
T17    2.14638e+00  -2.50603e-02  -1.60812e-02  -1.36069e-03  -8.27542e-03  -9.46791e-02  -4.98972e-02   4.07393e-03  -3.95080e-03  -7.79760e-02  -3.89023e-02  -7.25030e-02   6.24704e-02  -7.07340e-02  -1.30364e-01  -7.52063e-02  -2.26568e-02  -1.52844e-02  -2.73538e-01  -1.09488e-01  -4.70541e-02
T18    9.45729e-01   4.64888e-03   1.64251e-02  -3.39645e-02  -7.55467e-03  -5.59106e-02  -1.26002e-02  -8.28997e-03   1.05159e-02  -3.57160e-02  -7.13247e-02  -4.27078e-02  -1.68341e-02  -6.07432e-02  -1.11425e-01  -3.91844e-02  -1.29029e-02  -2.24410e-02  -1.09488e-01  -1.05525e-01  -4.19362e-02
T19    5.24021e-01  -6.10212e-02   2.59421e-02   5.92063e-02   6.14375e-02  -7.44839e-02   4.03398e-02   4.60349e-02   9.16831e-04   2.38085e-02  -1.33978e-01  -1.13734e-01   3.57112e-02  -6.40357e-02  -1.00287e-01   1.93066e-02   9.94032e-03  -3.95693e-02  -4.70541e-02  -4.19362e-02  -1.59934e-01
