T0   -6.13495e-01  -5.68448e-01  -1.64997e-01   2.34107e-01   5.37236e-01  -6.78414e-01   2.84835e-01   6.32164e-01  -8.17863e-01   6.61635e-02  -5.36441e-01  -2.16360e-01   5.08655e-01  -3.56748e-01  -2.48695e-01   8.63201e-01  -1.45552e-01  -1.29029e-01  -2.16532e-01  -1.30726e-01  -7.20883e-01
T1   -1.20605e-01  -1.64997e-01   1.77571e-01  -1.17576e-01  -6.83556e-01  -2.22748e-01  -2.27098e-01  -6.53352e-01  -6.67668e-01  -3.05371e-01   2.06707e-01   8.76224e-02   6.80674e-01  -1.85744e-01  -3.06791e-01   2.00016e-01  -1.12813e-01  -2.73686e-03  -1.35038e+00  -7.80969e-01   8.85101e-02
T2   -3.44033e-02   2.34107e-01  -1.17576e-01  -4.55894e-01   1.43566e-01  -1.21645e-01   1.05915e-01   4.29081e-01  -6.69115e-01  -7.58806e-02   6.28710e-01   7.93953e-01   1.15848e-01   3.71035e-01   2.79824e-01   1.17222e+00  -2.91929e-01  -2.21586e-01  -4.38119e-01  -5.42839e-02   5.69819e-01
T3   -3.96231e-01   5.37236e-01  -6.83556e-01   1.43566e-01   7.23550e-01   3.42210e-01   6.42325e-01   1.21930e+00  -2.46325e-01   4.71031e-02   9.14450e-01   1.20498e+00  -2.35209e-01   5.35241e-01   8.97441e-01   1.43685e+00   5.29388e-02  -8.84290e-02   8.12534e-01   7.18926e-01   6.67274e-01
T4    1.41275e+00  -6.78414e-01  -2.22748e-01  -1.21645e-01   3.42210e-01  -3.23598e+00   1.53979e-01   6.11454e-01  -1.21839e+00  -1.88301e-01  -7.69994e-01  -5.42017e-01   4.34988e-01  -6.55091e-01  -8.03435e-01   6.23371e-01  -6.57971e-01  -4.52141e-01  -1.03597e+00  -3.73612e-01  -9.33261e-01
T5    7.92832e-02   2.84835e-01  -2.27098e-01   1.05915e-01   6.42325e-01   1.53979e-01   1.53524e-01   7.67234e-01  -3.66249e-01   6.15227e-02   4.86369e-01   5.88864e-01   2.53344e-02   1.37322e-01   7.24544e-02   9.07449e-01   8.24225e-02   5.85575e-02  -6.07628e-01  -2.47225e-01   3.42242e-01
T6   -5.14534e-01   6.32164e-01  -6.53352e-01   4.29081e-01   1.21930e+00   6.11454e-01   7.67234e-01   1.39847e+00  -3.61001e-02   1.51045e-01   6.71925e-01   1.09939e+00  -4.89963e-01   6.21173e-01   5.53589e-01   1.45353e+00   3.77898e-01   3.51002e-01   1.62462e-01   3.22749e-01   6.72434e-01
T7   -3.26642e-01  -8.17863e-01  -6.67668e-01  -6.69115e-01  -2.46325e-01  -1.21839e+00  -3.66249e-01  -3.61001e-02  -1.30361e+00  -6.82323e-01  -5.98653e-01  -4.59355e-01  -2.43274e-01  -7.69895e-01  -9.44293e-01  -5.51348e-02  -7.58579e-01  -6.33161e-01  -1.09061e+00  -9.50595e-01  -8.36042e-01
T8    6.11617e-01   6.61635e-02  -3.05371e-01  -7.58806e-02   4.71031e-02  -1.88301e-01   6.15227e-02   1.51045e-01  -6.82323e-01  -9.61122e-01   4.53072e-01   5.65187e-01   3.19383e-01  -3.66957e-02  -2.01742e-01   5.56259e-01  -2.93693e-01  -4.61510e-03  -1.00229e+00  -5.18303e-01   2.71039e-01
T9   -2.31889e-01  -5.36441e-01   2.06707e-01   6.28710e-01   9.14450e-01  -7.69994e-01   4.86369e-01   6.71925e-01  -5.98653e-01   4.53072e-01  -1.18872e+00  -5.80600e-01   5.54818e-01  -6.72593e-01  -3.19055e-01   1.51116e+00   6.62187e-02  -6.06389e-02   2.14976e-02   2.31305e-01  -9.70405e-01
T10   -7.96096e-01  -2.16360e-01   8.76224e-02   7.93953e-01   1.20498e+00  -5.42017e-01   5.88864e-01   1.09939e+00  -4.59355e-01   5.65187e-01  -5.80600e-01  -2.21087e-01   8.20426e-01  -2.00308e-01  -1.63683e-02   1.37824e+00   3.56227e-01   3.95193e-01  -2.77059e-01   1.44143e-01  -4.84540e-01
T11   -3.18960e-01   5.08655e-01   6.80674e-01   1.15848e-01  -2.35209e-01   4.34988e-01   2.53344e-02  -4.89963e-01  -2.43274e-01   3.19383e-01   5.54818e-01   8.20426e-01   8.66257e-01   3.68482e-01   2.20156e-01   1.28173e+00   1.16517e-01   2.78982e-01  -8.86029e-01  -6.63790e-01   5.99715e-01
T12    9.69723e-01  -3.56748e-01  -1.85744e-01   3.71035e-01   5.35241e-01  -6.55091e-01   1.37322e-01   6.21173e-01  -7.69895e-01  -3.66957e-02  -6.72593e-01  -2.00308e-01   3.68482e-01  -9.65345e-01  -4.67061e-01   7.42873e-01  -3.33729e-02   1.11645e-01  -7.67912e-01  -3.32795e-01  -5.74686e-01
T13    6.66711e-02  -2.48695e-01  -3.06791e-01   2.79824e-01   8.97441e-01  -8.03435e-01   7.24544e-02   5.53589e-01  -9.44293e-01  -2.01742e-01  -3.19055e-01  -1.63683e-02   2.20156e-01  -4.67061e-01  -5.99272e-01   4.84922e-01   1.24925e-01   5.81707e-01  -5.25010e-01  -3.64439e-01  -4.03381e-01
T14   -1.94140e-01   8.63201e-01   2.00016e-01   1.17222e+00   1.43685e+00   6.23371e-01   9.07449e-01   1.45353e+00  -5.51348e-02   5.56259e-01   1.51116e+00   1.37824e+00   1.28173e+00   7.42873e-01   4.84922e-01   1.17853e+00   9.91952e-01   1.26578e+00  -7.12082e-01  -6.61495e-02   1.35580e+00
T15   -3.17543e-01  -1.45552e-01  -1.12813e-01  -2.91929e-01   5.29388e-02  -6.57971e-01   8.24225e-02   3.77898e-01  -7.58579e-01  -2.93693e-01   6.62187e-02   3.56227e-01   1.16517e-01  -3.33729e-02   1.24925e-01   9.91952e-01  -5.88238e-01  -4.17587e-01  -2.67395e-01   5.37964e-02  -2.33678e-01
T16   -2.48316e-01  -1.29029e-01  -2.73686e-03  -2.21586e-01  -8.84290e-02  -4.52141e-01   5.85575e-02   3.51002e-01  -6.33161e-01  -4.61510e-03  -6.06389e-02   3.95193e-01   2.78982e-01   1.11645e-01   5.81707e-01   1.26578e+00  -4.17587e-01  -6.85698e-01   4.30354e-01   4.93289e-01  -2.65722e-01
T17    1.18138e+00  -2.16532e-01  -1.35038e+00  -4.38119e-01   8.12534e-01  -1.03597e+00  -6.07628e-01   1.62462e-01  -1.09061e+00  -1.00229e+00   2.14976e-02  -2.77059e-01  -8.86029e-01  -7.67912e-01  -5.25010e-01  -7.12082e-01  -2.67395e-01   4.30354e-01  -7.24810e-01  -7.24709e-01  -1.61295e-02
T18    2.08294e-01  -1.30726e-01  -7.80969e-01  -5.42839e-02   7.18926e-01  -3.73612e-01  -2.47225e-01   3.22749e-01  -9.50595e-01  -5.18303e-01   2.31305e-01   1.44143e-01  -6.63790e-01  -3.32795e-01  -3.64439e-01  -6.61495e-02   5.37964e-02   4.93289e-01  -7.24709e-01  -4.42255e-01   4.42758e-02
T19   -4.16862e-01  -7.20883e-01   8.85101e-02   5.69819e-01   6.67274e-01  -9.33261e-01   3.42242e-01   6.72434e-01  -8.36042e-01   2.71039e-01  -9.70405e-01  -4.84540e-01   5.99715e-01  -5.74686e-01  -4.03381e-01   1.35580e+00  -2.33678e-01  -2.65722e-01  -1.61295e-02   4.42758e-02  -1.14062e+00
