T0   -7.84713e-01  -1.16426e-01   2.02614e-01   2.44204e-01   3.58215e-01  -1.08773e-01   2.43104e-01   4.28960e-01   4.26370e-03   1.15858e-01  -1.93664e-01  -1.79774e-01   4.21558e-01  -9.84363e-02  -1.78117e-01   9.22923e-02   1.45557e-01   3.24780e-02  -1.29356e-01  -8.19686e-02  -2.43706e-01
T1   -5.70298e-01   2.02614e-01   4.38576e-01   1.94967e-01  -3.73781e-01   3.48691e-02   2.09027e-01  -3.18539e-01   2.54263e-02   2.01276e-01   1.52159e-01   9.73750e-02   8.32332e-01   1.51569e-01   3.82570e-02   9.12062e-02   1.18972e-01   1.06107e-01  -1.78661e-01  -5.31527e-02   7.23436e-02
T2   -4.84986e-01   2.44204e-01   1.94967e-01  -2.32330e-01   3.08805e-02   1.58980e-02   1.07271e-01   2.46246e-01  -6.87859e-02   6.69093e-02   1.81232e-01   3.47077e-01   1.57615e-01   1.64776e-01   1.35850e-01   6.19342e-02  -4.71940e-02  -3.22908e-02   6.48083e-02   1.62810e-02   1.77835e-01
T3   -1.01197e+00   3.58215e-01  -3.73781e-01   3.08805e-02   5.16686e-01   1.95587e-01   3.00968e-01   8.08854e-01   4.68010e-02  -2.19586e-01   3.47825e-01   4.87810e-01  -2.32967e-01   3.37661e-01   3.39044e-01   1.88666e-01   4.02789e-02   6.74661e-02   1.33005e-01   5.75913e-02   2.69293e-01
T4    2.01641e+00  -1.08773e-01   3.48691e-02   1.58980e-02   1.95587e-01  -1.61352e+00   3.88768e-02   2.36244e-01  -1.09215e-01  -2.10753e-01  -2.98292e-01  -2.61868e-01   1.28321e-01  -3.16401e-01  -4.12737e-01  -1.36490e-01  -7.61806e-02  -7.25541e-02  -4.10054e-01  -2.73993e-01  -3.15603e-01
T5   -4.74477e-01   2.43104e-01   2.09027e-01   1.07271e-01   3.00968e-01   3.88768e-02   1.51704e-01   4.40536e-01   1.01265e-01   1.53664e-01   1.04561e-01   1.68498e-01   3.55989e-01   1.30090e-01   7.00830e-02   1.00645e-01   8.10313e-02   3.06579e-02  -8.05926e-02   2.56360e-02   6.99744e-02
T6   -1.24340e+00   4.28960e-01  -3.18539e-01   2.46246e-01   8.08854e-01   2.36244e-01   4.40536e-01   9.03280e-01   2.50876e-01  -5.68614e-02   2.36272e-01   3.77638e-01  -1.92743e-01   3.36026e-01   2.60057e-01   2.97299e-01   1.77920e-01   1.61837e-01   1.17200e-01   8.47469e-02   1.70645e-01
T7   -7.21902e-01   4.26370e-03   2.54263e-02  -6.87859e-02   4.68010e-02  -1.09215e-01   1.01265e-01   2.50876e-01  -1.94547e-01  -2.60198e-02   1.17192e-01   1.77514e-01   1.73586e-01   5.60677e-04  -2.59350e-03  -3.17774e-02  -5.89750e-02  -2.56614e-02  -6.96150e-02  -2.12886e-02   3.76312e-02
T8    5.18312e-01   1.15858e-01   2.01276e-01   6.69093e-02  -2.19586e-01  -2.10753e-01   1.53664e-01  -5.68614e-02  -2.60198e-02  -3.74499e-01   3.12902e-02   6.28669e-02   4.52734e-01  -5.27938e-02  -1.01673e-01  -1.54056e-02  -7.44670e-02  -5.44732e-02  -2.39067e-01  -1.83608e-01  -1.28967e-02
T9    4.66152e-01  -1.93664e-01   1.52159e-01   1.81232e-01   3.47825e-01  -2.98292e-01   1.04561e-01   2.36272e-01   1.17192e-01   3.12902e-02  -6.50023e-01  -4.74992e-01   1.38397e-01  -3.39033e-01  -4.89795e-01   1.07812e-01   7.06698e-02  -1.10010e-01  -2.87800e-01  -3.94293e-01  -5.36390e-01
T10   -3.62387e-01  -1.79774e-01   9.73750e-02   3.47077e-01   4.87810e-01  -2.61868e-01   1.68498e-01   3.77638e-01   1.77514e-01   6.28669e-02  -4.74992e-01  -4.90202e-01   2.85457e-01  -2.64108e-01  -4.63924e-01   9.32517e-02   1.54097e-01   3.91862e-02  -3.46657e-01  -3.20685e-01  -4.33284e-01
T11   -1.02905e+00   4.21558e-01   8.32332e-01   1.57615e-01  -2.32967e-01   1.28321e-01   3.55989e-01  -1.92743e-01   1.73586e-01   4.52734e-01   1.38397e-01   2.85457e-01   7.07920e-01   3.03968e-01   1.84495e-01   4.12368e-01   1.98046e-01   1.49997e-01   1.13988e-01  -2.15664e-02   1.16314e-01
T12    1.23624e+00  -9.84363e-02   1.51569e-01   1.64776e-01   3.37661e-01  -3.16401e-01   1.30090e-01   3.36026e-01   5.60677e-04  -5.27938e-02  -3.39033e-01  -2.64108e-01   3.03968e-01  -6.60501e-01  -4.65077e-01   9.12909e-03   7.05025e-02   2.38573e-02  -4.03820e-01  -3.09976e-01  -2.94662e-01
T13    8.65610e-01  -1.78117e-01   3.82570e-02   1.35850e-01   3.39044e-01  -4.12737e-01   7.00830e-02   2.60057e-01  -2.59350e-03  -1.01673e-01  -4.89795e-01  -4.63924e-01   1.84495e-01  -4.65077e-01  -6.67551e-01  -7.64352e-02   2.63564e-03  -4.93647e-02  -5.11451e-01  -4.79940e-01  -4.26020e-01
T14   -3.62418e-01   9.22923e-02   9.12062e-02   6.19342e-02   1.88666e-01  -1.36490e-01   1.00645e-01   2.97299e-01  -3.17774e-02  -1.54056e-02   1.07812e-01   9.32517e-02   4.12368e-01   9.12909e-03  -7.64352e-02  -9.53741e-02   9.03991e-02   4.12206e-02  -3.87215e-01  -2.59038e-01   2.14547e-02
T15   -6.31720e-01   1.45557e-01   1.18972e-01  -4.71940e-02   4.02789e-02  -7.61806e-02   8.10313e-02   1.77920e-01  -5.89750e-02  -7.44670e-02   7.06698e-02   1.54097e-01   1.98046e-01   7.05025e-02   2.63564e-03   9.03991e-02  -7.24202e-02  -3.49786e-02  -4.29748e-02  -4.93970e-04   1.70483e-02
T16   -3.31770e-01   3.24780e-02   1.06107e-01  -3.22908e-02   6.74661e-02  -7.25541e-02   3.06579e-02   1.61837e-01  -2.56614e-02  -5.44732e-02  -1.10010e-01   3.91862e-02   1.49997e-01   2.38573e-02  -4.93647e-02   4.12206e-02  -3.49786e-02  -1.51048e-01  -3.74811e-03  -5.26758e-02  -1.65517e-01
T17    1.78725e+00  -1.29356e-01  -1.78661e-01   6.48083e-02   1.33005e-01  -4.10054e-01  -8.05926e-02   1.17200e-01  -6.96150e-02  -2.39067e-01  -2.87800e-01  -3.46657e-01   1.13988e-01  -4.03820e-01  -5.11451e-01  -3.87215e-01  -4.29748e-02  -3.74811e-03  -6.33068e-01  -3.72603e-01  -2.51131e-01
T18    8.26417e-01  -8.19686e-02  -5.31527e-02   1.62810e-02   5.75913e-02  -2.73993e-01   2.56360e-02   8.47469e-02  -2.12886e-02  -1.83608e-01  -3.94293e-01  -3.20685e-01  -2.15664e-02  -3.09976e-01  -4.79940e-01  -2.59038e-01  -4.93970e-04  -5.26758e-02  -3.72603e-01  -3.75098e-01  -3.17405e-01
T19    2.92699e-01  -2.43706e-01   7.23436e-02   1.77835e-01   2.69293e-01  -3.15603e-01   6.99744e-02   1.70645e-01   3.76312e-02  -1.28967e-02  -5.36390e-01  -4.33284e-01   1.16314e-01  -2.94662e-01  -4.26020e-01   2.14547e-02   1.70483e-02  -1.65517e-01  -2.51131e-01  -3.17405e-01  -5.80038e-01
