T0   -4.82806e-01  -1.03016e-01   2.79320e-02   7.53945e-02   5.78440e-02  -1.50043e-02   3.46435e-02   7.92249e-02  -2.43076e-02   2.53221e-02  -4.83861e-02  -6.93409e-02   1.12562e-01  -4.48919e-02  -3.51850e-02   1.96149e-02   3.35740e-02   4.79439e-03  -3.16896e-02  -1.01965e-04  -6.97979e-02
T1   -1.02313e+00   2.79320e-02   1.04656e-01   1.05497e-01  -1.03254e-01  -4.60879e-04   9.56249e-02  -8.72781e-02   2.42967e-02   6.15381e-02   6.59588e-02   2.21334e-02   3.23343e-01   2.78554e-02   2.78093e-02   2.14448e-02   5.84591e-02   7.16142e-02  -8.90779e-03   2.39216e-02   3.00449e-02
T2   -8.05871e-01   7.53945e-02   1.05497e-01  -9.44960e-02   3.90703e-02   9.53860e-03   4.94943e-02   1.22538e-01  -5.05204e-03   3.40689e-02   2.31477e-02   8.43757e-02   5.85427e-02   1.13346e-02   8.82622e-03   5.40639e-02  -8.47986e-03   3.86328e-03  -3.25257e-03  -3.50909e-02   6.48655e-02
T3   -1.38869e+00   5.78440e-02  -1.03254e-01   3.90703e-02   1.37198e-01   5.54642e-02   1.08937e-01   2.22793e-01   6.56735e-03  -3.26332e-02   6.70742e-02   8.35177e-02  -3.13973e-02   5.50614e-02   5.24498e-02   5.99690e-02   5.35497e-02   4.85896e-02  -3.48287e-03  -1.04340e-02   6.94089e-02
T4    2.40638e+00  -1.50043e-02  -4.60879e-04   9.53860e-03   5.54642e-02  -6.52418e-01  -7.83352e-03   6.67362e-02  -2.40833e-02  -7.57919e-02  -7.87388e-02  -7.56729e-02   3.01049e-02  -1.23363e-01  -1.18212e-01  -3.55672e-02  -5.62013e-02  -1.92405e-02  -1.05975e-01  -6.85358e-02  -8.26319e-02
T5   -8.46129e-01   3.46435e-02   9.56249e-02   4.94943e-02   1.08937e-01  -7.83352e-03  -2.59022e-04   1.60926e-01   5.48448e-02   5.73602e-02   3.19745e-02   7.41780e-03   1.63597e-01  -1.72797e-03   4.00359e-03   4.44369e-02   3.73366e-02   3.44342e-02  -4.54232e-02  -1.02111e-02   4.06353e-02
T6   -1.77134e+00   7.92249e-02  -8.72781e-02   1.22538e-01   2.22793e-01   6.67362e-02   1.60926e-01   1.90197e-01   8.77637e-02   1.18564e-02   3.35777e-02   4.42357e-02  -2.47687e-02   4.97849e-02   2.80214e-02   1.14412e-01   1.12051e-01   1.09002e-01   1.41517e-02  -4.83294e-03   4.88572e-02
T7   -7.54641e-01  -2.43076e-02   2.42967e-02  -5.05204e-03   6.56735e-03  -2.40833e-02   5.48448e-02   8.77637e-02  -8.85828e-02  -2.09287e-02   2.95678e-02   4.93601e-02   8.92005e-02  -1.06110e-02   1.74123e-02  -1.16697e-02  -1.46434e-02  -1.18260e-02  -7.12231e-03   8.42932e-03   1.22630e-03
T8    3.59386e-01   2.53221e-02   6.15381e-02   3.40689e-02  -3.26332e-02  -7.57919e-02   5.73602e-02   1.18564e-02  -2.09287e-02  -1.93773e-01   3.05388e-02   1.99119e-02   1.74968e-01  -3.28356e-02  -2.78251e-02   7.19830e-03  -7.17147e-03   8.31123e-03  -7.53138e-02  -3.54436e-02   2.14419e-02
T9    9.66460e-01  -4.83861e-02   6.59588e-02   2.31477e-02   6.70742e-02  -7.87388e-02   3.19745e-02   3.35777e-02   2.95678e-02   3.05388e-02  -2.35376e-01  -1.52723e-01  -3.01938e-03  -1.01823e-01  -1.52973e-01   5.41149e-02  -2.38832e-04  -3.12488e-02  -4.90294e-02  -8.21582e-02  -1.50926e-01
T10    2.08589e-01  -6.93409e-02   2.21334e-02   8.43757e-02   8.35177e-02  -7.56729e-02   7.41780e-03   4.42357e-02   4.93601e-02   1.99119e-02  -1.52723e-01  -1.91887e-01   6.12074e-02  -7.79170e-02  -1.37661e-01   3.31538e-02   1.52038e-02  -1.15618e-03  -8.42318e-02  -5.22948e-02  -1.28667e-01
T11   -1.66972e+00   1.12562e-01   3.23343e-01   5.85427e-02  -3.13973e-02   3.01049e-02   1.63597e-01  -2.47687e-02   8.92005e-02   1.74968e-01  -3.01938e-03   6.12074e-02   1.25351e-01   5.40378e-02   2.06982e-02   1.43351e-01   9.06403e-02   1.01012e-01   7.83687e-02  -9.23229e-03   3.96199e-02
T12    1.78095e+00  -4.48919e-02   2.78554e-02   1.13346e-02   5.50614e-02  -1.23363e-01  -1.72797e-03   4.97849e-02  -1.06110e-02  -3.28356e-02  -1.01823e-01  -7.79170e-02   5.40378e-02  -3.60465e-01  -1.25379e-01   4.76773e-03   4.04269e-04  -1.12484e-02  -8.81875e-02  -6.91921e-02  -7.51296e-02
T13    1.34848e+00  -3.51850e-02   2.78093e-02   8.82622e-03   5.24498e-02  -1.18212e-01   4.00359e-03   2.80214e-02   1.74123e-02  -2.78251e-02  -1.52973e-01  -1.37661e-01   2.06982e-02  -1.25379e-01  -2.11149e-01   1.37186e-02  -2.45922e-02  -2.76165e-02  -1.43181e-01  -1.23337e-01  -1.14518e-01
T14   -7.07262e-01   1.96149e-02   2.14448e-02   5.40639e-02   5.99690e-02  -3.55672e-02   4.44369e-02   1.14412e-01  -1.16697e-02   7.19830e-03   5.41149e-02   3.31538e-02   1.43351e-01   4.76773e-03   1.37186e-02  -6.52975e-02   4.67226e-02   3.69830e-02  -8.50235e-02  -4.71611e-02   1.96603e-02
T15   -7.42903e-01   3.35740e-02   5.84591e-02  -8.47986e-03   5.35497e-02  -5.62013e-02   3.73366e-02   1.12051e-01  -1.46434e-02  -7.17147e-03  -2.38832e-04   1.52038e-02   9.06403e-02   4.04269e-04  -2.45922e-02   4.67226e-02  -4.18450e-02  -7.00835e-03  -2.41428e-02  -1.67965e-02   1.15726e-02
T16   -4.56607e-01   4.79439e-03   7.16142e-02   3.86328e-03   4.85896e-02  -1.92405e-02   3.44342e-02   1.09002e-01  -1.18260e-02   8.31123e-03  -3.12488e-02  -1.15618e-03   1.01012e-01  -1.12484e-02  -2.76165e-02   3.69830e-02  -7.00835e-03  -5.01142e-02  -1.88527e-02  -2.53577e-02  -4.14077e-02
T17    2.10421e+00  -3.16896e-02  -8.90779e-03  -3.25257e-03  -3.48287e-03  -1.05975e-01  -4.54232e-02   1.41517e-02  -7.12231e-03  -7.53138e-02  -4.90294e-02  -8.42318e-02   7.83687e-02  -8.81875e-02  -1.43181e-01  -8.50235e-02  -2.41428e-02  -1.88527e-02  -2.97394e-01  -1.17324e-01  -5.53062e-02
T18    9.36704e-01  -1.01965e-04   2.39216e-02  -3.50909e-02  -1.04340e-02  -6.85358e-02  -1.02111e-02  -4.83294e-03   8.42932e-03  -3.54436e-02  -8.21582e-02  -5.22948e-02  -9.23229e-03  -6.91921e-02  -1.23337e-01  -4.71611e-02  -1.67965e-02  -2.53577e-02  -1.17324e-01  -1.09045e-01  -5.11673e-02
T19    5.37939e-01  -6.97979e-02   3.00449e-02   6.48655e-02   6.94089e-02  -8.26319e-02   4.06353e-02   4.88572e-02   1.22630e-03   2.14419e-02  -1.50926e-01  -1.28667e-01   3.96199e-02  -7.51296e-02  -1.14518e-01   1.96603e-02   1.15726e-02  -4.14077e-02  -5.53062e-02  -5.11673e-02  -1.78333e-01
