T0   -8.11820e-01  -1.16430e-01   1.53712e-01   2.06764e-01   2.80829e-01  -9.44338e-02   1.94267e-01   3.50578e-01  -4.65308e-02   1.12389e-01  -1.35868e-01  -1.32271e-01   3.65559e-01  -8.77739e-02  -1.43256e-01   8.77987e-02   1.09447e-01   3.89368e-02  -1.16694e-01  -4.55977e-02  -1.74053e-01
T1   -5.93886e-01   1.53712e-01   3.73872e-01   1.60891e-01  -3.76968e-01   2.24062e-02   1.84414e-01  -3.28026e-01   5.67505e-03   1.71535e-01   1.48487e-01   9.87496e-02   7.31255e-01   1.34793e-01   3.94217e-02   5.29796e-02   9.04325e-02   8.88044e-02  -1.26758e-01  -2.88423e-02   8.01683e-02
T2   -5.55851e-01   2.06764e-01   1.60891e-01  -2.06436e-01   2.48849e-02   3.18757e-02   7.95663e-02   2.20374e-01  -7.57606e-02   5.20186e-02   1.95794e-01   3.31882e-01   1.26696e-01   1.44353e-01   1.21795e-01   5.41164e-02  -4.69577e-02  -1.84271e-02   4.04827e-02   1.62268e-03   1.96441e-01
T3   -1.07474e+00   2.80829e-01  -3.76968e-01   2.48849e-02   4.15650e-01   1.83955e-01   2.61081e-01   6.93096e-01   3.69355e-03  -1.93953e-01   3.42771e-01   4.50778e-01  -2.40264e-01   3.10721e-01   2.94276e-01   1.51529e-01   3.10430e-02   7.84912e-02   7.92535e-02   1.02787e-02   2.73703e-01
T4    2.04915e+00  -9.44338e-02   2.24062e-02   3.18757e-02   1.83955e-01  -1.44094e+00   5.05646e-02   2.22673e-01  -1.05568e-01  -1.75914e-01  -2.40518e-01  -2.17340e-01   1.18951e-01  -2.71217e-01  -3.61571e-01  -1.16362e-01  -7.07634e-02  -4.65838e-02  -3.72952e-01  -2.31947e-01  -2.54220e-01
T5   -5.60459e-01   1.94267e-01   1.84414e-01   7.95663e-02   2.61081e-01   5.05646e-02   1.26208e-01   3.87935e-01   6.12569e-02   1.24056e-01   1.27112e-01   1.74737e-01   3.19491e-01   1.17388e-01   7.29689e-02   7.83273e-02   6.54026e-02   3.95406e-02  -8.66673e-02   9.28960e-03   9.55893e-02
T6   -1.33916e+00   3.50578e-01  -3.28026e-01   2.20374e-01   6.93096e-01   2.22673e-01   3.87935e-01   7.49595e-01   1.87504e-01  -6.31598e-02   2.39289e-01   3.66407e-01  -2.08692e-01   3.08991e-01   2.27679e-01   2.54978e-01   1.60079e-01   1.69285e-01   6.93327e-02   2.88651e-02   1.87822e-01
T7   -6.85503e-01  -4.65308e-02   5.67505e-03  -7.57606e-02   3.69355e-03  -1.05568e-01   6.12569e-02   1.87504e-01  -1.96446e-01  -3.13986e-02   1.11585e-01   1.60030e-01   1.21434e-01  -7.61937e-03   2.22820e-02  -3.67139e-02  -7.44650e-02  -2.80502e-02  -3.59352e-02  -5.74146e-03   5.07355e-02
T8    4.83908e-01   1.12389e-01   1.71535e-01   5.20186e-02  -1.93953e-01  -1.75914e-01   1.24056e-01  -6.31598e-02  -3.13986e-02  -3.34019e-01   4.52861e-02   7.30817e-02   4.05185e-01  -5.50023e-02  -7.67523e-02  -1.25673e-02  -6.12267e-02  -2.71425e-02  -2.24171e-01  -1.62678e-01   2.09873e-02
T9    5.07598e-01  -1.35868e-01   1.48487e-01   1.95794e-01   3.42771e-01  -2.40518e-01   1.27112e-01   2.39289e-01   1.11585e-01   4.52861e-02  -5.91857e-01  -4.47717e-01   1.40698e-01  -3.04095e-01  -4.63318e-01   1.30917e-01   9.97783e-02  -6.69082e-02  -2.85498e-01  -3.45111e-01  -4.56170e-01
T10   -3.04094e-01  -1.32271e-01   9.87496e-02   3.31882e-01   4.50778e-01  -2.17340e-01   1.74737e-01   3.66407e-01   1.60030e-01   7.30817e-02  -4.47717e-01  -4.63846e-01   2.82133e-01  -2.38579e-01  -4.33322e-01   9.88309e-02   1.63308e-01   5.04604e-02  -3.40077e-01  -2.85314e-01  -3.94258e-01
T11   -1.12680e+00   3.65559e-01   7.31255e-01   1.26696e-01  -2.40264e-01   1.18951e-01   3.19491e-01  -2.08692e-01   1.21434e-01   4.05185e-01   1.40698e-01   2.82133e-01   5.77743e-01   2.72779e-01   1.60177e-01   3.45910e-01   1.57413e-01   1.42278e-01   1.17678e-01  -1.31909e-02   1.41050e-01
T12    1.28891e+00  -8.77739e-02   1.34793e-01   1.44353e-01   3.10721e-01  -2.71217e-01   1.17388e-01   3.08991e-01  -7.61937e-03  -5.50023e-02  -3.04095e-01  -2.38579e-01   2.72779e-01  -5.95078e-01  -4.21323e-01   4.40147e-03   7.28434e-02   1.49900e-02  -3.79212e-01  -2.78361e-01  -2.50107e-01
T13    1.02185e+00  -1.43256e-01   3.94217e-02   1.21795e-01   2.94276e-01  -3.61571e-01   7.29689e-02   2.27679e-01   2.22820e-02  -7.67523e-02  -4.63318e-01  -4.33322e-01   1.60177e-01  -4.21323e-01  -6.25297e-01  -5.49192e-02   4.55425e-03  -5.19970e-02  -4.95252e-01  -4.32224e-01  -3.80290e-01
T14   -4.23687e-01   8.77987e-02   5.29796e-02   5.41164e-02   1.51529e-01  -1.16362e-01   7.83273e-02   2.54978e-01  -3.67139e-02  -1.25673e-02   1.30917e-01   9.88309e-02   3.45910e-01   4.40147e-03  -5.49192e-02  -6.66349e-02   7.55307e-02   5.29113e-02  -3.42057e-01  -2.17160e-01   6.06961e-02
T15   -6.75902e-01   1.09447e-01   9.04325e-02  -4.69577e-02   3.10430e-02  -7.07634e-02   6.54026e-02   1.60079e-01  -7.44650e-02  -6.12267e-02   9.97783e-02   1.63308e-01   1.57413e-01   7.28434e-02   4.55425e-03   7.55307e-02  -7.73604e-02  -2.36287e-02  -3.28147e-02   1.66541e-04   5.61178e-02
T16   -3.95215e-01   3.89368e-02   8.88044e-02  -1.84271e-02   7.84912e-02  -4.65838e-02   3.95406e-02   1.69285e-01  -2.80502e-02  -2.71425e-02  -6.69082e-02   5.04604e-02   1.42278e-01   1.49900e-02  -5.19970e-02   5.29113e-02  -2.36287e-02  -1.11905e-01  -3.79490e-02  -4.87328e-02  -1.08325e-01
T17    2.01862e+00  -1.16694e-01  -1.26758e-01   4.04827e-02   7.92535e-02  -3.72952e-01  -8.66673e-02   6.93327e-02  -3.59352e-02  -2.24171e-01  -2.85498e-01  -3.40077e-01   1.17678e-01  -3.79212e-01  -4.95252e-01  -3.42057e-01  -3.28147e-02  -3.79490e-02  -6.33961e-01  -3.80416e-01  -2.50634e-01
T18    9.19005e-01  -4.55977e-02  -2.88423e-02   1.62268e-03   1.02787e-02  -2.31947e-01   9.28960e-03   2.88651e-02  -5.74146e-03  -1.62678e-01  -3.45111e-01  -2.85314e-01  -1.31909e-02  -2.78361e-01  -4.32224e-01  -2.17160e-01   1.66541e-04  -4.87328e-02  -3.80416e-01  -3.29864e-01  -2.63225e-01
T19    2.58060e-01  -1.74053e-01   8.01683e-02   1.96441e-01   2.73703e-01  -2.54220e-01   9.55893e-02   1.87822e-01   5.07355e-02   2.09873e-02  -4.56170e-01  -3.94258e-01   1.41050e-01  -2.50107e-01  -3.80290e-01   6.06961e-02   5.61178e-02  -1.08325e-01  -2.50634e-01  -2.63225e-01  -4.95092e-01
