T0   -4.04588e-01  -6.28038e-02   7.37891e-03   3.12706e-02   9.49832e-03   5.95141e-03   7.57835e-03   2.20558e-02  -1.74797e-02   1.10181e-02  -6.46556e-03  -2.27479e-02   4.73990e-02  -1.16910e-02   1.78468e-03   6.98471e-03   1.28432e-02  -1.65511e-03  -6.65464e-04   1.40187e-02  -2.57097e-02
T1   -1.01189e+00   7.37891e-03   3.54377e-02   7.13653e-02  -2.88918e-02  -2.88221e-03   6.30238e-02  -2.16339e-02   1.68321e-02   3.47833e-02   1.61855e-02  -1.39076e-02   1.74488e-01  -1.06729e-02  -7.03992e-03   5.62064e-03   3.76065e-02   4.55188e-02  -2.14397e-02   8.40651e-03   1.10728e-03
T2   -7.03462e-01   3.12706e-02   7.13653e-02  -6.41211e-02   1.85403e-02   1.23808e-02   2.05069e-02   6.57894e-02  -2.65474e-03   2.84825e-02  -6.61846e-03   3.01289e-02   2.98440e-02  -4.68746e-03  -8.06931e-04   3.30814e-02  -1.07041e-02  -8.48341e-04  -2.99949e-03  -2.63828e-02   2.53981e-02
T3   -1.27147e+00   9.49832e-03  -2.88918e-02   1.85403e-02   4.59916e-02   3.47025e-02   5.21548e-02   9.97248e-02   3.32989e-03   5.84910e-04   1.35140e-02   2.42777e-02   3.71665e-05   8.35707e-03   1.56309e-02   3.07842e-02   2.90968e-02   2.06710e-02  -1.37853e-02  -6.05568e-03   1.91235e-02
T4    2.20247e+00   5.95141e-03  -2.88221e-03   1.23808e-02   3.47025e-02  -3.91113e-01  -4.68260e-03   3.57524e-02  -1.08992e-03  -5.62760e-02  -2.66712e-02  -2.36423e-02   9.97735e-03  -4.97267e-02  -4.28902e-02  -7.10649e-03  -2.67852e-02  -5.06515e-04  -4.37339e-02  -1.56831e-02  -2.81291e-02
T5   -7.84085e-01   7.57835e-03   6.30238e-02   2.05069e-02   5.21548e-02  -4.68260e-03  -3.40061e-02   8.27044e-02   3.20581e-02   2.87246e-02   3.90116e-03  -1.42944e-02   9.69261e-02  -8.60451e-03  -5.40935e-03   2.20503e-02   1.57381e-02   1.87598e-02  -2.77161e-02  -5.20504e-03   1.39697e-02
T6   -1.70044e+00   2.20558e-02  -2.16339e-02   6.57894e-02   9.97248e-02   3.57524e-02   8.27044e-02   7.07411e-02   3.99178e-02   1.56019e-02  -8.21388e-03  -2.69534e-03   4.21769e-03   5.26935e-03   7.74366e-04   5.24154e-02   5.87192e-02   5.40543e-02   2.64031e-03   2.97279e-04   1.07147e-02
T7   -6.44952e-01  -1.74797e-02   1.68321e-02  -2.65474e-03   3.32989e-03  -1.08992e-03   3.20581e-02   3.99178e-02  -5.41521e-02  -8.62668e-03   1.02980e-02   2.33093e-02   5.36865e-02  -8.82696e-03   1.03169e-02  -8.38390e-03  -4.00575e-03  -7.94121e-03  -4.79747e-03   4.41609e-03  -5.51237e-03
T8    4.28792e-01   1.10181e-02   3.47833e-02   2.84825e-02   5.84910e-04  -5.62760e-02   2.87246e-02   1.56019e-02  -8.62668e-03  -1.07913e-01   4.72651e-03  -2.76809e-03   1.02981e-01  -3.17310e-02  -2.63236e-02  -1.64298e-03   5.81385e-03   1.06700e-02  -4.71800e-02  -2.31512e-02   6.38937e-03
T9    8.94978e-01  -6.46556e-03   1.61855e-02  -6.61846e-03   1.35140e-02  -2.66712e-02   3.90116e-03  -8.21388e-03   1.02980e-02   4.72651e-03  -1.05208e-01  -4.78577e-02  -3.19447e-02  -2.65518e-02  -4.93799e-02   2.67625e-02  -6.81250e-03  -1.36732e-02   9.69991e-03  -2.16760e-02  -5.27723e-02
T10    1.38948e-01  -2.27479e-02  -1.39076e-02   3.01289e-02   2.42777e-02  -2.36423e-02  -1.42944e-02  -2.69534e-03   2.33093e-02  -2.76809e-03  -4.78577e-02  -7.78957e-02   9.29862e-03  -1.42880e-02  -4.26747e-02   1.15393e-02  -1.11918e-03   4.66899e-05  -1.54996e-02  -5.30319e-03  -4.26856e-02
T11   -1.66860e+00   4.73990e-02   1.74488e-01   2.98440e-02   3.71665e-05   9.97735e-03   9.69261e-02   4.21769e-03   5.36865e-02   1.02981e-01  -3.19447e-02   9.29862e-03   3.20542e-02  -2.01543e-03  -9.87198e-03   7.16744e-02   4.89050e-02   5.24107e-02   3.03479e-02  -9.44723e-03   3.51866e-03
T12    1.80109e+00  -1.16910e-02  -1.06729e-02  -4.68746e-03   8.35707e-03  -4.97267e-02  -8.60451e-03   5.26935e-03  -8.82696e-03  -3.17310e-02  -2.65518e-02  -1.42880e-02  -2.01543e-03  -2.34041e-01  -3.39302e-02  -6.25113e-03  -2.16270e-03  -2.37158e-03  -1.65416e-02  -1.05822e-02  -1.16049e-02
T13    1.20271e+00   1.78468e-03  -7.03992e-03  -8.06931e-04   1.56309e-02  -4.28902e-02  -5.40935e-03   7.74366e-04   1.03169e-02  -2.63236e-02  -4.93799e-02  -4.26747e-02  -9.87198e-03  -3.39302e-02  -9.18762e-02   4.87188e-04  -1.45358e-02  -1.10903e-02  -5.08880e-02  -5.09602e-02  -3.57761e-02
T14   -6.79178e-01   6.98471e-03   5.62064e-03   3.30814e-02   3.07842e-02  -7.10649e-03   2.20503e-02   5.24154e-02  -8.38390e-03  -1.64298e-03   2.67625e-02   1.15393e-02   7.16744e-02  -6.25113e-03   4.87188e-04  -4.33410e-02   3.03756e-02   1.70805e-02  -4.37494e-02  -1.89665e-02   6.90150e-03
T15   -6.23385e-01   1.28432e-02   3.76065e-02  -1.07041e-02   2.90968e-02  -2.67852e-02   1.57381e-02   5.87192e-02  -4.00575e-03   5.81385e-03  -6.81250e-03  -1.11918e-03   4.89050e-02  -2.16270e-03  -1.45358e-02   3.03756e-02  -3.78893e-02  -1.01291e-02  -1.01520e-02  -9.61879e-03  -9.24343e-05
T16   -3.73119e-01  -1.65511e-03   4.55188e-02  -8.48341e-04   2.06710e-02  -5.06515e-04   1.87598e-02   5.40543e-02  -7.94121e-03   1.06700e-02  -1.36732e-02   4.66899e-05   5.24107e-02  -2.37158e-03  -1.10903e-02   1.70805e-02  -1.01291e-02  -4.29657e-02  -7.38743e-03  -9.88547e-03  -2.17657e-02
T17    1.94618e+00  -6.65464e-04  -2.14397e-02  -2.99949e-03  -1.37853e-02  -4.37339e-02  -2.77161e-02   2.64031e-03  -4.79747e-03  -4.71800e-02   9.69991e-03  -1.54996e-02   3.03479e-02  -1.65416e-02  -5.08880e-02  -4.37494e-02  -1.01520e-02  -7.38743e-03  -1.80900e-01  -5.64182e-02  -8.05029e-04
T18    7.87711e-01   1.40187e-02   8.40651e-03  -2.63828e-02  -6.05568e-03  -1.56831e-02  -5.20504e-03   2.97279e-04   4.41609e-03  -2.31512e-02  -2.16760e-02  -5.30319e-03  -9.44723e-03  -1.05822e-02  -5.09602e-02  -1.89665e-02  -9.61879e-03  -9.88547e-03  -5.64182e-02  -6.76171e-02  -3.15034e-03
T19    4.62295e-01  -2.57097e-02   1.10728e-03   2.53981e-02   1.91235e-02  -2.81291e-02   1.39697e-02   1.07147e-02  -5.51237e-03   6.38937e-03  -5.27723e-02  -4.26856e-02   3.51866e-03  -1.16049e-02  -3.57761e-02   6.90150e-03  -9.24343e-05  -2.17657e-02  -8.05029e-04  -3.15034e-03  -7.82497e-02
