T0   -8.17092e-01  -1.13919e-01   1.62897e-01   2.22124e-01   2.99839e-01  -9.53634e-02   2.06826e-01   3.68318e-01  -3.38803e-02   1.13260e-01  -1.45064e-01  -1.40320e-01   3.77740e-01  -8.89681e-02  -1.48950e-01   8.98056e-02   1.23791e-01   3.99149e-02  -1.20994e-01  -5.29171e-02  -1.86050e-01
T1   -5.90752e-01   1.62897e-01   3.86782e-01   1.64118e-01  -3.77794e-01   2.42180e-02   1.86806e-01  -3.29171e-01   5.70997e-03   1.76827e-01   1.47100e-01   9.97739e-02   7.49629e-01   1.39915e-01   3.85578e-02   6.07223e-02   9.54640e-02   9.23542e-02  -1.32898e-01  -3.22335e-02   7.74011e-02
T2   -5.45285e-01   2.22124e-01   1.64118e-01  -2.10822e-01   2.76922e-02   2.91730e-02   8.39948e-02   2.26592e-01  -7.72403e-02   5.16770e-02   1.93174e-01   3.34777e-01   1.32079e-01   1.45744e-01   1.22754e-01   5.33938e-02  -4.78387e-02  -2.10825e-02   4.34673e-02   3.12944e-03   1.93738e-01
T3   -1.06469e+00   2.99839e-01  -3.77794e-01   2.76922e-02   4.29270e-01   1.89314e-01   2.67736e-01   7.13116e-01   9.68868e-03  -2.01823e-01   3.44302e-01   4.54809e-01  -2.42974e-01   3.15373e-01   3.01663e-01   1.56938e-01   3.38195e-02   7.88335e-02   8.10085e-02   1.55646e-02   2.72185e-01
T4    2.04053e+00  -9.53634e-02   2.42180e-02   2.91730e-02   1.89314e-01  -1.46974e+00   4.74701e-02   2.26236e-01  -1.02572e-01  -1.82511e-01  -2.49809e-01  -2.23267e-01   1.19075e-01  -2.76695e-01  -3.70022e-01  -1.20635e-01  -7.17467e-02  -4.95877e-02  -3.84607e-01  -2.38627e-01  -2.61548e-01
T5   -5.46440e-01   2.06826e-01   1.86806e-01   8.39948e-02   2.67736e-01   4.74701e-02   1.27848e-01   3.94378e-01   6.72643e-02   1.32144e-01   1.23514e-01   1.74851e-01   3.26741e-01   1.16079e-01   6.93518e-02   8.15939e-02   6.74833e-02   3.73874e-02  -8.67587e-02   1.11454e-02   9.28678e-02
T6   -1.32163e+00   3.68318e-01  -3.29171e-01   2.26592e-01   7.13116e-01   2.26236e-01   3.94378e-01   7.76554e-01   1.92327e-01  -6.47116e-02   2.36627e-01   3.68980e-01  -2.11450e-01   3.12538e-01   2.28479e-01   2.61757e-01   1.63268e-01   1.69920e-01   7.87897e-02   3.84800e-02   1.84982e-01
T7   -6.98770e-01  -3.38803e-02   5.70997e-03  -7.72403e-02   9.68868e-03  -1.02572e-01   6.72643e-02   1.92327e-01  -1.96703e-01  -2.85232e-02   1.16822e-01   1.67002e-01   1.26281e-01  -6.20016e-03   2.11035e-02  -3.53268e-02  -7.36399e-02  -2.82083e-02  -3.98964e-02  -5.54724e-03   5.30039e-02
T8    4.89401e-01   1.13260e-01   1.76827e-01   5.16770e-02  -2.01823e-01  -1.82511e-01   1.32144e-01  -6.47116e-02  -2.85232e-02  -3.43829e-01   4.06944e-02   7.23538e-02   4.16559e-01  -5.58469e-02  -8.20227e-02  -1.28861e-02  -6.29268e-02  -3.11089e-02  -2.22964e-01  -1.60830e-01   1.44436e-02
T9    5.07156e-01  -1.45064e-01   1.47100e-01   1.93174e-01   3.44302e-01  -2.49809e-01   1.23514e-01   2.36627e-01   1.16822e-01   4.06944e-02  -6.01500e-01  -4.54907e-01   1.40669e-01  -3.12249e-01  -4.70883e-01   1.25837e-01   9.73790e-02  -7.21468e-02  -2.84890e-01  -3.54435e-01  -4.70915e-01
T10   -3.10118e-01  -1.40320e-01   9.97739e-02   3.34777e-01   4.54809e-01  -2.23267e-01   1.74851e-01   3.68980e-01   1.67002e-01   7.23538e-02  -4.54907e-01  -4.68871e-01   2.82352e-01  -2.43019e-01  -4.39518e-01   9.66500e-02   1.64390e-01   4.69471e-02  -3.42143e-01  -2.93048e-01  -4.02487e-01
T11   -1.10897e+00   3.77740e-01   7.49629e-01   1.32079e-01  -2.42974e-01   1.19075e-01   3.26741e-01  -2.11450e-01   1.26281e-01   4.16559e-01   1.40669e-01   2.82352e-01   5.95967e-01   2.81610e-01   1.61531e-01   3.54759e-01   1.63841e-01   1.41969e-01   1.20347e-01  -1.30570e-02   1.37795e-01
T12    1.28173e+00  -8.89681e-02   1.39915e-01   1.45744e-01   3.15373e-01  -2.76695e-01   1.16079e-01   3.12538e-01  -6.20016e-03  -5.58469e-02  -3.12249e-01  -2.43019e-01   2.81610e-01  -5.99631e-01  -4.29551e-01   6.62441e-03   7.24026e-02   1.62728e-02  -3.87197e-01  -2.87965e-01  -2.57691e-01
T13    1.00276e+00  -1.48950e-01   3.85578e-02   1.22754e-01   3.01663e-01  -3.70022e-01   6.93518e-02   2.28479e-01   2.11035e-02  -8.20227e-02  -4.70883e-01  -4.39518e-01   1.61531e-01  -4.29551e-01  -6.34685e-01  -5.81367e-02   3.45021e-03  -5.11404e-02  -5.01917e-01  -4.42491e-01  -3.87942e-01
T14   -4.14225e-01   8.98056e-02   6.07223e-02   5.33938e-02   1.56938e-01  -1.20635e-01   8.15939e-02   2.61757e-01  -3.53268e-02  -1.28861e-02   1.25837e-01   9.66500e-02   3.54759e-01   6.62441e-03  -5.81367e-02  -7.31649e-02   8.00005e-02   5.52480e-02  -3.49609e-01  -2.24505e-01   5.57235e-02
T15   -6.74895e-01   1.23791e-01   9.54640e-02  -4.78387e-02   3.38195e-02  -7.17467e-02   6.74833e-02   1.63268e-01  -7.36399e-02  -6.29268e-02   9.73790e-02   1.64390e-01   1.63841e-01   7.24026e-02   3.45021e-03   8.00005e-02  -7.53324e-02  -2.33045e-02  -3.42835e-02  -1.16322e-03   5.20430e-02
T16   -3.86046e-01   3.99149e-02   9.23542e-02  -2.10825e-02   7.88335e-02  -4.95877e-02   3.73874e-02   1.69920e-01  -2.82083e-02  -3.11089e-02  -7.21468e-02   4.69471e-02   1.41969e-01   1.62728e-02  -5.11404e-02   5.52480e-02  -2.33045e-02  -1.18618e-01  -3.51290e-02  -5.13233e-02  -1.17083e-01
T17    1.98161e+00  -1.20994e-01  -1.32898e-01   4.34673e-02   8.10085e-02  -3.84607e-01  -8.67587e-02   7.87897e-02  -3.98964e-02  -2.22964e-01  -2.84890e-01  -3.42143e-01   1.20347e-01  -3.87197e-01  -5.01917e-01  -3.49609e-01  -3.42835e-02  -3.51290e-02  -6.33405e-01  -3.80297e-01  -2.52048e-01
T18    9.06667e-01  -5.29171e-02  -3.22335e-02   3.12944e-03   1.55646e-02  -2.38627e-01   1.11454e-02   3.84800e-02  -5.54724e-03  -1.60830e-01  -3.54435e-01  -2.93048e-01  -1.30570e-02  -2.87965e-01  -4.42491e-01  -2.24505e-01  -1.16322e-03  -5.13233e-02  -3.80297e-01  -3.32855e-01  -2.72876e-01
T19    2.69071e-01  -1.86050e-01   7.74011e-02   1.93738e-01   2.72185e-01  -2.61548e-01   9.28678e-02   1.84982e-01   5.30039e-02   1.44436e-02  -4.70915e-01  -4.02487e-01   1.37795e-01  -2.57691e-01  -3.87942e-01   5.57235e-02   5.20430e-02  -1.17083e-01  -2.52048e-01  -2.72876e-01  -5.09946e-01
