T0   -3.88208e-01  -6.94165e-02   9.68064e-03   3.51833e-02   1.18916e-02   2.76791e-03   9.24762e-03   2.62821e-02  -1.82674e-02   1.25730e-02  -1.08899e-02  -2.85670e-02   5.43748e-02  -1.57541e-02  -9.81890e-04   7.54344e-03   1.37919e-02  -2.30590e-03  -2.04152e-03   1.42754e-02  -3.13750e-02
T1   -1.03377e+00   9.68064e-03   4.18510e-02   7.83180e-02  -3.41461e-02  -2.23168e-03   6.81475e-02  -2.61188e-02   1.75124e-02   3.78602e-02   2.20060e-02  -1.14450e-02   1.93921e-01  -8.32264e-03  -7.79088e-03   6.62879e-03   4.37783e-02   5.17954e-02  -2.15119e-02   6.31230e-03   5.63285e-03
T2   -7.29402e-01   3.51833e-02   7.83180e-02  -6.84968e-02   1.98611e-02   9.55360e-03   2.33143e-02   7.47143e-02  -2.34157e-03   3.29261e-02  -5.49824e-03   3.59863e-02   3.56625e-02  -3.10892e-03   2.67329e-04   3.28717e-02  -1.14782e-02  -2.31739e-03   3.19902e-04  -2.62778e-02   3.02809e-02
T3   -1.29401e+00   1.18916e-02  -3.41461e-02   1.98611e-02   5.42423e-02   3.80431e-02   5.93741e-02   1.13625e-01   3.09175e-03  -4.94772e-04   1.75233e-02   2.97379e-02  -5.05940e-04   1.13003e-02   2.08709e-02   3.18520e-02   2.97689e-02   2.18251e-02  -1.03322e-02  -2.22743e-03   2.46574e-02
T4    2.24969e+00   2.76791e-03  -2.23168e-03   9.55360e-03   3.80431e-02  -4.25256e-01  -4.88880e-03   3.93867e-02  -3.69738e-03  -5.79690e-02  -3.14847e-02  -2.93283e-02   1.24678e-02  -5.81776e-02  -4.96510e-02  -9.94934e-03  -3.04401e-02  -2.27273e-03  -5.25660e-02  -1.95344e-02  -3.44631e-02
T5   -8.12623e-01   9.24762e-03   6.81475e-02   2.33143e-02   5.93741e-02  -4.88880e-03  -2.81562e-02   9.32018e-02   3.48282e-02   3.29684e-02   7.24365e-03  -1.26102e-02   1.09233e-01  -8.51796e-03  -5.21282e-03   2.26817e-02   1.72134e-02   2.16749e-02  -3.01838e-02  -5.06150e-03   1.74758e-02
T6   -1.73472e+00   2.62821e-02  -2.61188e-02   7.47143e-02   1.13625e-01   3.93867e-02   9.32018e-02   8.66339e-02   4.41933e-02   1.81971e-02  -5.06766e-03   2.00323e-03   4.95120e-03   9.71151e-03   5.36628e-03   5.65032e-02   6.38544e-02   5.86128e-02   3.81806e-03   1.54170e-03   1.43485e-02
T7   -6.46836e-01  -1.82674e-02   1.75124e-02  -2.34157e-03   3.09175e-03  -3.69738e-03   3.48282e-02   4.41933e-02  -5.91848e-02  -1.30931e-02   1.16541e-02   2.46276e-02   5.87385e-02  -1.02589e-02   1.23417e-02  -9.43103e-03  -5.34531e-03  -9.44074e-03  -3.78635e-03   5.31552e-03  -5.51839e-03
T8    3.95696e-01   1.25730e-02   3.78602e-02   3.29261e-02  -4.94772e-04  -5.79690e-02   3.29684e-02   1.81971e-02  -1.30931e-02  -1.16342e-01   8.03238e-03   2.75779e-04   1.15164e-01  -3.31427e-02  -2.97078e-02  -3.79484e-05   6.36234e-03   1.21217e-02  -5.49231e-02  -2.76975e-02   8.89225e-03
T9    9.26932e-01  -1.08899e-02   2.20060e-02  -5.49824e-03   1.75233e-02  -3.14847e-02   7.24365e-03  -5.06766e-03   1.16541e-02   8.03238e-03  -1.21607e-01  -5.97344e-02  -2.99738e-02  -3.50641e-02  -6.07490e-02   3.15795e-02  -6.84350e-03  -1.57441e-02   5.85199e-03  -2.82345e-02  -6.44275e-02
T10    1.67285e-01  -2.85670e-02  -1.14450e-02   3.59863e-02   2.97379e-02  -2.93283e-02  -1.26102e-02   2.00323e-03   2.46276e-02   2.75779e-04  -5.97344e-02  -9.08689e-02   1.37574e-02  -1.95378e-02  -5.28056e-02   1.55459e-02  -3.00095e-04  -1.23366e-03  -2.25646e-02  -8.74075e-03  -5.28689e-02
T11   -1.70302e+00   5.43748e-02   1.93921e-01   3.56625e-02  -5.05940e-04   1.24678e-02   1.09233e-01   4.95120e-03   5.87385e-02   1.15164e-01  -2.99738e-02   1.37574e-02   4.54419e-02   3.39305e-03  -9.10793e-03   7.95705e-02   5.44459e-02   6.11912e-02   3.22913e-02  -1.19460e-02   7.29790e-03
T12    1.81292e+00  -1.57541e-02  -8.32264e-03  -3.10892e-03   1.13003e-02  -5.81776e-02  -8.51796e-03   9.71151e-03  -1.02589e-02  -3.31427e-02  -3.50641e-02  -1.95378e-02   3.39305e-03  -2.52370e-01  -4.42864e-02  -4.71436e-03  -2.25353e-03  -4.37549e-03  -2.13438e-02  -1.76155e-02  -1.81842e-02
T13    1.23000e+00  -9.81890e-04  -7.79088e-03   2.67329e-04   2.08709e-02  -4.96510e-02  -5.21282e-03   5.36628e-03   1.23417e-02  -2.97078e-02  -6.07490e-02  -5.28056e-02  -9.10793e-03  -4.42864e-02  -1.05150e-01   5.08856e-03  -1.44859e-02  -1.21379e-02  -6.41294e-02  -6.11928e-02  -4.54716e-02
T14   -6.83470e-01   7.54344e-03   6.62879e-03   3.28717e-02   3.18520e-02  -9.94934e-03   2.26817e-02   5.65032e-02  -9.43103e-03  -3.79484e-05   3.15795e-02   1.55459e-02   7.95705e-02  -4.71436e-03   5.08856e-03  -4.86388e-02   3.09129e-02   1.88321e-02  -4.77692e-02  -2.11760e-02   1.09754e-02
T15   -6.35092e-01   1.37919e-02   4.37783e-02  -1.14782e-02   2.97689e-02  -3.04401e-02   1.72134e-02   6.38544e-02  -5.34531e-03   6.36234e-03  -6.84350e-03  -3.00095e-04   5.44459e-02  -2.25353e-03  -1.44859e-02   3.09129e-02  -4.02180e-02  -1.09285e-02  -1.02979e-02  -8.18362e-03   9.88881e-04
T16   -3.82992e-01  -2.30590e-03   5.17954e-02  -2.31739e-03   2.18251e-02  -2.27273e-03   2.16749e-02   5.86128e-02  -9.44074e-03   1.21217e-02  -1.57441e-02  -1.23366e-03   6.11912e-02  -4.37549e-03  -1.21379e-02   1.88321e-02  -1.09285e-02  -4.28370e-02  -9.51302e-03  -9.23108e-03  -2.41379e-02
T17    1.97490e+00  -2.04152e-03  -2.15119e-02   3.19902e-04  -1.03322e-02  -5.25660e-02  -3.01838e-02   3.81806e-03  -3.78635e-03  -5.49231e-02   5.85199e-03  -2.25646e-02   3.22913e-02  -2.13438e-02  -6.41294e-02  -4.77692e-02  -1.02979e-02  -9.51302e-03  -1.98981e-01  -6.48952e-02  -7.13580e-03
T18    7.98855e-01   1.42754e-02   6.31230e-03  -2.62778e-02  -2.22743e-03  -1.95344e-02  -5.06150e-03   1.54170e-03   5.31552e-03  -2.76975e-02  -2.82345e-02  -8.74075e-03  -1.19460e-02  -1.76155e-02  -6.11928e-02  -2.11760e-02  -8.18362e-03  -9.23108e-03  -6.48952e-02  -7.68937e-02  -6.82284e-03
T19    4.87858e-01  -3.13750e-02   5.63285e-03   3.02809e-02   2.46574e-02  -3.44631e-02   1.74758e-02   1.43485e-02  -5.51839e-03   8.89225e-03  -6.44275e-02  -5.28689e-02   7.29790e-03  -1.81842e-02  -4.54716e-02   1.09754e-02   9.88881e-04  -2.41379e-02  -7.13580e-03  -6.82284e-03  -9.12091e-02
