T0   -4.33209e-01  -5.45008e-02   5.32875e-03   2.54826e-02   6.06823e-03   1.00394e-02   5.35722e-03   1.69548e-02  -1.50830e-02   7.69237e-03  -4.61575e-04  -1.59669e-02   3.87595e-02  -5.83666e-03   5.64079e-03   5.06558e-03   1.06012e-02  -1.22277e-03   2.50758e-03   1.41124e-02  -1.80374e-02
T1   -9.45057e-01   5.32875e-03   2.49649e-02   6.07642e-02  -2.20754e-02  -6.33144e-03   5.22356e-02  -1.73253e-02   1.38547e-02   2.84912e-02   1.08624e-02  -1.60470e-02   1.46341e-01  -1.43945e-02  -6.64243e-03   5.93572e-03   3.17565e-02   3.71980e-02  -1.73639e-02   6.62056e-03  -2.51902e-03
T2   -6.51738e-01   2.54826e-02   6.07642e-02  -5.95532e-02   1.72331e-02   9.32134e-03   1.41921e-02   5.41338e-02  -1.99300e-03   2.47816e-02  -7.67538e-03   2.57445e-02   2.32479e-02  -4.59679e-03  -1.84083e-03   3.11683e-02  -8.66796e-03  -1.79733e-03  -5.56638e-03  -2.53889e-02   1.97790e-02
T3   -1.21901e+00   6.06823e-03  -2.20754e-02   1.72331e-02   3.47377e-02   2.83164e-02   4.41509e-02   8.29771e-02   3.96122e-03   4.38148e-03   8.58371e-03   1.89891e-02   3.30705e-04   4.29172e-03   9.75780e-03   2.68343e-02   2.56220e-02   1.68517e-02  -1.50371e-02  -8.72728e-03   1.25936e-02
T4    2.12468e+00   1.00394e-02  -6.33144e-03   9.32134e-03   2.83164e-02  -3.47077e-01  -4.57159e-03   3.01053e-02   1.67109e-03  -5.04245e-02  -1.91437e-02  -1.59636e-02   8.21375e-03  -3.68754e-02  -2.91709e-02  -7.37782e-03  -2.28128e-02   7.01121e-04  -3.09726e-02  -1.05990e-02  -1.94628e-02
T5   -7.30334e-01   5.35722e-03   5.22356e-02   1.41921e-02   4.41509e-02  -4.57159e-03  -3.82467e-02   6.77037e-02   2.86132e-02   2.25269e-02   3.10122e-03  -1.34546e-02   8.01934e-02  -9.96802e-03  -5.66858e-03   2.10909e-02   1.34081e-02   1.40205e-02  -2.85542e-02  -4.84430e-03   1.08837e-02
T6   -1.63927e+00   1.69548e-02  -1.73253e-02   5.41338e-02   8.29771e-02   3.01053e-02   6.77037e-02   5.45299e-02   3.22382e-02   1.32886e-02  -8.74383e-03  -3.34361e-03   4.42956e-04   3.67514e-03  -2.48781e-03   4.58341e-02   5.05220e-02   4.32225e-02  -2.63940e-03  -2.27095e-03   6.69178e-03
T7   -6.23837e-01  -1.50830e-02   1.38547e-02  -1.99300e-03   3.96122e-03   1.67109e-03   2.86132e-02   3.22382e-02  -4.73736e-02  -5.27421e-03   7.32837e-03   2.08603e-02   4.56536e-02  -7.40361e-03   7.43792e-03  -6.87649e-03  -1.83808e-03  -5.63222e-03  -6.71192e-03   4.39628e-03  -5.63477e-03
T8    4.78114e-01   7.69237e-03   2.84912e-02   2.47816e-02   4.38148e-03  -5.04245e-02   2.25269e-02   1.32886e-02  -5.27421e-03  -9.51360e-02   1.87027e-03  -4.81749e-03   8.61293e-02  -2.86745e-02  -2.42123e-02  -4.25540e-03   8.57755e-03   1.01560e-02  -4.10059e-02  -2.00573e-02   4.09154e-03
T9    8.06575e-01  -4.61575e-04   1.08624e-02  -7.67538e-03   8.58371e-03  -1.91437e-02   3.10122e-03  -8.74383e-03   7.32837e-03   1.87027e-03  -8.53714e-02  -3.43100e-02  -3.10809e-02  -1.63385e-02  -3.58530e-02   2.08600e-02  -6.07295e-03  -1.11095e-02   1.66598e-02  -1.32052e-02  -3.74461e-02
T10    5.52881e-02  -1.59669e-02  -1.60470e-02   2.57445e-02   1.89891e-02  -1.59636e-02  -1.34546e-02  -3.34361e-03   2.08603e-02  -4.81749e-03  -3.43100e-02  -6.23533e-02   6.76281e-03  -6.59918e-03  -3.18727e-02   7.57375e-03  -1.21029e-03   2.12652e-03  -7.50703e-03  -7.94619e-04  -3.07033e-02
T11   -1.60156e+00   3.87595e-02   1.46341e-01   2.32479e-02   3.30705e-04   8.21375e-03   8.01934e-02   4.42956e-04   4.56536e-02   8.61293e-02  -3.10809e-02   6.76281e-03   1.77564e-02  -8.71289e-03  -1.01289e-02   6.21391e-02   4.13615e-02   4.52312e-02   2.32634e-02  -1.10464e-02  -6.38663e-04
T12    1.76285e+00  -5.83666e-03  -1.43945e-02  -4.59679e-03   4.29172e-03  -3.68754e-02  -9.96802e-03   3.67514e-03  -7.40361e-03  -2.86745e-02  -1.63385e-02  -6.59918e-03  -8.71289e-03  -2.13790e-01  -2.17840e-02  -5.30984e-03  -1.27067e-03  -7.18757e-04  -8.56483e-03  -3.62233e-03  -4.81557e-03
T13    1.14234e+00   5.64079e-03  -6.64243e-03  -1.84083e-03   9.75780e-03  -2.91709e-02  -5.66858e-03  -2.48781e-03   7.43792e-03  -2.42123e-02  -3.58530e-02  -3.18727e-02  -1.01289e-02  -2.17840e-02  -7.43214e-02  -1.79940e-03  -1.40170e-02  -7.79293e-03  -3.65608e-02  -4.01785e-02  -2.38302e-02
T14   -6.57779e-01   5.06558e-03   5.93572e-03   3.11683e-02   2.68343e-02  -7.37782e-03   2.10909e-02   4.58341e-02  -6.87649e-03  -4.25540e-03   2.08600e-02   7.57375e-03   6.21391e-02  -5.30984e-03  -1.79940e-03  -3.84840e-02   2.68625e-02   1.40718e-02  -3.96184e-02  -1.66753e-02   5.08035e-03
T15   -5.99544e-01   1.06012e-02   3.17565e-02  -8.66796e-03   2.56220e-02  -2.28128e-02   1.34081e-02   5.05220e-02  -1.83808e-03   8.57755e-03  -6.07295e-03  -1.21029e-03   4.13615e-02  -1.27067e-03  -1.40170e-02   2.68625e-02  -3.55615e-02  -8.84435e-03  -1.13516e-02  -9.30628e-03  -1.06717e-03
T16   -3.55328e-01  -1.22277e-03   3.71980e-02  -1.79733e-03   1.68517e-02   7.01121e-04   1.40205e-02   4.32225e-02  -5.63222e-03   1.01560e-02  -1.11095e-02   2.12652e-03   4.52312e-02  -7.18757e-04  -7.79293e-03   1.40718e-02  -8.84435e-03  -4.09373e-02  -6.39306e-03  -8.65443e-03  -1.72239e-02
T17    1.91896e+00   2.50758e-03  -1.73639e-02  -5.56638e-03  -1.50371e-02  -3.09726e-02  -2.85542e-02  -2.63940e-03  -6.71192e-03  -4.10059e-02   1.66598e-02  -7.50703e-03   2.32634e-02  -8.56483e-03  -3.65608e-02  -3.96184e-02  -1.13516e-02  -6.39306e-03  -1.55726e-01  -4.41549e-02   5.81102e-03
T18    7.75917e-01   1.41124e-02   6.62056e-03  -2.53889e-02  -8.72728e-03  -1.05990e-02  -4.84430e-03  -2.27095e-03   4.39628e-03  -2.00573e-02  -1.32052e-02  -7.94619e-04  -1.10464e-02  -3.62233e-03  -4.01785e-02  -1.66753e-02  -9.30628e-03  -8.65443e-03  -4.41549e-02  -5.79957e-02   1.92013e-03
T19    3.91930e-01  -1.80374e-02  -2.51902e-03   1.97790e-02   1.25936e-02  -1.94628e-02   1.08837e-02   6.69178e-03  -5.63477e-03   4.09154e-03  -3.74461e-02  -3.07033e-02  -6.38663e-04  -4.81557e-03  -2.38302e-02   5.08035e-03  -1.06717e-03  -1.72239e-02   5.81102e-03   1.92013e-03  -6.30808e-02
