T0   -3.90371e-01  -6.78878e-02   9.21619e-03   3.42831e-02   1.11546e-02   3.27928e-03   8.45236e-03   2.48763e-02  -1.80869e-02   1.25123e-02  -9.32854e-03  -2.71082e-02   5.21292e-02  -1.47970e-02  -3.16258e-04   7.57748e-03   1.37736e-02  -1.99581e-03  -2.30454e-03   1.39022e-02  -2.98673e-02
T1   -1.03006e+00   9.21619e-03   3.91335e-02   7.67787e-02  -3.31328e-02  -2.67805e-03   6.58472e-02  -2.43465e-02   1.68206e-02   3.74173e-02   2.11937e-02  -1.19961e-02   1.88572e-01  -9.00242e-03  -7.82696e-03   7.04404e-03   4.26468e-02   4.97837e-02  -2.10823e-02   7.01032e-03   4.27902e-03
T2   -7.22690e-01   3.42831e-02   7.67787e-02  -6.76193e-02   1.97721e-02   1.05752e-02   2.33084e-02   7.24974e-02  -1.67348e-03   3.15579e-02  -5.95520e-03   3.37601e-02   3.34162e-02  -4.61637e-03   1.26644e-04   3.28531e-02  -1.15169e-02  -1.25883e-03  -5.20952e-04  -2.61579e-02   2.82873e-02
T3   -1.28929e+00   1.11546e-02  -3.31328e-02   1.97721e-02   5.19969e-02   3.84910e-02   5.71448e-02   1.10257e-01   3.71561e-03  -2.74804e-04   1.58279e-02   2.82264e-02  -3.28523e-04   1.07282e-02   1.92158e-02   3.12537e-02   2.91497e-02   2.15241e-02  -1.14629e-02  -2.31978e-03   2.31199e-02
T4    2.23939e+00   3.27928e-03  -2.67805e-03   1.05752e-02   3.84910e-02  -4.16024e-01  -4.06376e-03   3.74549e-02  -3.02323e-03  -5.76610e-02  -3.01204e-02  -2.81469e-02   1.20988e-02  -5.59708e-02  -4.91106e-02  -8.23414e-03  -2.89914e-02  -1.60218e-03  -5.11348e-02  -1.92307e-02  -3.25119e-02
T5   -8.05196e-01   8.45236e-03   6.58472e-02   2.33084e-02   5.71448e-02  -4.06376e-03  -2.97294e-02   9.15090e-02   3.42386e-02   3.20025e-02   5.76572e-03  -1.32052e-02   1.05835e-01  -8.31329e-03  -5.09323e-03   2.31009e-02   1.63914e-02   2.06566e-02  -2.88250e-02  -5.22390e-03   1.63076e-02
T6   -1.72630e+00   2.48763e-02  -2.43465e-02   7.24974e-02   1.10257e-01   3.74549e-02   9.15090e-02   8.14072e-02   4.29135e-02   1.85415e-02  -6.32086e-03   2.58349e-04   4.77587e-03   8.29326e-03   4.31056e-03   5.52739e-02   6.26362e-02   5.73942e-02   3.40149e-03   1.57812e-03   1.33966e-02
T7   -6.47168e-01  -1.80869e-02   1.68206e-02  -1.67348e-03   3.71561e-03  -3.02323e-03   3.42386e-02   4.29135e-02  -5.79233e-02  -1.20321e-02   1.10019e-02   2.44279e-02   5.73734e-02  -1.03930e-02   1.14368e-02  -9.13904e-03  -5.27947e-03  -8.75032e-03  -3.99514e-03   4.83025e-03  -5.21925e-03
T8    4.01726e-01   1.25123e-02   3.74173e-02   3.15579e-02  -2.74804e-04  -5.76610e-02   3.20025e-02   1.85415e-02  -1.20321e-02  -1.12380e-01   6.01328e-03  -3.40865e-04   1.12187e-01  -3.38662e-02  -2.76644e-02  -1.79151e-03   5.95452e-03   1.16026e-02  -5.20039e-02  -2.68331e-02   8.00037e-03
T9    9.20209e-01  -9.32854e-03   2.11937e-02  -5.95520e-03   1.58279e-02  -3.01204e-02   5.76572e-03  -6.32086e-03   1.10019e-02   6.01328e-03  -1.16951e-01  -5.64244e-02  -3.02904e-02  -3.22686e-02  -5.75581e-02   3.02449e-02  -6.41101e-03  -1.57880e-02   7.14316e-03  -2.65259e-02  -6.14487e-02
T10    1.62100e-01  -2.71082e-02  -1.19961e-02   3.37601e-02   2.82264e-02  -2.81469e-02  -1.32052e-02   2.58349e-04   2.44279e-02  -3.40865e-04  -5.64244e-02  -8.73356e-02   1.25963e-02  -1.82107e-02  -4.98871e-02   1.41311e-02  -9.01791e-04  -6.32743e-04  -2.01237e-02  -7.71298e-03  -5.01312e-02
T11   -1.69525e+00   5.21292e-02   1.88572e-01   3.34162e-02  -3.28523e-04   1.20988e-02   1.05835e-01   4.77587e-03   5.73734e-02   1.12187e-01  -3.02904e-02   1.25963e-02   4.17957e-02   1.58971e-03  -9.41340e-03   7.75430e-02   5.31724e-02   5.91043e-02   3.23691e-02  -1.12793e-02   6.06549e-03
T12    1.81359e+00  -1.47970e-02  -9.00242e-03  -4.61637e-03   1.07282e-02  -5.59708e-02  -8.31329e-03   8.29326e-03  -1.03930e-02  -3.38662e-02  -3.22686e-02  -1.82107e-02   1.58971e-03  -2.46260e-01  -4.14656e-02  -5.38756e-03  -2.23295e-03  -3.90447e-03  -1.86894e-02  -1.49573e-02  -1.68825e-02
T13    1.22289e+00  -3.16258e-04  -7.82696e-03   1.26644e-04   1.92158e-02  -4.91106e-02  -5.09323e-03   4.31056e-03   1.14368e-02  -2.76644e-02  -5.75581e-02  -4.98871e-02  -9.41340e-03  -4.14656e-02  -1.01752e-01   4.48450e-03  -1.44552e-02  -1.24962e-02  -6.10356e-02  -5.86149e-02  -4.23937e-02
T14   -6.83597e-01   7.57748e-03   7.04404e-03   3.28531e-02   3.12537e-02  -8.23414e-03   2.31009e-02   5.52739e-02  -9.13904e-03  -1.79151e-03   3.02449e-02   1.41311e-02   7.75430e-02  -5.38756e-03   4.48450e-03  -4.78604e-02   3.09227e-02   1.84878e-02  -4.64405e-02  -2.00370e-02   9.60712e-03
T15   -6.31725e-01   1.37736e-02   4.26468e-02  -1.15169e-02   2.91497e-02  -2.89914e-02   1.63914e-02   6.26362e-02  -5.27947e-03   5.95452e-03  -6.41101e-03  -9.01791e-04   5.31724e-02  -2.23295e-03  -1.44552e-02   3.09227e-02  -4.02229e-02  -1.07961e-02  -9.57431e-03  -8.29905e-03   7.77227e-04
T16   -3.80691e-01  -1.99581e-03   4.97837e-02  -1.25883e-03   2.15241e-02  -1.60218e-03   2.06566e-02   5.73942e-02  -8.75032e-03   1.16026e-02  -1.57880e-02  -6.32743e-04   5.91043e-02  -3.90447e-03  -1.24962e-02   1.84878e-02  -1.07961e-02  -4.26034e-02  -1.01643e-02  -9.30188e-03  -2.36520e-02
T17    1.96475e+00  -2.30454e-03  -2.10823e-02  -5.20952e-04  -1.14629e-02  -5.11348e-02  -2.88250e-02   3.40149e-03  -3.99514e-03  -5.20039e-02   7.14316e-03  -2.01237e-02   3.23691e-02  -1.86894e-02  -6.10356e-02  -4.64405e-02  -9.57431e-03  -1.01643e-02  -1.93598e-01  -6.33822e-02  -5.32596e-03
T18    7.93975e-01   1.39022e-02   7.01032e-03  -2.61579e-02  -2.31978e-03  -1.92307e-02  -5.22390e-03   1.57812e-03   4.83025e-03  -2.68331e-02  -2.65259e-02  -7.71298e-03  -1.12793e-02  -1.49573e-02  -5.86149e-02  -2.00370e-02  -8.29905e-03  -9.30188e-03  -6.33822e-02  -7.47611e-02  -5.85861e-03
T19    4.83717e-01  -2.98673e-02   4.27902e-03   2.82873e-02   2.31199e-02  -3.25119e-02   1.63076e-02   1.33966e-02  -5.21925e-03   8.00037e-03  -6.14487e-02  -5.01312e-02   6.06549e-03  -1.68825e-02  -4.23937e-02   9.60712e-03   7.77227e-04  -2.36520e-02  -5.32596e-03  -5.85861e-03  -8.77402e-02
