T0   -6.67984e-01  -1.73913e-01   2.12463e-01   2.46961e-01   3.93536e-01  -1.63886e-01   2.53318e-01   4.59788e-01   3.89305e-03   9.77157e-02  -2.71664e-01  -2.21172e-01   4.47303e-01  -1.19285e-01  -2.26686e-01   4.27634e-02   1.26217e-01   2.02926e-03  -1.41122e-01  -1.54401e-01  -3.35900e-01
T1   -4.88827e-01   2.12463e-01   5.00039e-01   2.39936e-01  -3.41405e-01   2.43198e-02   2.52432e-01  -2.65517e-01   5.35897e-02   1.93009e-01   1.69658e-01   1.18116e-01   9.41761e-01   1.63806e-01   1.24858e-02   1.20591e-01   1.33213e-01   9.67881e-02  -2.63426e-01  -1.21505e-01   7.55830e-02
T2   -3.64205e-01   2.46961e-01   2.39936e-01  -2.62784e-01   1.94959e-02  -2.23275e-02   1.31650e-01   2.89669e-01  -7.93528e-02   1.02321e-01   1.84116e-01   3.80110e-01   2.07147e-01   1.91535e-01   1.63699e-01   6.24386e-02  -6.88283e-02  -6.25916e-02   1.10248e-01   4.22329e-02   1.61877e-01
T3   -8.96824e-01   3.93536e-01  -3.41405e-01   1.94959e-02   5.70214e-01   2.26429e-01   3.75080e-01   9.25801e-01   7.37079e-02  -1.91868e-01   3.84548e-01   5.45785e-01  -1.75006e-01   3.98431e-01   4.46730e-01   2.44865e-01   9.89329e-03   3.28399e-02   2.66737e-01   2.00038e-01   2.73747e-01
T4    1.99469e+00  -1.63886e-01   2.43198e-02  -2.23275e-02   2.26429e-01  -1.90982e+00   3.59526e-02   2.38032e-01  -1.55523e-01  -2.40720e-01  -3.76500e-01  -3.29312e-01   1.58118e-01  -4.10861e-01  -4.78779e-01  -1.77455e-01  -1.33989e-01  -1.39127e-01  -4.50104e-01  -3.14068e-01  -4.07020e-01
T5   -3.54567e-01   2.53318e-01   2.52432e-01   1.31650e-01   3.75080e-01   3.59526e-02   2.21971e-01   5.35097e-01   1.25542e-01   1.83595e-01   1.10898e-01   1.73654e-01   4.08162e-01   1.32404e-01   1.10542e-01   1.29897e-01   8.85877e-02   3.67278e-03  -4.03471e-02   5.31066e-02   4.32286e-02
T6   -1.11038e+00   4.59788e-01  -2.65517e-01   2.89669e-01   9.25801e-01   2.38032e-01   5.35097e-01   1.06559e+00   3.13488e-01  -1.72400e-02   2.69696e-01   4.31364e-01  -1.31202e-01   4.07777e-01   3.60767e-01   3.53755e-01   1.89416e-01   1.30230e-01   2.44534e-01   1.84651e-01   1.52404e-01
T7   -6.12874e-01   3.89305e-03   5.35897e-02  -7.93528e-02   7.37079e-02  -1.55523e-01   1.25542e-01   3.13488e-01  -2.03693e-01  -5.22675e-02   4.86804e-02   1.30519e-01   2.23042e-01  -2.36671e-02  -6.88892e-02  -8.16711e-02  -5.35117e-02  -4.75133e-02  -1.31418e-01  -8.30926e-02  -3.70150e-02
T8    5.44372e-01   9.77157e-02   1.93009e-01   1.02321e-01  -1.91868e-01  -2.40720e-01   1.83595e-01  -1.72400e-02  -5.22675e-02  -3.78834e-01   4.24687e-02   8.60782e-02   4.85850e-01  -6.12559e-02  -1.05921e-01  -2.25951e-02  -1.07241e-01  -7.81564e-02  -2.64900e-01  -2.10057e-01  -4.02399e-02
T9    2.62400e-01  -2.71664e-01   1.69658e-01   1.84116e-01   3.84548e-01  -3.76500e-01   1.10898e-01   2.69696e-01   4.86804e-02   4.24687e-02  -6.75591e-01  -4.76527e-01   1.79239e-01  -3.81272e-01  -5.08582e-01   1.34646e-01   3.83060e-02  -1.12148e-01  -2.85072e-01  -4.47204e-01  -5.82674e-01
T10   -5.18898e-01  -2.21172e-01   1.18116e-01   3.80110e-01   5.45785e-01  -3.29312e-01   1.73654e-01   4.31364e-01   1.30519e-01   8.60782e-02  -4.76527e-01  -4.92924e-01   3.37825e-01  -2.74021e-01  -4.45451e-01   1.48384e-01   1.58875e-01   4.30108e-02  -3.44072e-01  -3.43196e-01  -4.74429e-01
T11   -8.94324e-01   4.47303e-01   9.41761e-01   2.07147e-01  -1.75006e-01   1.58118e-01   4.08162e-01  -1.31202e-01   2.23042e-01   4.85850e-01   1.79239e-01   3.37825e-01   8.71163e-01   3.76595e-01   2.38512e-01   4.89092e-01   2.36134e-01   1.56029e-01   7.98106e-02  -6.43635e-02   1.10347e-01
T12    1.16730e+00  -1.19285e-01   1.63806e-01   1.91535e-01   3.98431e-01  -4.10861e-01   1.32404e-01   4.07777e-01  -2.36671e-02  -6.12559e-02  -3.81272e-01  -2.74021e-01   3.76595e-01  -7.26854e-01  -5.09202e-01   2.66698e-02   7.37025e-02   1.40047e-02  -4.35126e-01  -3.49361e-01  -3.71274e-01
T13    5.84735e-01  -2.26686e-01   1.24858e-02   1.63699e-01   4.46730e-01  -4.78779e-01   1.10542e-01   3.60767e-01  -6.88892e-02  -1.05921e-01  -5.08582e-01  -4.45451e-01   2.38512e-01  -5.09202e-01  -6.60942e-01  -1.11101e-01   8.64870e-03  -1.33978e-02  -5.12227e-01  -5.11240e-01  -4.62979e-01
T14   -2.73665e-01   4.27634e-02   1.20591e-01   6.24386e-02   2.44865e-01  -1.77455e-01   1.29897e-01   3.53755e-01  -8.16711e-02  -2.25951e-02   1.34646e-01   1.48384e-01   4.89092e-01   2.66698e-02  -1.11101e-01  -1.19935e-01   4.23037e-02   1.42287e-02  -4.35168e-01  -3.06887e-01  -2.65943e-03
T15   -5.11568e-01   1.26217e-01   1.33213e-01  -6.88283e-02   9.89329e-03  -1.33989e-01   8.85877e-02   1.89416e-01  -5.35117e-02  -1.07241e-01   3.83060e-02   1.58875e-01   2.36134e-01   7.37025e-02   8.64870e-03   4.23037e-02  -9.74004e-02  -8.25235e-02  -3.86309e-02  -8.79154e-03  -3.98126e-02
T16   -2.65668e-01   2.02926e-03   9.67881e-02  -6.25916e-02   3.28399e-02  -1.39127e-01   3.67278e-03   1.30230e-01  -4.75133e-02  -7.81564e-02  -1.12148e-01   4.30108e-02   1.56029e-01   1.40047e-02  -1.33978e-02   1.42287e-02  -8.25235e-02  -2.09810e-01   5.73075e-02  -2.47098e-02  -2.01487e-01
T17    1.53748e+00  -1.41122e-01  -2.63426e-01   1.10248e-01   2.66737e-01  -4.50104e-01  -4.03471e-02   2.44534e-01  -1.31418e-01  -2.64900e-01  -2.85072e-01  -3.44072e-01   7.98106e-02  -4.35126e-01  -5.12227e-01  -4.35168e-01  -3.86309e-02   5.73075e-02  -6.22207e-01  -3.76766e-01  -2.66550e-01
T18    6.85175e-01  -1.54401e-01  -1.21505e-01   4.22329e-02   2.00038e-01  -3.14068e-01   5.31066e-02   1.84651e-01  -8.30926e-02  -2.10057e-01  -4.47204e-01  -3.43196e-01  -6.43635e-02  -3.49361e-01  -5.11240e-01  -3.06887e-01  -8.79154e-03  -2.47098e-02  -3.76766e-01  -4.59684e-01  -3.74742e-01
T19    1.83640e-01  -3.35900e-01   7.55830e-02   1.61877e-01   2.73747e-01  -4.07020e-01   4.32286e-02   1.52404e-01  -3.70150e-02  -4.02399e-02  -5.82674e-01  -4.74429e-01   1.10347e-01  -3.71274e-01  -4.62979e-01  -2.65943e-03  -3.98126e-02  -2.01487e-01  -2.66550e-01  -3.74742e-01  -6.54749e-01
