T0   -4.83009e-01  -1.04594e-01   2.91705e-02   7.68108e-02   5.89532e-02  -1.63122e-02   3.64898e-02   8.13584e-02  -2.40802e-02   2.58822e-02  -5.01034e-02  -7.15987e-02   1.14574e-01  -4.66854e-02  -3.68037e-02   1.94626e-02   3.45433e-02   5.35322e-03  -3.28750e-02  -1.49172e-03  -7.15264e-02
T1   -1.02512e+00   2.91705e-02   1.08523e-01   1.06866e-01  -1.06985e-01  -1.20232e-03   9.79244e-02  -9.10181e-02   2.43297e-02   6.18349e-02   6.91615e-02   2.50684e-02   3.30795e-01   2.87631e-02   2.96333e-02   2.23590e-02   5.81364e-02   7.17089e-02  -7.76811e-03   2.53439e-02   3.16815e-02
T2   -8.02441e-01   7.68108e-02   1.06866e-01  -9.70047e-02   3.93272e-02   9.13344e-03   5.13296e-02   1.23667e-01  -4.60692e-03   3.33432e-02   2.42650e-02   8.63147e-02   5.97985e-02   1.38759e-02   9.51270e-03   5.54856e-02  -9.40339e-03   3.32137e-03  -1.45450e-03  -3.44941e-02   6.56246e-02
T3   -1.38547e+00   5.89532e-02  -1.06985e-01   3.93272e-02   1.40900e-01   5.53557e-02   1.09576e-01   2.27772e-01   7.50691e-03  -3.24813e-02   6.98994e-02   8.65262e-02  -3.39098e-02   5.67245e-02   5.35950e-02   6.16519e-02   5.48108e-02   4.96054e-02  -6.59344e-04  -1.13309e-02   7.03336e-02
T4    2.41572e+00  -1.63122e-02  -1.20232e-03   9.13344e-03   5.53557e-02  -6.62101e-01  -6.82664e-03   6.71775e-02  -2.58220e-02  -7.67432e-02  -8.20821e-02  -7.88072e-02   2.96207e-02  -1.26316e-01  -1.20707e-01  -3.62544e-02  -5.65376e-02  -2.03271e-02  -1.10425e-01  -7.03639e-02  -8.51287e-02
T5   -8.44063e-01   3.64898e-02   9.79244e-02   5.13296e-02   1.09576e-01  -6.82664e-03  -7.25892e-05   1.62141e-01   5.46718e-02   5.82619e-02   3.25668e-02   9.03325e-03   1.67195e-01  -2.91106e-03   6.92250e-03   4.65703e-02   3.64629e-02   3.33839e-02  -4.25246e-02  -9.07623e-03   4.06895e-02
T6   -1.76621e+00   8.13584e-02  -9.10181e-02   1.23667e-01   2.27772e-01   6.71775e-02   1.62141e-01   1.93867e-01   8.96102e-02   1.14907e-02   3.54955e-02   4.58646e-02  -2.67978e-02   5.28216e-02   3.07715e-02   1.17400e-01   1.14170e-01   1.09731e-01   1.86410e-02  -2.51323e-03   4.95975e-02
T7   -7.53493e-01  -2.40802e-02   2.43297e-02  -4.60692e-03   7.50691e-03  -2.58220e-02   5.46718e-02   8.96102e-02  -8.97012e-02  -2.09952e-02   2.97673e-02   4.98412e-02   9.01926e-02  -1.10822e-02   1.76557e-02  -1.17370e-02  -1.46774e-02  -1.20627e-02  -8.84370e-03   7.03494e-03   1.11370e-03
T8    3.59786e-01   2.58822e-02   6.18349e-02   3.33432e-02  -3.24813e-02  -7.67432e-02   5.82619e-02   1.14907e-02  -2.09952e-02  -1.96385e-01   3.06986e-02   2.07465e-02   1.78077e-01  -3.42499e-02  -2.67313e-02   8.12160e-03  -9.73954e-03   8.62293e-03  -7.82910e-02  -3.39027e-02   2.11210e-02
T9    9.65924e-01  -5.01034e-02   6.91615e-02   2.42650e-02   6.98994e-02  -8.20821e-02   3.25668e-02   3.54955e-02   2.97673e-02   3.06986e-02  -2.41087e-01  -1.56906e-01  -3.33628e-04  -1.04669e-01  -1.57190e-01   5.49270e-02  -2.03235e-04  -3.24204e-02  -5.14124e-02  -8.45150e-02  -1.54881e-01
T10    2.05065e-01  -7.15987e-02   2.50684e-02   8.63147e-02   8.65262e-02  -7.88072e-02   9.03325e-03   4.58646e-02   4.98412e-02   2.07465e-02  -1.56906e-01  -1.96048e-01   6.33097e-02  -8.07538e-02  -1.41405e-01   3.33758e-02   1.61371e-02  -6.19656e-04  -8.65595e-02  -5.39418e-02  -1.32045e-01
T11   -1.66589e+00   1.14574e-01   3.30795e-01   5.97985e-02  -3.39098e-02   2.96207e-02   1.67195e-01  -2.67978e-02   9.01926e-02   1.78077e-01  -3.33628e-04   6.33097e-02   1.29613e-01   5.61385e-02   2.32915e-02   1.45954e-01   9.08199e-02   1.01299e-01   8.21701e-02  -6.25807e-03   4.05409e-02
T12    1.77736e+00  -4.66854e-02   2.87631e-02   1.38759e-02   5.67245e-02  -1.26316e-01  -2.91106e-03   5.28216e-02  -1.10822e-02  -3.42499e-02  -1.04669e-01  -8.07538e-02   5.61385e-02  -3.64330e-01  -1.30211e-01   4.39868e-03   1.25152e-03  -1.11170e-02  -9.17897e-02  -7.00873e-02  -7.70805e-02
T13    1.34089e+00  -3.68037e-02   2.96333e-02   9.51270e-03   5.35950e-02  -1.20707e-01   6.92250e-03   3.07715e-02   1.76557e-02  -2.67313e-02  -1.57190e-01  -1.41405e-01   2.32915e-02  -1.30211e-01  -2.15928e-01   1.35086e-02  -2.50390e-02  -2.85808e-02  -1.46615e-01  -1.25266e-01  -1.17361e-01
T14   -7.05093e-01   1.94626e-02   2.23590e-02   5.54856e-02   6.16519e-02  -3.62544e-02   4.65703e-02   1.17400e-01  -1.17370e-02   8.12160e-03   5.49270e-02   3.33758e-02   1.45954e-01   4.39868e-03   1.35086e-02  -6.44260e-02   4.70532e-02   3.73751e-02  -8.65840e-02  -4.89097e-02   1.96148e-02
T15   -7.41765e-01   3.45433e-02   5.81364e-02  -9.40339e-03   5.48108e-02  -5.65376e-02   3.64629e-02   1.14170e-01  -1.46774e-02  -9.73954e-03  -2.03235e-04   1.61371e-02   9.08199e-02   1.25152e-03  -2.50390e-02   4.70532e-02  -4.11676e-02  -6.35927e-03  -2.46311e-02  -1.65573e-02   1.12265e-02
T16   -4.52951e-01   5.35322e-03   7.17089e-02   3.32137e-03   4.96054e-02  -2.03271e-02   3.33839e-02   1.09731e-01  -1.20627e-02   8.62293e-03  -3.24204e-02  -6.19656e-04   1.01299e-01  -1.11170e-02  -2.85808e-02   3.73751e-02  -6.35927e-03  -5.13331e-02  -2.01846e-02  -2.55109e-02  -4.23127e-02
T17    2.08973e+00  -3.28750e-02  -7.76811e-03  -1.45450e-03  -6.59344e-04  -1.10425e-01  -4.25246e-02   1.86410e-02  -8.84370e-03  -7.82910e-02  -5.14124e-02  -8.65595e-02   8.21701e-02  -9.17897e-02  -1.46615e-01  -8.65840e-02  -2.46311e-02  -2.01846e-02  -3.01094e-01  -1.21075e-01  -5.52785e-02
T18    9.29139e-01  -1.49172e-03   2.53439e-02  -3.44941e-02  -1.13309e-02  -7.03639e-02  -9.07623e-03  -2.51323e-03   7.03494e-03  -3.39027e-02  -8.45150e-02  -5.39418e-02  -6.25807e-03  -7.00873e-02  -1.25266e-01  -4.89097e-02  -1.65573e-02  -2.55109e-02  -1.21075e-01  -1.11203e-01  -5.31802e-02
T19    5.41897e-01  -7.15264e-02   3.16815e-02   6.56246e-02   7.03336e-02  -8.51287e-02   4.06895e-02   4.95975e-02   1.11370e-03   2.11210e-02  -1.54881e-01  -1.32045e-01   4.05409e-02  -7.70805e-02  -1.17361e-01   1.96148e-02   1.12265e-02  -4.23127e-02  -5.52785e-02  -5.31802e-02  -1.82678e-01
