T0   -3.93831e-01  -6.63250e-02   8.77530e-03   3.30479e-02   1.05054e-02   4.66839e-03   7.61443e-03   2.32472e-02  -1.77442e-02   1.24238e-02  -8.24045e-03  -2.56106e-02   5.03465e-02  -1.35296e-02   5.13577e-04   7.33037e-03   1.33637e-02  -1.80573e-03  -1.66550e-03   1.38324e-02  -2.83683e-02
T1   -1.02592e+00   8.77530e-03   3.72919e-02   7.51446e-02  -3.12844e-02  -2.74614e-03   6.48331e-02  -2.23494e-02   1.64996e-02   3.66229e-02   1.88137e-02  -1.29865e-02   1.83929e-01  -1.04611e-02  -7.64870e-03   6.52970e-03   4.06998e-02   4.86776e-02  -2.08702e-02   7.83050e-03   3.31491e-03
T2   -7.17064e-01   3.30479e-02   7.51446e-02  -6.59252e-02   1.89096e-02   1.10562e-02   2.22947e-02   7.04120e-02  -2.06602e-03   3.00448e-02  -6.59128e-03   3.23081e-02   3.18041e-02  -4.43727e-03  -6.02695e-04   3.38087e-02  -1.15588e-02  -5.87689e-04  -1.37971e-03  -2.60566e-02   2.75316e-02
T3   -1.28281e+00   1.05054e-02  -3.12844e-02   1.89096e-02   4.90631e-02   3.81046e-02   5.48241e-02   1.06076e-01   3.50220e-03  -5.40708e-04   1.46815e-02   2.67099e-02   1.59085e-04   9.77474e-03   1.84437e-02   3.13285e-02   2.89719e-02   2.16950e-02  -1.22972e-02  -3.09427e-03   2.17412e-02
T4    2.22606e+00   4.66839e-03  -2.74614e-03   1.10562e-02   3.81046e-02  -4.07627e-01  -4.03082e-03   3.59874e-02  -2.74537e-03  -5.56427e-02  -2.88766e-02  -2.66350e-02   1.24972e-02  -5.43168e-02  -4.69320e-02  -8.23167e-03  -2.87870e-02  -1.22904e-03  -4.78828e-02  -1.83704e-02  -3.11429e-02
T5   -7.98082e-01   7.61443e-03   6.48331e-02   2.22947e-02   5.48241e-02  -4.03082e-03  -3.05269e-02   8.88013e-02   3.39002e-02   3.14497e-02   4.66354e-03  -1.36640e-02   1.02724e-01  -8.62534e-03  -5.57405e-03   2.21894e-02   1.59427e-02   1.99755e-02  -2.66619e-02  -5.15935e-03   1.56621e-02
T6   -1.71813e+00   2.32472e-02  -2.23494e-02   7.04120e-02   1.06076e-01   3.59874e-02   8.88013e-02   7.76586e-02   4.17297e-02   1.79152e-02  -7.24459e-03  -1.03612e-03   4.86957e-03   7.23221e-03   3.26173e-03   5.51365e-02   6.13265e-02   5.60049e-02   3.05972e-03   8.85348e-04   1.23922e-02
T7   -6.46079e-01  -1.77442e-02   1.64996e-02  -2.06602e-03   3.50220e-03  -2.74537e-03   3.39002e-02   4.17297e-02  -5.68617e-02  -1.08358e-02   1.08819e-02   2.40061e-02   5.58886e-02  -9.83938e-03   1.07642e-02  -9.11708e-03  -4.58519e-03  -8.57227e-03  -4.31166e-03   5.00870e-03  -5.27335e-03
T8    4.11500e-01   1.24238e-02   3.66229e-02   3.00448e-02  -5.40708e-04  -5.56427e-02   3.14497e-02   1.79152e-02  -1.08358e-02  -1.10875e-01   5.19418e-03  -1.81329e-03   1.09762e-01  -3.29791e-02  -2.70437e-02  -2.22594e-03   6.23125e-03   1.06117e-02  -5.02792e-02  -2.59453e-02   7.42046e-03
T9    9.14855e-01  -8.24045e-03   1.88137e-02  -6.59128e-03   1.46815e-02  -2.88766e-02   4.66354e-03  -7.24459e-03   1.08819e-02   5.19418e-03  -1.12520e-01  -5.32648e-02  -3.14064e-02  -3.00985e-02  -5.46936e-02   2.86798e-02  -6.95821e-03  -1.51037e-02   8.47970e-03  -2.41714e-02  -5.84614e-02
T10    1.56755e-01  -2.56106e-02  -1.29865e-02   3.23081e-02   2.67099e-02  -2.66350e-02  -1.36640e-02  -1.03612e-03   2.40061e-02  -1.81329e-03  -5.32648e-02  -8.40322e-02   1.09358e-02  -1.70541e-02  -4.70136e-02   1.28576e-02  -8.56797e-04  -5.13634e-04  -1.90304e-02  -6.42074e-03  -4.74269e-02
T11   -1.68619e+00   5.03465e-02   1.83929e-01   3.18041e-02   1.59085e-04   1.24972e-02   1.02724e-01   4.86957e-03   5.58886e-02   1.09762e-01  -3.14064e-02   1.09358e-02   3.84621e-02   3.27708e-04  -9.69428e-03   7.55103e-02   5.17027e-02   5.66297e-02   3.29803e-02  -1.13846e-02   5.43958e-03
T12    1.81038e+00  -1.35296e-02  -1.04611e-02  -4.43727e-03   9.77474e-03  -5.43168e-02  -8.62534e-03   7.23221e-03  -9.83938e-03  -3.29791e-02  -3.00985e-02  -1.70541e-02   3.27708e-04  -2.41878e-01  -3.91946e-02  -4.54692e-03  -2.31559e-03  -3.45201e-03  -1.68977e-02  -1.35774e-02  -1.53524e-02
T13    1.21613e+00   5.13577e-04  -7.64870e-03  -6.02695e-04   1.84437e-02  -4.69320e-02  -5.57405e-03   3.26173e-03   1.07642e-02  -2.70437e-02  -5.46936e-02  -4.70136e-02  -9.69428e-03  -3.91946e-02  -9.83053e-02   2.85831e-03  -1.43507e-02  -1.20172e-02  -5.76997e-02  -5.58436e-02  -4.04311e-02
T14   -6.83077e-01   7.33037e-03   6.52970e-03   3.38087e-02   3.13285e-02  -8.23167e-03   2.21894e-02   5.51365e-02  -9.11708e-03  -2.22594e-03   2.86798e-02   1.28576e-02   7.55103e-02  -4.54692e-03   2.85831e-03  -4.60633e-02   3.04728e-02   1.76027e-02  -4.51318e-02  -1.95785e-02   8.97203e-03
T15   -6.28440e-01   1.33637e-02   4.06998e-02  -1.15588e-02   2.89719e-02  -2.87870e-02   1.59427e-02   6.13265e-02  -4.58519e-03   6.23125e-03  -6.95821e-03  -8.56797e-04   5.17027e-02  -2.31559e-03  -1.43507e-02   3.04728e-02  -3.93338e-02  -1.00314e-02  -1.02231e-02  -8.95125e-03   3.43018e-04
T16   -3.78056e-01  -1.80573e-03   4.86776e-02  -5.87689e-04   2.16950e-02  -1.22904e-03   1.99755e-02   5.60049e-02  -8.57227e-03   1.06117e-02  -1.51037e-02  -5.13634e-04   5.66297e-02  -3.45201e-03  -1.20172e-02   1.76027e-02  -1.00314e-02  -4.37113e-02  -8.75217e-03  -1.00350e-02  -2.27190e-02
T17    1.95378e+00  -1.66550e-03  -2.08702e-02  -1.37971e-03  -1.22972e-02  -4.78828e-02  -2.66619e-02   3.05972e-03  -4.31166e-03  -5.02792e-02   8.47970e-03  -1.90304e-02   3.29803e-02  -1.68977e-02  -5.76997e-02  -4.51318e-02  -1.02231e-02  -8.75217e-03  -1.88657e-01  -6.16392e-02  -4.33917e-03
T18    7.91188e-01   1.38324e-02   7.83050e-03  -2.60566e-02  -3.09427e-03  -1.83704e-02  -5.15935e-03   8.85348e-04   5.00870e-03  -2.59453e-02  -2.41714e-02  -6.42074e-03  -1.13846e-02  -1.35774e-02  -5.58436e-02  -1.95785e-02  -8.95125e-03  -1.00350e-02  -6.16392e-02  -7.26803e-02  -5.29772e-03
T19    4.77034e-01  -2.83683e-02   3.31491e-03   2.75316e-02   2.17412e-02  -3.11429e-02   1.56621e-02   1.23922e-02  -5.27335e-03   7.42046e-03  -5.84614e-02  -4.74269e-02   5.43958e-03  -1.53524e-02  -4.04311e-02   8.97203e-03   3.43018e-04  -2.27190e-02  -4.33917e-03  -5.29772e-03  -8.48558e-02
