T0   -3.89575e-01  -7.62005e-02   1.30252e-02   4.12820e-02   1.52589e-02  -6.48614e-04   1.20438e-02   3.22143e-02  -2.04634e-02   1.62480e-02  -1.57390e-02  -3.39563e-02   6.33401e-02  -2.03401e-02  -5.32927e-03   8.79608e-03   1.52935e-02  -2.44589e-03  -4.96287e-03   1.43111e-02  -3.78805e-02
T1   -1.03498e+00   1.30252e-02   4.73920e-02   8.40886e-02  -4.00649e-02  -2.02573e-03   7.30482e-02  -3.29778e-02   1.86850e-02   4.16562e-02   2.91271e-02  -9.18414e-03   2.11082e-01  -3.91287e-03  -6.26157e-03   6.87435e-03   4.72778e-02   5.78336e-02  -2.39744e-02   5.62608e-03   9.88402e-03
T2   -7.55917e-01   4.12820e-02   8.40886e-02  -7.46572e-02   2.21096e-02   1.04476e-02   2.90964e-02   8.21719e-02  -5.03295e-03   3.55673e-02  -1.15949e-03   4.33257e-02   4.11463e-02  -1.18950e-03   1.44485e-03   3.47342e-02  -1.28539e-02  -4.43211e-04  -5.92762e-04  -2.78270e-02   3.52941e-02
T3   -1.31777e+00   1.52589e-02  -4.00649e-02   2.21096e-02   6.08941e-02   4.37044e-02   6.81480e-02   1.30310e-01   1.78170e-03  -7.08951e-03   2.46679e-02   3.79332e-02  -2.56642e-03   1.59472e-02   2.53320e-02   3.36135e-02   3.17394e-02   2.50501e-02  -8.38241e-03  -1.10611e-03   3.02182e-02
T4    2.27525e+00  -6.48614e-04  -2.02573e-03   1.04476e-02   4.37044e-02  -4.59590e-01  -4.37901e-03   4.65537e-02  -6.71845e-03  -6.06166e-02  -3.91106e-02  -3.59558e-02   1.71469e-02  -6.78666e-02  -5.62647e-02  -1.31208e-02  -3.48808e-02  -5.36343e-03  -5.79680e-02  -2.54723e-02  -4.12101e-02
T5   -8.36290e-01   1.20438e-02   7.30482e-02   2.90964e-02   6.81480e-02  -4.37901e-03  -2.59831e-02   1.04775e-01   3.58911e-02   3.88816e-02   1.15314e-02  -9.39226e-03   1.19214e-01  -9.16153e-03  -4.87493e-03   2.25108e-02   2.03084e-02   2.48039e-02  -3.33380e-02  -7.25947e-03   2.25056e-02
T6   -1.76003e+00   3.22143e-02  -3.29778e-02   8.21719e-02   1.30310e-01   4.65537e-02   1.04775e-01   1.03001e-01   4.71433e-02   1.78856e-02   1.23671e-03   7.06405e-03   1.28118e-03   1.49003e-02   7.27701e-03   6.34442e-02   7.08160e-02   6.71953e-02   2.62997e-03   1.35216e-03   1.99367e-02
T7   -6.50124e-01  -2.04634e-02   1.86850e-02  -5.03295e-03   1.78170e-03  -6.71845e-03   3.58911e-02   4.71433e-02  -6.38432e-02  -1.68906e-02   1.48391e-02   2.78411e-02   6.30370e-02  -1.12288e-02   1.39512e-02  -1.08456e-02  -8.20550e-03  -1.01929e-02  -1.43272e-03   8.08594e-03  -4.49888e-03
T8    3.72730e-01   1.62480e-02   4.16562e-02   3.55673e-02  -7.08951e-03  -6.06166e-02   3.88816e-02   1.78856e-02  -1.68906e-02  -1.25325e-01   1.16885e-02   4.09219e-03   1.26100e-01  -3.12178e-02  -3.14708e-02  -4.10326e-04   5.32758e-03   1.53290e-02  -5.92232e-02  -3.17179e-02   1.10436e-02
T9    9.38830e-01  -1.57390e-02   2.91271e-02  -1.15949e-03   2.46679e-02  -3.91106e-02   1.15314e-02   1.23671e-03   1.48391e-02   1.16885e-02  -1.39713e-01  -7.35848e-02  -2.66773e-02  -4.41217e-02  -7.36838e-02   3.70946e-02  -6.39159e-03  -1.81795e-02  -2.27219e-03  -3.62546e-02  -7.73704e-02
T10    1.83900e-01  -3.39563e-02  -9.18414e-03   4.33257e-02   3.79332e-02  -3.59558e-02  -9.39226e-03   7.06405e-03   2.78411e-02   4.09219e-03  -7.35848e-02  -1.05644e-01   1.97541e-02  -2.66200e-02  -6.50116e-02   1.86481e-02   1.66953e-03  -1.98197e-03  -3.16184e-02  -1.32605e-02  -6.39804e-02
T11   -1.71698e+00   6.33401e-02   2.11082e-01   4.11463e-02  -2.56642e-03   1.71469e-02   1.19214e-01   1.28118e-03   6.30370e-02   1.26100e-01  -2.66773e-02   1.97541e-02   5.61280e-02   1.25705e-02  -7.70874e-03   8.60416e-02   6.14647e-02   6.96671e-02   3.57288e-02  -1.31396e-02   1.34947e-02
T12    1.80879e+00  -2.03401e-02  -3.91287e-03  -1.18950e-03   1.59472e-02  -6.78666e-02  -9.16153e-03   1.49003e-02  -1.12288e-02  -3.12178e-02  -4.41217e-02  -2.66200e-02   1.25705e-02  -2.70996e-01  -5.47736e-02  -9.59703e-04  -1.65245e-03  -6.80399e-03  -2.80293e-02  -2.65091e-02  -2.62354e-02
T13    1.26701e+00  -5.32927e-03  -6.26157e-03   1.44485e-03   2.53320e-02  -5.62647e-02  -4.87493e-03   7.27701e-03   1.39512e-02  -3.14708e-02  -7.36838e-02  -6.50116e-02  -7.70874e-03  -5.47736e-02  -1.19443e-01   8.39144e-03  -1.50950e-02  -1.38784e-02  -7.86957e-02  -7.20004e-02  -5.40095e-02
T14   -6.83827e-01   8.79608e-03   6.87435e-03   3.47342e-02   3.36135e-02  -1.31208e-02   2.25108e-02   6.34442e-02  -1.08456e-02  -4.10326e-04   3.70946e-02   1.86481e-02   8.60416e-02  -9.59703e-04   8.39144e-03  -5.27705e-02   3.15690e-02   2.15133e-02  -5.20838e-02  -2.37050e-02   1.40863e-02
T15   -6.51784e-01   1.52935e-02   4.72778e-02  -1.28539e-02   3.17394e-02  -3.48808e-02   2.03084e-02   7.08160e-02  -8.20550e-03   5.32758e-03  -6.39159e-03   1.66953e-03   6.14647e-02  -1.65245e-03  -1.50950e-02   3.15690e-02  -4.09292e-02  -1.17473e-02  -1.26391e-02  -8.37293e-03   3.04298e-03
T16   -4.01173e-01  -2.44589e-03   5.78336e-02  -4.43211e-04   2.50501e-02  -5.36343e-03   2.48039e-02   6.71953e-02  -1.01929e-02   1.53290e-02  -1.81795e-02  -1.98197e-03   6.96671e-02  -6.80399e-03  -1.38784e-02   2.15133e-02  -1.17473e-02  -4.66038e-02  -8.12926e-03  -1.09879e-02  -2.70956e-02
T17    2.02925e+00  -4.96287e-03  -2.39744e-02  -5.92762e-04  -8.38241e-03  -5.79680e-02  -3.33380e-02   2.62997e-03  -1.43272e-03  -5.92232e-02  -2.27219e-03  -3.16184e-02   3.57288e-02  -2.80293e-02  -7.86957e-02  -5.20838e-02  -1.26391e-02  -8.12926e-03  -2.16540e-01  -7.29099e-02  -1.52618e-02
T18    8.26780e-01   1.43111e-02   5.62608e-03  -2.78270e-02  -1.10611e-03  -2.54723e-02  -7.25947e-03   1.35216e-03   8.08594e-03  -3.17179e-02  -3.62546e-02  -1.32605e-02  -1.31396e-02  -2.65091e-02  -7.20004e-02  -2.37050e-02  -8.37293e-03  -1.09879e-02  -7.29099e-02  -8.35860e-02  -1.20323e-02
T19    4.95910e-01  -3.78805e-02   9.88402e-03   3.52941e-02   3.02182e-02  -4.12101e-02   2.25056e-02   1.99367e-02  -4.49888e-03   1.10436e-02  -7.73704e-02  -6.39804e-02   1.34947e-02  -2.62354e-02  -5.40095e-02   1.40863e-02   3.04298e-03  -2.70956e-02  -1.52618e-02  -1.20323e-02  -1.03539e-01
