T0   -6.17001e-01  -7.55004e-01  -3.84170e-01   3.29926e-01   5.71729e-01  -9.55792e-01   3.07029e-01   5.26677e-01  -1.05506e+00   5.79139e-02  -7.50696e-01  -3.59985e-01   4.89232e-01  -5.67878e-01  -1.75887e-01   1.36666e+00  -3.12762e-01  -3.56690e-01  -2.79049e-01  -8.48971e-02  -9.87006e-01
T1   -1.20255e-01  -3.84170e-01  -1.19101e-01  -2.73870e-01  -9.34688e-01  -2.56399e-01  -5.73409e-01  -9.99326e-01  -1.00732e+00  -6.11709e-01   9.32596e-02  -3.52137e-02   5.83444e-01  -3.85417e-01  -4.32914e-01   3.16014e-01  -3.15547e-01  -9.05812e-02  -1.66985e+00  -9.58437e-01  -7.77802e-02
T2   -1.97276e-02   3.29926e-01  -2.73870e-01  -2.34363e-01   4.60066e-01  -6.24659e-02   1.01249e-01   3.34068e-01  -8.99652e-01  -2.07363e-02   8.01158e-01   1.21651e+00   1.13191e-01   5.73732e-01   2.86078e-01   1.94242e+00  -4.14467e-01  -1.16256e-01  -7.11765e-01  -1.65653e-01   9.35387e-01
T3   -3.55642e-01   5.71729e-01  -9.34688e-01   4.60066e-01   1.02915e+00   6.11214e-01   7.29176e-01   1.22595e+00  -4.38951e-01   2.02921e-01   1.17493e+00   1.61399e+00  -2.70337e-01   4.85796e-01   1.19673e+00   2.03706e+00  -9.84298e-02   9.16285e-02   8.50628e-01   7.22825e-01   1.18143e+00
T4    1.33586e+00  -9.55792e-01  -2.56399e-01  -6.24659e-02   6.11214e-01  -3.18616e+00  -1.36108e-01   5.89243e-01  -1.61309e+00  -3.42514e-01  -1.05832e+00  -6.03505e-01   3.68285e-01  -5.28580e-01  -9.87669e-01   1.27572e+00  -9.43211e-01  -5.05693e-01  -1.21434e+00  -5.28247e-01  -1.06118e+00
T5    1.12916e-01   3.07029e-01  -5.73409e-01   1.01249e-01   7.29176e-01  -1.36108e-01  -8.00428e-02   5.55150e-01  -5.54039e-01   1.23955e-01   3.77566e-01   6.11549e-01  -1.75285e-01   2.54157e-01   2.49614e-01   1.28927e+00  -6.65794e-02   1.25992e-02  -9.10197e-01  -3.04971e-01   3.73957e-01
T6   -4.58850e-01   5.26677e-01  -9.99326e-01   3.34068e-01   1.22595e+00   5.89243e-01   5.55150e-01   1.40132e+00  -2.43132e-01   9.58493e-02   5.39436e-01   1.14151e+00  -7.82481e-01   6.33080e-01   8.14232e-01   1.95947e+00   2.44153e-01   2.71907e-01  -1.26754e-02   4.58624e-01   5.53193e-01
T7   -3.81581e-01  -1.05506e+00  -1.00732e+00  -8.99652e-01  -4.38951e-01  -1.61309e+00  -5.54039e-01  -2.43132e-01  -1.69031e+00  -9.22795e-01  -9.58359e-01  -6.40811e-01  -4.16618e-01  -1.04277e+00  -1.31061e+00   7.21150e-02  -1.02818e+00  -9.47885e-01  -1.57167e+00  -1.37897e+00  -1.23486e+00
T8    6.15432e-01   5.79139e-02  -6.11709e-01  -2.07363e-02   2.02921e-01  -3.42514e-01   1.23955e-01   9.58493e-02  -9.22795e-01  -1.15104e+00   5.48547e-01   8.88719e-01   1.46215e-01   1.22188e-02  -1.29784e-01   1.02360e+00  -3.83185e-01   2.69382e-02  -1.20383e+00  -7.27156e-01   2.66848e-01
T9   -2.51354e-01  -7.50696e-01   9.32596e-02   8.01158e-01   1.17493e+00  -1.05832e+00   3.77566e-01   5.39436e-01  -9.58359e-01   5.48547e-01  -1.10661e+00  -6.78070e-01   5.54154e-01  -8.33683e-01  -4.50208e-01   1.97893e+00  -1.08069e-01  -7.15685e-02  -5.37689e-02   1.90266e-01  -7.57916e-01
T10   -7.83990e-01  -3.59985e-01  -3.52137e-02   1.21651e+00   1.61399e+00  -6.03505e-01   6.11549e-01   1.14151e+00  -6.40811e-01   8.88719e-01  -6.78070e-01   1.15483e-01   9.78279e-01  -2.45855e-01   2.64806e-01   1.88888e+00   3.10733e-01   6.43853e-01  -1.66222e-01   5.51979e-01  -4.54180e-01
T11   -2.86712e-01   4.89232e-01   5.83444e-01   1.13191e-01  -2.70337e-01   3.68285e-01  -1.75285e-01  -7.82481e-01  -4.16618e-01   1.46215e-01   5.54154e-01   9.78279e-01   9.20821e-01   3.75405e-01   3.49421e-01   1.75587e+00   2.03352e-04   2.58551e-01  -1.13412e+00  -7.34089e-01   5.98605e-01
T12    9.58660e-01  -5.67878e-01  -3.85417e-01   5.73732e-01   4.85796e-01  -5.28580e-01   2.54157e-01   6.33080e-01  -1.04277e+00   1.22188e-02  -8.33683e-01  -2.45855e-01   3.75405e-01  -1.12454e+00  -2.57022e-01   1.29090e+00  -1.19145e-01  -5.18772e-03  -7.54658e-01  -1.97148e-01  -7.36724e-01
T13    5.52595e-02  -1.75887e-01  -4.32914e-01   2.86078e-01   1.19673e+00  -9.87669e-01   2.49614e-01   8.14232e-01  -1.31061e+00  -1.29784e-01  -4.50208e-01   2.64806e-01   3.49421e-01  -2.57022e-01  -3.77725e-01   1.19318e+00   2.60048e-01   7.09172e-01  -5.03509e-01  -1.31221e-01  -5.60313e-01
T14   -1.32261e-01   1.36666e+00   3.16014e-01   1.94242e+00   2.03706e+00   1.27572e+00   1.28927e+00   1.95947e+00   7.21150e-02   1.02360e+00   1.97893e+00   1.88888e+00   1.75587e+00   1.29090e+00   1.19318e+00   2.53374e+00   1.64829e+00   1.99901e+00  -5.57544e-01   2.29950e-01   2.07935e+00
T15   -3.08011e-01  -3.12762e-01  -3.15547e-01  -4.14467e-01  -9.84298e-02  -9.43211e-01  -6.65794e-02   2.44153e-01  -1.02818e+00  -3.83185e-01  -1.08069e-01   3.10733e-01   2.03352e-04  -1.19145e-01   2.60048e-01   1.64829e+00  -8.89357e-01  -7.75392e-01  -4.21969e-01  -1.12461e-02  -4.27529e-01
T16   -2.40727e-01  -3.56690e-01  -9.05812e-02  -1.16256e-01   9.16285e-02  -5.05693e-01   1.25992e-02   2.71907e-01  -9.47885e-01   2.69382e-02  -7.15685e-02   6.43853e-01   2.58551e-01  -5.18772e-03   7.09172e-01   1.99901e+00  -7.75392e-01  -8.83995e-01   3.86428e-01   3.73389e-01  -1.45656e-01
T17    1.13591e+00  -2.79049e-01  -1.66985e+00  -7.11765e-01   8.50628e-01  -1.21434e+00  -9.10197e-01  -1.26754e-02  -1.57167e+00  -1.20383e+00  -5.37689e-02  -1.66222e-01  -1.13412e+00  -7.54658e-01  -5.03509e-01  -5.57544e-01  -4.21969e-01   3.86428e-01  -4.16421e-01  -4.90825e-01  -1.51070e-01
T18    1.94723e-01  -8.48971e-02  -9.58437e-01  -1.65653e-01   7.22825e-01  -5.28247e-01  -3.04971e-01   4.58624e-01  -1.37897e+00  -7.27156e-01   1.90266e-01   5.51979e-01  -7.34089e-01  -1.97148e-01  -1.31221e-01   2.29950e-01  -1.12461e-02   3.73389e-01  -4.90825e-01  -1.90668e-01  -2.04771e-01
T19   -4.52650e-01  -9.87006e-01  -7.77802e-02   9.35387e-01   1.18143e+00  -1.06118e+00   3.73957e-01   5.53193e-01  -1.23486e+00   2.66848e-01  -7.57916e-01  -4.54180e-01   5.98605e-01  -7.36724e-01  -5.60313e-01   2.07935e+00  -4.27529e-01  -1.45656e-01  -1.51070e-01  -2.04771e-01  -7.51815e-01
