T0   -5.88668e-01  -2.79717e-01   1.77394e-01   2.13174e-01   3.85897e-01  -2.37393e-01   2.35031e-01   4.69722e-01  -7.50982e-02   6.88944e-02  -3.12202e-01  -2.26497e-01   4.50903e-01  -1.70850e-01  -2.61893e-01   2.14435e-02   6.54567e-02  -3.81052e-02  -1.63520e-01  -2.21219e-01  -4.00315e-01
T1   -3.53248e-01   1.77394e-01   5.28878e-01   2.48189e-01  -3.40545e-01   2.54557e-02   2.37420e-01  -2.41111e-01   1.31923e-02   1.29126e-01   1.98505e-01   1.17798e-01   9.94320e-01   1.65778e-01  -5.90557e-02   1.22703e-01   1.24960e-01   1.03614e-01  -4.35838e-01  -2.40972e-01   9.90094e-02
T2   -2.35237e-01   2.13174e-01   2.48189e-01  -3.01134e-01   1.36589e-02  -5.84297e-02   1.52177e-01   3.39787e-01  -1.38334e-01   9.36197e-02   2.53256e-01   4.22452e-01   2.20649e-01   2.25852e-01   1.81941e-01   7.97998e-02  -1.24853e-01  -1.06966e-01   1.45944e-01   5.22404e-02   1.94305e-01
T3   -7.52631e-01   3.85897e-01  -3.40545e-01   1.36589e-02   6.16831e-01   2.32215e-01   4.59778e-01   1.00951e+00   4.25445e-02  -1.51296e-01   5.07779e-01   6.73788e-01  -1.41019e-01   4.11793e-01   5.43325e-01   2.91811e-01  -4.73413e-02  -6.66880e-03   4.78405e-01   3.72435e-01   3.68098e-01
T4    1.92179e+00  -2.37393e-01   2.54557e-02  -5.84297e-02   2.32215e-01  -2.34219e+00   3.99280e-02   2.96298e-01  -2.79641e-01  -2.59790e-01  -4.39432e-01  -3.48412e-01   2.19133e-01  -4.91894e-01  -5.54621e-01  -1.70808e-01  -2.09294e-01  -2.17887e-01  -5.60503e-01  -3.92043e-01  -4.90224e-01
T5   -2.32278e-01   2.35031e-01   2.37420e-01   1.52177e-01   4.59778e-01   3.99280e-02   2.92196e-01   6.35703e-01   1.16444e-01   1.84306e-01   1.61716e-01   2.73474e-01   4.08302e-01   2.01843e-01   1.16533e-01   1.48364e-01   6.91088e-02   4.10624e-03  -2.99827e-02   5.21752e-02   8.50649e-02
T6   -9.61549e-01   4.69722e-01  -2.41111e-01   3.39787e-01   1.00951e+00   2.96298e-01   6.35703e-01   1.15973e+00   3.27254e-01   8.23658e-02   3.91069e-01   6.07484e-01  -1.21225e-01   4.87753e-01   4.48294e-01   3.67864e-01   2.01464e-01   1.42375e-01   4.14428e-01   2.80824e-01   2.26291e-01
T7   -4.33349e-01  -7.50982e-02   1.31923e-02  -1.38334e-01   4.25445e-02  -2.79641e-01   1.16444e-01   3.27254e-01  -2.64186e-01  -1.25295e-01  -8.38496e-02   5.44012e-02   2.20882e-01  -1.04535e-01  -1.81912e-01  -1.92691e-01  -1.24540e-01  -1.31349e-01  -2.32453e-01  -2.10260e-01  -1.67125e-01
T8    5.72347e-01   6.88944e-02   1.29126e-01   9.36197e-02  -1.51296e-01  -2.59790e-01   1.84306e-01   8.23658e-02  -1.25295e-01  -4.14532e-01   8.62947e-02   1.46096e-01   4.55869e-01  -5.82429e-02  -1.42293e-01  -1.37584e-02  -1.31013e-01  -8.36293e-02  -3.49689e-01  -2.39205e-01  -5.02050e-03
T9    6.35433e-03  -3.12202e-01   1.98505e-01   2.53256e-01   5.07779e-01  -4.39432e-01   1.61716e-01   3.91069e-01  -8.38496e-02   8.62947e-02  -6.47061e-01  -4.18218e-01   2.71002e-01  -3.75381e-01  -4.94312e-01   2.80528e-01   4.03798e-03  -8.35062e-02  -2.82174e-01  -4.18428e-01  -5.93685e-01
T10   -7.18164e-01  -2.26497e-01   1.17798e-01   4.22452e-01   6.73788e-01  -3.48412e-01   2.73474e-01   6.07484e-01   5.44012e-02   1.46096e-01  -4.18218e-01  -3.68914e-01   4.54679e-01  -2.33813e-01  -4.03904e-01   2.38059e-01   1.53155e-01   1.00358e-01  -3.43576e-01  -3.34331e-01  -4.49695e-01
T11   -7.28239e-01   4.50903e-01   9.94320e-01   2.20649e-01  -1.41019e-01   2.19133e-01   4.08302e-01  -1.21225e-01   2.20882e-01   4.55869e-01   2.71002e-01   4.54679e-01   1.00321e+00   4.43837e-01   2.63002e-01   5.30451e-01   2.38580e-01   1.84611e-01   9.31528e-04  -1.48022e-01   1.90934e-01
T12    1.08947e+00  -1.70850e-01   1.65778e-01   2.25852e-01   4.11793e-01  -4.91894e-01   2.01843e-01   4.87753e-01  -1.04535e-01  -5.82429e-02  -3.75381e-01  -2.33813e-01   4.43837e-01  -7.54962e-01  -5.48503e-01   5.08197e-02   5.00800e-02   9.83289e-03  -5.09299e-01  -4.03375e-01  -3.95059e-01
T13    3.89745e-01  -2.61893e-01  -5.90557e-02   1.81941e-01   5.43325e-01  -5.54621e-01   1.16533e-01   4.48294e-01  -1.81912e-01  -1.42293e-01  -4.94312e-01  -4.03904e-01   2.63002e-01  -5.48503e-01  -7.13062e-01  -1.30946e-01  -1.44515e-03   5.81534e-02  -5.57084e-01  -5.78903e-01  -4.41962e-01
T14   -2.41768e-01   2.14435e-02   1.22703e-01   7.97998e-02   2.91811e-01  -1.70808e-01   1.48364e-01   3.67864e-01  -1.92691e-01  -1.37584e-02   2.80528e-01   2.38059e-01   5.30451e-01   5.08197e-02  -1.30946e-01  -4.19619e-02   3.82717e-02   1.07153e-01  -5.14310e-01  -3.55186e-01   1.27228e-01
T15   -3.82715e-01   6.54567e-02   1.24960e-01  -1.24853e-01  -4.73413e-02  -2.09294e-01   6.91088e-02   2.01464e-01  -1.24540e-01  -1.31013e-01   4.03798e-03   1.53155e-01   2.38580e-01   5.00800e-02  -1.44515e-03   3.82717e-02  -1.94642e-01  -1.52265e-01   1.68332e-02  -1.23496e-02  -9.06101e-02
T16   -2.38511e-01  -3.81052e-02   1.03614e-01  -1.06966e-01  -6.66880e-03  -2.17887e-01   4.10624e-03   1.42375e-01  -1.31349e-01  -8.36293e-02  -8.35062e-02   1.00358e-01   1.84611e-01   9.83289e-03   5.81534e-02   1.07153e-01  -1.52265e-01  -2.98114e-01   1.77589e-01   3.82657e-02  -2.39645e-01
T17    1.39981e+00  -1.63520e-01  -4.35838e-01   1.45944e-01   4.78405e-01  -5.60503e-01  -2.99827e-02   4.14428e-01  -2.32453e-01  -3.49689e-01  -2.82174e-01  -3.43576e-01   9.31528e-04  -5.09299e-01  -5.57084e-01  -5.14310e-01   1.68332e-02   1.77589e-01  -6.96019e-01  -4.74174e-01  -2.42367e-01
T18    5.43722e-01  -2.21219e-01  -2.40972e-01   5.22404e-02   3.72435e-01  -3.92043e-01   5.21752e-02   2.80824e-01  -2.10260e-01  -2.39205e-01  -4.18428e-01  -3.34331e-01  -1.48022e-01  -4.03375e-01  -5.78903e-01  -3.55186e-01  -1.23496e-02   3.82657e-02  -4.74174e-01  -5.56858e-01  -3.54928e-01
T19   -5.68841e-02  -4.00315e-01   9.90094e-02   1.94305e-01   3.68098e-01  -4.90224e-01   8.50649e-02   2.26291e-01  -1.67125e-01  -5.02050e-03  -5.93685e-01  -4.49695e-01   1.90934e-01  -3.95059e-01  -4.41962e-01   1.27228e-01  -9.06101e-02  -2.39645e-01  -2.42367e-01  -3.54928e-01  -7.14404e-01
