T0   -4.69554e-01  -4.40938e-02   3.83056e-03   1.79170e-02   3.29392e-03   1.27842e-02   2.89336e-03   1.18533e-02  -1.23277e-02   6.27190e-03   4.55060e-03  -8.83800e-03   2.86342e-02  -1.07378e-03   7.69556e-03   3.55596e-03   8.83009e-03  -8.01574e-04   4.10952e-03   1.32913e-02  -1.02588e-02
T1   -8.33058e-01   3.83056e-03   1.17410e-02   4.66701e-02  -1.63020e-02  -9.36107e-03   3.58659e-02  -1.65215e-02   1.11383e-02   1.88699e-02   7.30078e-03  -1.39989e-02   1.10770e-01  -1.36949e-02  -7.40658e-03   7.00966e-03   2.33192e-02   2.56608e-02  -1.42495e-02   4.24063e-03  -4.88274e-03
T2   -5.50688e-01   1.79170e-02   4.66701e-02  -4.92467e-02   1.31024e-02   8.70700e-03   8.60417e-03   4.14188e-02   6.37760e-04   2.22924e-02  -1.06212e-02   1.78640e-02   1.62598e-02  -6.81007e-03  -4.19182e-03   2.62588e-02  -5.95166e-03  -2.43009e-03  -7.46018e-03  -2.35807e-02   1.27703e-02
T3   -1.10967e+00   3.29392e-03  -1.63020e-02   1.31024e-02   2.38255e-02   2.04138e-02   3.24489e-02   6.33272e-02   4.24469e-03   2.34826e-03   1.39430e-03   1.18157e-02   1.51105e-03   1.91582e-03   2.28500e-03   2.22491e-02   2.29450e-02   1.23959e-02  -1.63566e-02  -1.31234e-02   4.89815e-03
T4    1.99952e+00   1.27842e-02  -9.36107e-03   8.70700e-03   2.04138e-02  -2.84593e-01  -5.10082e-03   2.11526e-02   9.19047e-04  -4.29291e-02  -6.50564e-03  -6.78699e-03   3.07995e-03  -2.43229e-02  -1.62581e-02  -6.78246e-03  -2.01371e-02   3.75814e-03  -1.78619e-02  -2.77431e-03  -7.64915e-03
T5   -6.42693e-01   2.89336e-03   3.58659e-02   8.60417e-03   3.24489e-02  -5.10082e-03  -4.01038e-02   5.27573e-02   2.27236e-02   1.60147e-02   1.76487e-04  -1.24779e-02   5.98942e-02  -5.99320e-03  -4.58559e-03   1.93732e-02   1.03264e-02   9.89220e-03  -2.44832e-02  -6.85988e-03   7.68419e-03
T6   -1.53123e+00   1.18533e-02  -1.65215e-02   4.14188e-02   6.33272e-02   2.11526e-02   5.27573e-02   3.91180e-02   2.46493e-02   1.03661e-02  -1.19551e-02  -4.22810e-03  -7.16994e-04  -2.29842e-03  -6.84757e-03   3.51248e-02   4.01980e-02   3.25234e-02  -4.79286e-03  -8.16469e-03   3.04183e-04
T7   -5.58463e-01  -1.23277e-02   1.11383e-02   6.37760e-04   4.24469e-03   9.19047e-04   2.27236e-02   2.46493e-02  -3.58210e-02   1.44007e-04   2.07266e-03   1.45803e-02   3.58281e-02  -6.22523e-03   4.58810e-03  -4.53943e-03   1.74335e-03  -4.20704e-03  -8.47091e-03   1.40513e-03  -8.93472e-03
T8    5.67924e-01   6.27190e-03   1.88699e-02   2.22924e-02   2.34826e-03  -4.29291e-02   1.60147e-02   1.03661e-02   1.44007e-04  -7.25890e-02  -3.65801e-03  -7.91160e-03   6.25017e-02  -2.24685e-02  -2.08341e-02  -1.85761e-03   1.07402e-02   7.16615e-03  -3.24283e-02  -1.56980e-02   5.75947e-05
T9    6.36198e-01   4.55060e-03   7.30078e-03  -1.06212e-02   1.39430e-03  -6.50564e-03   1.76487e-04  -1.19551e-02   2.07266e-03  -3.65801e-03  -5.85787e-02  -1.69390e-02  -2.68201e-02  -6.21798e-03  -1.59083e-02   1.18562e-02  -7.39217e-03  -6.02207e-03   2.37772e-02  -2.35740e-03  -1.77652e-02
T10   -9.22588e-02  -8.83800e-03  -1.39989e-02   1.78640e-02   1.18157e-02  -6.78699e-03  -1.24779e-02  -4.22810e-03   1.45803e-02  -7.91160e-03  -1.69390e-02  -4.34162e-02   2.97271e-03   1.14905e-03  -1.61216e-02   2.76377e-03  -4.04054e-03   4.20162e-03   2.06981e-03   5.56666e-03  -1.46459e-02
T11   -1.48473e+00   2.86342e-02   1.10770e-01   1.62598e-02   1.51105e-03   3.07995e-03   5.98942e-02  -7.16994e-04   3.58281e-02   6.25017e-02  -2.68201e-02   2.97271e-03   3.99184e-03  -1.40792e-02  -1.27107e-02   4.97832e-02   3.11090e-02   3.04765e-02   1.41123e-02  -1.15073e-02  -3.52690e-03
T12    1.68594e+00  -1.07378e-03  -1.36949e-02  -6.81007e-03   1.91582e-03  -2.43229e-02  -5.99320e-03  -2.29842e-03  -6.22523e-03  -2.24685e-02  -6.21798e-03   1.14905e-03  -1.40792e-02  -1.82180e-01  -6.25634e-03  -7.68896e-03  -5.76151e-04   7.84876e-04   2.72011e-03   5.85369e-03   4.06198e-03
T13    1.01446e+00   7.69556e-03  -7.40658e-03  -4.19182e-03   2.28500e-03  -1.62581e-02  -4.58559e-03  -6.84757e-03   4.58810e-03  -2.08341e-02  -1.59083e-02  -1.61216e-02  -1.27107e-02  -6.25634e-03  -5.19344e-02  -6.84212e-03  -1.50930e-02  -4.11706e-03  -1.99855e-02  -2.27479e-02  -9.74845e-03
T14   -5.84383e-01   3.55596e-03   7.00966e-03   2.62588e-02   2.22491e-02  -6.78246e-03   1.93732e-02   3.51248e-02  -4.53943e-03  -1.85761e-03   1.18562e-02   2.76377e-03   4.97832e-02  -7.68896e-03  -6.84212e-03  -3.11963e-02   2.25097e-02   8.36766e-03  -3.48780e-02  -1.35398e-02   9.36869e-05
T15   -5.35760e-01   8.83009e-03   2.33192e-02  -5.95166e-03   2.29450e-02  -2.01371e-02   1.03264e-02   4.01980e-02   1.74335e-03   1.07402e-02  -7.39217e-03  -4.04054e-03   3.11090e-02  -5.76151e-04  -1.50930e-02   2.25097e-02  -2.98366e-02  -6.93515e-03  -1.09952e-02  -9.47283e-03  -3.62456e-03
T16   -3.22866e-01  -8.01574e-04   2.56608e-02  -2.43009e-03   1.23959e-02   3.75814e-03   9.89220e-03   3.25234e-02  -4.20704e-03   7.16615e-03  -6.02207e-03   4.20162e-03   3.04765e-02   7.84876e-04  -4.11706e-03   8.36766e-03  -6.93515e-03  -3.48617e-02  -4.39905e-03  -6.86922e-03  -1.23517e-02
T17    1.82408e+00   4.10952e-03  -1.42495e-02  -7.46018e-03  -1.63566e-02  -1.78619e-02  -2.44832e-02  -4.79286e-03  -8.47091e-03  -3.24283e-02   2.37772e-02   2.06981e-03   1.41123e-02   2.72011e-03  -1.99855e-02  -3.48780e-02  -1.09952e-02  -4.39905e-03  -1.23517e-01  -2.72535e-02   1.43024e-02
T18    7.34968e-01   1.32913e-02   4.24063e-03  -2.35807e-02  -1.31234e-02  -2.77431e-03  -6.85988e-03  -8.16469e-03   1.40513e-03  -1.56980e-02  -2.35740e-03   5.56666e-03  -1.15073e-02   5.85369e-03  -2.27479e-02  -1.35398e-02  -9.47283e-03  -6.86922e-03  -2.72535e-02  -4.47318e-02   9.34519e-03
T19    2.52266e-01  -1.02588e-02  -4.88274e-03   1.27703e-02   4.89815e-03  -7.64915e-03   7.68419e-03   3.04183e-04  -8.93472e-03   5.75947e-05  -1.77652e-02  -1.46459e-02  -3.52690e-03   4.06198e-03  -9.74845e-03   9.36869e-05  -3.62456e-03  -1.23517e-02   1.43024e-02   9.34519e-03  -4.13183e-02
