T0   -7.33264e-01  -1.93157e-01   1.35064e-01   1.79943e-01   2.27884e-01  -1.04028e-01   1.59687e-01   3.01932e-01  -5.86106e-02   1.02730e-01  -1.23488e-01  -1.23440e-01   3.17478e-01  -9.35071e-02  -1.19555e-01   7.92973e-02   7.19883e-02   2.56644e-02  -1.06937e-01  -3.85194e-02  -1.48868e-01
T1   -6.21661e-01   1.35064e-01   3.42356e-01   1.43874e-01  -3.52890e-01   1.66561e-02   1.67726e-01  -3.15899e-01   1.96479e-03   1.40750e-01   1.53330e-01   1.02224e-01   6.67650e-01   1.32594e-01   4.57324e-02   2.63003e-02   7.43768e-02   7.89274e-02  -1.03728e-01  -1.96101e-02   8.09914e-02
T2   -5.90890e-01   1.79943e-01   1.43874e-01  -1.97315e-01   2.30870e-02   2.04766e-02   8.06224e-02   2.07240e-01  -7.38319e-02   4.37005e-02   1.96955e-01   3.14234e-01   1.03709e-01   1.32617e-01   1.08835e-01   4.87026e-02  -4.88788e-02  -2.32532e-02   3.90232e-02   1.75786e-04   1.90176e-01
T3   -1.11190e+00   2.27884e-01  -3.52890e-01   2.30870e-02   3.33464e-01   1.38190e-01   2.31163e-01   6.01566e-01  -1.40816e-02  -1.66413e-01   3.34836e-01   4.18197e-01  -2.26153e-01   2.82345e-01   2.66980e-01   1.26941e-01   2.64047e-02   7.03153e-02   6.88896e-02   7.03151e-03   2.61148e-01
T4    2.11731e+00  -1.04028e-01   1.66561e-02   2.04766e-02   1.38190e-01  -1.32324e+00   3.59737e-02   2.02174e-01  -9.94419e-02  -1.49736e-01  -2.06856e-01  -2.00157e-01   1.03900e-01  -2.46718e-01  -3.29548e-01  -1.06164e-01  -8.32838e-02  -4.59868e-02  -3.32959e-01  -2.00509e-01  -2.26737e-01
T5   -6.23385e-01   1.59687e-01   1.67726e-01   8.06224e-02   2.31163e-01   3.59737e-02   1.07236e-01   3.63114e-01   4.07715e-02   1.11433e-01   1.42337e-01   1.79796e-01   3.01013e-01   1.11535e-01   7.96650e-02   7.01427e-02   4.91525e-02   3.82172e-02  -9.37392e-02   1.07538e-02   1.10619e-01
T6   -1.41719e+00   3.01932e-01  -3.15899e-01   2.07240e-01   6.01566e-01   2.02174e-01   3.63114e-01   6.72076e-01   1.54850e-01  -5.41519e-02   2.45274e-01   3.52989e-01  -1.93590e-01   2.93896e-01   2.18268e-01   2.26587e-01   1.41573e-01   1.62790e-01   5.51254e-02   9.10354e-03   1.92080e-01
T7   -6.36057e-01  -5.86106e-02   1.96479e-03  -7.38319e-02  -1.40816e-02  -9.94419e-02   4.07715e-02   1.54850e-01  -1.93897e-01  -3.64180e-02   9.22795e-02   1.37157e-01   1.09363e-01  -1.85098e-02   2.33260e-02  -4.25360e-02  -7.11333e-02  -2.70892e-02  -3.05581e-02  -7.16315e-03   3.17775e-02
T8    4.55058e-01   1.02730e-01   1.40750e-01   4.37005e-02  -1.66413e-01  -1.49736e-01   1.11433e-01  -5.41519e-02  -3.64180e-02  -3.27179e-01   6.50435e-02   8.80895e-02   3.71535e-01  -4.76387e-02  -6.59932e-02  -6.77648e-03  -5.28219e-02  -1.53206e-02  -2.14707e-01  -1.48080e-01   4.02790e-02
T9    5.03635e-01  -1.23488e-01   1.53330e-01   1.96955e-01   3.34836e-01  -2.06856e-01   1.42337e-01   2.45274e-01   9.22795e-02   6.50435e-02  -5.46160e-01  -4.09964e-01   1.42628e-01  -2.74454e-01  -4.31533e-01   1.36086e-01   9.53300e-02  -4.14698e-02  -2.75146e-01  -3.03437e-01  -4.02933e-01
T10   -2.81777e-01  -1.23440e-01   1.02224e-01   3.14234e-01   4.18197e-01  -2.00157e-01   1.79796e-01   3.52989e-01   1.37157e-01   8.80895e-02  -4.09964e-01  -4.46110e-01   2.78560e-01  -2.18274e-01  -4.02090e-01   1.04010e-01   1.52060e-01   5.52191e-02  -3.17176e-01  -2.44431e-01  -3.58243e-01
T11   -1.20649e+00   3.17478e-01   6.67650e-01   1.03709e-01  -2.26153e-01   1.03900e-01   3.01013e-01  -1.93590e-01   1.09363e-01   3.71535e-01   1.42628e-01   2.78560e-01   5.07435e-01   2.62084e-01   1.61321e-01   3.05734e-01   1.34315e-01   1.42208e-01   1.17728e-01  -8.77034e-03   1.48896e-01
T12    1.31739e+00  -9.35071e-02   1.32594e-01   1.32617e-01   2.82345e-01  -2.46718e-01   1.11535e-01   2.93896e-01  -1.85098e-02  -4.76387e-02  -2.74454e-01  -2.18274e-01   2.62084e-01  -5.60090e-01  -3.83277e-01   5.06724e-03   6.67231e-02   9.20620e-03  -3.46857e-01  -2.48853e-01  -2.23157e-01
T13    1.07524e+00  -1.19555e-01   4.57324e-02   1.08835e-01   2.66980e-01  -3.29548e-01   7.96650e-02   2.18268e-01   2.33260e-02  -6.59932e-02  -4.31533e-01  -4.02090e-01   1.61321e-01  -3.83277e-01  -5.81046e-01  -3.34618e-02   8.09267e-03  -4.56625e-02  -4.62590e-01  -3.97005e-01  -3.45788e-01
T14   -4.52907e-01   7.92973e-02   2.63003e-02   4.87026e-02   1.26941e-01  -1.06164e-01   7.01427e-02   2.26587e-01  -4.25360e-02  -6.77648e-03   1.36086e-01   1.04010e-01   3.05734e-01   5.06724e-03  -3.34618e-02  -7.08497e-02   6.97694e-02   4.85875e-02  -3.01110e-01  -1.91739e-01   7.22301e-02
T15   -6.72327e-01   7.19883e-02   7.43768e-02  -4.88788e-02   2.64047e-02  -8.32838e-02   4.91525e-02   1.41573e-01  -7.11333e-02  -5.28219e-02   9.53300e-02   1.52060e-01   1.34315e-01   6.67231e-02   8.09267e-03   6.97694e-02  -8.12561e-02  -2.56919e-02  -2.59583e-02   1.66675e-04   6.12858e-02
T16   -4.17102e-01   2.56644e-02   7.89274e-02  -2.32532e-02   7.03153e-02  -4.59868e-02   3.82172e-02   1.62790e-01  -2.70892e-02  -1.53206e-02  -4.14698e-02   5.52191e-02   1.42208e-01   9.20620e-03  -4.56625e-02   4.85875e-02  -2.56919e-02  -9.60797e-02  -4.70477e-02  -4.06791e-02  -7.99728e-02
T17    2.12632e+00  -1.06937e-01  -1.03728e-01   3.90232e-02   6.88896e-02  -3.32959e-01  -9.37392e-02   5.51254e-02  -3.05581e-02  -2.14707e-01  -2.75146e-01  -3.17176e-01   1.17728e-01  -3.46857e-01  -4.62590e-01  -3.01110e-01  -2.59583e-02  -4.70477e-02  -6.00165e-01  -3.65848e-01  -2.36855e-01
T18    9.41405e-01  -3.85194e-02  -1.96101e-02   1.75786e-04   7.03151e-03  -2.00509e-01   1.07538e-02   9.10354e-03  -7.16315e-03  -1.48080e-01  -3.03437e-01  -2.44431e-01  -8.77034e-03  -2.48853e-01  -3.97005e-01  -1.91739e-01   1.66675e-04  -4.06791e-02  -3.65848e-01  -3.01632e-01  -2.17180e-01
T19    2.28584e-01  -1.48868e-01   8.09914e-02   1.90176e-01   2.61148e-01  -2.26737e-01   1.10619e-01   1.92080e-01   3.17775e-02   4.02790e-02  -4.02933e-01  -3.58243e-01   1.48896e-01  -2.23157e-01  -3.45788e-01   7.22301e-02   6.12858e-02  -7.99728e-02  -2.36855e-01  -2.17180e-01  -4.34294e-01
