T0   -4.41697e-01  -1.59550e-01   5.83223e-02   9.62585e-02   1.03931e-01  -7.53577e-02   6.05526e-02   1.43777e-01  -4.60348e-02   4.32692e-02  -1.00888e-01  -1.20574e-01   1.73632e-01  -8.84705e-02  -7.40852e-02   2.83868e-02   3.40860e-02  -5.23127e-03  -5.69994e-02  -2.24453e-02  -1.31174e-01
T1   -8.54134e-01   5.83223e-02   2.21424e-01   1.18718e-01  -2.23845e-01   7.77832e-03   1.40858e-01  -1.83026e-01   8.35978e-03   1.01204e-01   1.39405e-01   9.27605e-02   4.98790e-01   9.00656e-02   7.04185e-02   1.35102e-02   5.40751e-02   7.29526e-02  -2.87942e-02   2.78785e-02   6.93051e-02
T2   -6.74258e-01   9.62585e-02   1.18718e-01  -1.41907e-01   3.24251e-02  -3.26114e-03   5.29622e-02   1.63072e-01  -4.06135e-02   4.10576e-02   9.87790e-02   1.84141e-01   6.39027e-02   5.62061e-02   6.97607e-02   5.34168e-02  -3.32584e-02  -1.21267e-02   3.06026e-02  -1.23356e-02   1.21422e-01
T3   -1.23400e+00   1.03931e-01  -2.23845e-01   3.24251e-02   2.17380e-01   5.73092e-02   1.40609e-01   3.49215e-01  -8.44549e-04  -9.37081e-02   1.82507e-01   2.20939e-01  -1.23400e-01   1.24576e-01   1.63226e-01   8.10423e-02   4.44047e-02   5.40521e-02   5.46031e-02   5.77784e-03   1.42147e-01
T4    2.44296e+00  -7.53577e-02   7.77832e-03  -3.26114e-03   5.73092e-02  -9.57455e-01  -1.17424e-02   9.89938e-02  -7.86628e-02  -1.13834e-01  -1.46747e-01  -1.45428e-01   6.37380e-02  -1.95249e-01  -2.07550e-01  -7.88691e-02  -9.35770e-02  -4.70985e-02  -1.96900e-01  -1.15664e-01  -1.58762e-01
T5   -7.70088e-01   6.05526e-02   1.40858e-01   5.29622e-02   1.40609e-01  -1.17424e-02   4.35491e-02   2.39929e-01   3.80429e-02   8.63346e-02   1.07780e-01   1.04817e-01   2.47266e-01   5.30064e-02   7.39762e-02   4.93079e-02   2.23613e-02   2.08970e-02  -3.09855e-02   1.40458e-02   7.88336e-02
T6   -1.64419e+00   1.43777e-01  -1.83026e-01   1.63072e-01   3.49215e-01   9.89938e-02   2.39929e-01   3.50899e-01   1.14834e-01  -9.55205e-03   1.44149e-01   1.95756e-01  -8.54290e-02   1.52790e-01   1.47202e-01   1.51853e-01   1.21638e-01   1.19244e-01   6.83259e-02   1.83806e-02   1.17404e-01
T7   -5.32669e-01  -4.60348e-02   8.35978e-03  -4.06135e-02  -8.44549e-04  -7.86628e-02   3.80429e-02   1.14834e-01  -1.24394e-01  -5.00369e-02   2.66562e-02   5.37321e-02   8.29073e-02  -3.37075e-02   2.55729e-03  -2.32704e-02  -3.48068e-02  -3.39827e-02  -1.77708e-02  -1.03788e-02  -1.88331e-02
T8    3.44174e-01   4.32692e-02   1.01204e-01   4.10576e-02  -9.37081e-02  -1.13834e-01   8.63346e-02  -9.55205e-03  -5.00369e-02  -2.69453e-01   8.13141e-02   8.72500e-02   2.74023e-01  -2.05152e-02  -1.29842e-02   5.65859e-03  -3.52781e-02   4.88834e-03  -1.20947e-01  -6.74505e-02   4.85625e-02
T9    6.42402e-01  -1.00888e-01   1.39405e-01   9.87790e-02   1.82507e-01  -1.46747e-01   1.07780e-01   1.44149e-01   2.66562e-02   8.13141e-02  -3.75432e-01  -2.65456e-01   1.04171e-01  -1.79155e-01  -2.71891e-01   9.40380e-02   2.36888e-02  -2.98831e-02  -1.46450e-01  -1.61811e-01  -2.55141e-01
T10   -1.57760e-01  -1.20574e-01   9.27605e-02   1.84141e-01   2.20939e-01  -1.45428e-01   1.04817e-01   1.95756e-01   5.37321e-02   8.72500e-02  -2.65456e-01  -3.01500e-01   2.02297e-01  -1.45985e-01  -2.51952e-01   6.91753e-02   5.28691e-02   3.11422e-02  -1.82170e-01  -1.14167e-01  -2.18278e-01
T11   -1.50854e+00   1.73632e-01   4.98790e-01   6.39027e-02  -1.23400e-01   6.37380e-02   2.47266e-01  -8.54290e-02   8.29073e-02   2.74023e-01   1.04171e-01   2.02297e-01   3.01374e-01   1.65961e-01   1.18907e-01   1.99742e-01   8.71192e-02   1.13196e-01   1.29554e-01   1.54728e-02   1.04230e-01
T12    1.55684e+00  -8.84705e-02   9.00656e-02   5.62061e-02   1.24576e-01  -1.95249e-01   5.30064e-02   1.52790e-01  -3.37075e-02  -2.05152e-02  -1.79155e-01  -1.45985e-01   1.65961e-01  -4.75794e-01  -2.48644e-01   4.07435e-03   1.24612e-02  -1.68966e-02  -1.93118e-01  -1.36642e-01  -1.39475e-01
T13    1.07385e+00  -7.40852e-02   7.04185e-02   6.97607e-02   1.63226e-01  -2.07550e-01   7.39762e-02   1.47202e-01   2.55729e-03  -1.29842e-02  -2.71891e-01  -2.51952e-01   1.18907e-01  -2.48644e-01  -3.70297e-01   1.40921e-02  -1.11804e-02  -1.53301e-02  -2.82416e-01  -2.32712e-01  -2.04408e-01
T14   -5.34229e-01   2.83868e-02   1.35102e-02   5.34168e-02   8.10423e-02  -7.88691e-02   4.93079e-02   1.51853e-01  -2.32704e-02   5.65859e-03   9.40380e-02   6.91753e-02   1.99742e-01   4.07435e-03   1.40921e-02  -8.46240e-02   4.85729e-02   4.23321e-02  -1.50427e-01  -9.97094e-02   4.33448e-02
T15   -6.03057e-01   3.40860e-02   5.40751e-02  -3.32584e-02   4.44047e-02  -9.35770e-02   2.23613e-02   1.21638e-01  -3.48068e-02  -3.52781e-02   2.36888e-02   5.28691e-02   8.71192e-02   1.24612e-02  -1.11804e-02   4.85729e-02  -6.88401e-02  -2.83238e-02  -1.80246e-02  -1.24530e-02   1.97038e-02
T16   -3.85769e-01  -5.23127e-03   7.29526e-02  -1.21267e-02   5.40521e-02  -4.70985e-02   2.08970e-02   1.19244e-01  -3.39827e-02   4.88834e-03  -2.98831e-02   3.11422e-02   1.13196e-01  -1.68966e-02  -1.53301e-02   4.23321e-02  -2.83238e-02  -8.19728e-02  -2.36451e-02  -2.90083e-02  -5.60338e-02
T17    2.04940e+00  -5.69994e-02  -2.87942e-02   3.06026e-02   5.46031e-02  -1.96900e-01  -3.09855e-02   6.83259e-02  -1.77708e-02  -1.20947e-01  -1.46450e-01  -1.82170e-01   1.29554e-01  -1.93118e-01  -2.82416e-01  -1.50427e-01  -1.80246e-02  -2.36451e-02  -4.51920e-01  -2.24511e-01  -1.28342e-01
T18    8.68327e-01  -2.24453e-02   2.78785e-02  -1.23356e-02   5.77784e-03  -1.15664e-01   1.40458e-02   1.83806e-02  -1.03788e-02  -6.74505e-02  -1.61811e-01  -1.14167e-01   1.54728e-02  -1.36642e-01  -2.32712e-01  -9.97094e-02  -1.24530e-02  -2.90083e-02  -2.24511e-01  -1.81766e-01  -1.06573e-01
T19    3.62439e-01  -1.31174e-01   6.93051e-02   1.21422e-01   1.42147e-01  -1.58762e-01   7.88336e-02   1.17404e-01  -1.88331e-02   4.85625e-02  -2.55141e-01  -2.18278e-01   1.04230e-01  -1.39475e-01  -2.04408e-01   4.33448e-02   1.97038e-02  -5.60338e-02  -1.28342e-01  -1.06573e-01  -2.86432e-01
