T0   -5.71112e-01  -3.27779e-01   1.71525e-01   1.95983e-01   3.86485e-01  -2.91463e-01   2.40587e-01   4.75000e-01  -1.35819e-01   6.78630e-02  -3.20185e-01  -2.23053e-01   4.54370e-01  -1.80560e-01  -2.85862e-01   3.53823e-02   2.66969e-02  -6.34044e-02  -1.76606e-01  -2.44405e-01  -4.16103e-01
T1   -3.09097e-01   1.71525e-01   5.34183e-01   2.35573e-01  -3.47496e-01   3.12276e-02   2.22302e-01  -2.33458e-01  -1.98414e-02   1.07451e-01   2.04819e-01   1.10359e-01   9.97047e-01   1.63924e-01  -8.76067e-02   1.27304e-01   1.18216e-01   1.06091e-01  -5.18352e-01  -2.95700e-01   1.15773e-01
T2   -1.95473e-01   1.95983e-01   2.35573e-01  -3.26473e-01   2.48866e-02  -7.17255e-02   1.63993e-01   3.58737e-01  -1.82717e-01   8.75865e-02   2.92653e-01   4.45956e-01   2.07492e-01   2.15337e-01   1.84179e-01   1.03547e-01  -1.40082e-01  -1.11993e-01   1.40894e-01   4.74792e-02   2.22669e-01
T3   -6.97932e-01   3.86485e-01  -3.47496e-01   2.48866e-02   6.21237e-01   2.31367e-01   4.88852e-01   1.01778e+00   1.37511e-02  -1.31674e-01   5.67424e-01   7.12224e-01  -1.39797e-01   4.30229e-01   5.58095e-01   3.28834e-01  -6.48978e-02  -1.24255e-02   5.73110e-01   4.21169e-01   4.11014e-01
T4    1.88760e+00  -2.91463e-01   3.12276e-02  -7.17255e-02   2.31367e-01  -2.52812e+00   7.01151e-02   3.28913e-01  -3.46447e-01  -2.68919e-01  -4.34566e-01  -3.60905e-01   2.42592e-01  -5.05776e-01  -5.83604e-01  -1.27070e-01  -2.46357e-01  -2.58361e-01  -6.23924e-01  -4.40593e-01  -5.13661e-01
T5   -1.88157e-01   2.40587e-01   2.22302e-01   1.63993e-01   4.88852e-01   7.01151e-02   3.01418e-01   6.50214e-01   9.33344e-02   1.75714e-01   2.04326e-01   3.10240e-01   4.01163e-01   1.87952e-01   9.62967e-02   1.56330e-01   7.15155e-02   2.05343e-02  -5.32172e-02   4.12713e-02   1.20621e-01
T6   -9.07000e-01   4.75000e-01  -2.33458e-01   3.58737e-01   1.01778e+00   3.28913e-01   6.50214e-01   1.18391e+00   3.14171e-01   1.20971e-01   4.41715e-01   6.77090e-01  -1.21661e-01   5.21411e-01   4.64700e-01   4.11085e-01   2.25156e-01   1.73049e-01   4.60351e-01   3.04841e-01   2.91439e-01
T7   -3.71992e-01  -1.35819e-01  -1.98414e-02  -1.82717e-01   1.37511e-02  -3.46447e-01   9.33344e-02   3.14171e-01  -3.22454e-01  -1.57334e-01  -1.31895e-01   2.90897e-02   2.08964e-01  -1.54549e-01  -2.32538e-01  -2.28728e-01  -1.81239e-01  -1.79325e-01  -2.78810e-01  -2.58438e-01  -2.29392e-01
T8    5.79571e-01   6.78630e-02   1.07451e-01   8.75865e-02  -1.31674e-01  -2.68919e-01   1.75714e-01   1.20971e-01  -1.57334e-01  -4.12098e-01   1.01979e-01   1.63472e-01   4.25809e-01  -6.34314e-02  -1.67455e-01   3.77905e-03  -1.34294e-01  -8.14419e-02  -4.13126e-01  -2.59338e-01   2.41651e-02
T9   -8.57173e-02  -3.20185e-01   2.04819e-01   2.92653e-01   5.67424e-01  -4.34566e-01   2.04326e-01   4.41715e-01  -1.31895e-01   1.01979e-01  -6.26532e-01  -3.82662e-01   3.16042e-01  -3.68834e-01  -4.75303e-01   3.53324e-01   2.06607e-02  -2.60208e-02  -2.66065e-01  -3.78050e-01  -5.66246e-01
T10   -7.67033e-01  -2.23053e-01   1.10359e-01   4.45956e-01   7.12224e-01  -3.60905e-01   3.10240e-01   6.77090e-01   2.90897e-02   1.63472e-01  -3.82662e-01  -3.29143e-01   5.01535e-01  -1.95245e-01  -4.05469e-01   2.78386e-01   1.64495e-01   1.51860e-01  -3.49373e-01  -3.23506e-01  -4.08385e-01
T11   -6.64479e-01   4.54370e-01   9.97047e-01   2.07492e-01  -1.39797e-01   2.42592e-01   4.01163e-01  -1.21661e-01   2.08964e-01   4.25809e-01   3.16042e-01   5.01535e-01   1.02133e+00   4.59503e-01   2.44479e-01   5.46772e-01   2.29798e-01   1.95923e-01  -6.62422e-02  -1.95738e-01   2.45185e-01
T12    1.06107e+00  -1.80560e-01   1.63924e-01   2.15337e-01   4.30229e-01  -5.05776e-01   1.87952e-01   5.21411e-01  -1.54549e-01  -6.34314e-02  -3.68834e-01  -1.95245e-01   4.59503e-01  -7.55488e-01  -5.73195e-01   6.86471e-02   4.49949e-02   2.29955e-02  -5.46005e-01  -4.35533e-01  -3.79567e-01
T13    3.46593e-01  -2.85862e-01  -8.76067e-02   1.84179e-01   5.58095e-01  -5.83604e-01   9.62967e-02   4.64700e-01  -2.32538e-01  -1.67455e-01  -4.75303e-01  -4.05469e-01   2.44479e-01  -5.73195e-01  -7.51023e-01  -1.36258e-01  -5.91656e-03   1.01724e-01  -5.96417e-01  -6.13516e-01  -4.23761e-01
T14   -2.45723e-01   3.53823e-02   1.27304e-01   1.03547e-01   3.28834e-01  -1.27070e-01   1.56330e-01   4.11085e-01  -2.28728e-01   3.77905e-03   3.53324e-01   2.78386e-01   5.46772e-01   6.86471e-02  -1.36258e-01   3.86243e-02   6.39567e-02   1.60163e-01  -5.54445e-01  -3.65181e-01   2.03810e-01
T15   -3.50819e-01   2.66969e-02   1.18216e-01  -1.40082e-01  -6.48978e-02  -2.46357e-01   7.15155e-02   2.25156e-01  -1.81239e-01  -1.34294e-01   2.06607e-02   1.64495e-01   2.29798e-01   4.49949e-02  -5.91656e-03   6.39567e-02  -2.42186e-01  -1.89722e-01   2.60092e-02  -1.26078e-02  -1.15569e-01
T16   -2.42987e-01  -6.34044e-02   1.06091e-01  -1.11993e-01  -1.24255e-02  -2.58361e-01   2.05343e-02   1.73049e-01  -1.79325e-01  -8.14419e-02  -2.60208e-02   1.51860e-01   1.95923e-01   2.29955e-02   1.01724e-01   1.60163e-01  -1.89722e-01  -3.42612e-01   2.49528e-01   5.79058e-02  -2.40816e-01
T17    1.37489e+00  -1.76606e-01  -5.18352e-01   1.40894e-01   5.73110e-01  -6.23924e-01  -5.32172e-02   4.60351e-01  -2.78810e-01  -4.13126e-01  -2.66065e-01  -3.49373e-01  -6.62422e-02  -5.46005e-01  -5.96417e-01  -5.54445e-01   2.60092e-02   2.49528e-01  -7.49887e-01  -5.17812e-01  -2.33042e-01
T18    4.98456e-01  -2.44405e-01  -2.95700e-01   4.74792e-02   4.21169e-01  -4.40593e-01   4.12713e-02   3.04841e-01  -2.58438e-01  -2.59338e-01  -3.78050e-01  -3.23506e-01  -1.95738e-01  -4.35533e-01  -6.13516e-01  -3.65181e-01  -1.26078e-02   5.79058e-02  -5.17812e-01  -5.95014e-01  -3.35386e-01
T19   -1.50664e-01  -4.16103e-01   1.15773e-01   2.22669e-01   4.11014e-01  -5.13661e-01   1.20621e-01   2.91439e-01  -2.29392e-01   2.41651e-02  -5.66246e-01  -4.08385e-01   2.45185e-01  -3.79567e-01  -4.23761e-01   2.03810e-01  -1.15569e-01  -2.40816e-01  -2.33042e-01  -3.35386e-01  -7.35471e-01
