T0   -4.54124e-01  -1.63241e-01   5.99182e-02   9.81606e-02   1.05708e-01  -7.92277e-02   6.33886e-02   1.51396e-01  -4.70889e-02   4.37455e-02  -1.02949e-01  -1.20809e-01   1.80079e-01  -8.89320e-02  -7.66973e-02   2.86456e-02   3.42455e-02  -4.56930e-03  -6.00377e-02  -2.43684e-02  -1.34055e-01
T1   -8.34496e-01   5.99182e-02   2.29618e-01   1.20037e-01  -2.30609e-01   7.27668e-03   1.44098e-01  -1.93045e-01   8.28986e-03   1.04765e-01   1.42527e-01   9.65359e-02   5.10300e-01   1.00551e-01   6.90096e-02   1.14596e-02   5.30555e-02   7.25967e-02  -3.59593e-02   2.44457e-02   7.11852e-02
T2   -6.67173e-01   9.81606e-02   1.20037e-01  -1.46455e-01   2.94812e-02  -3.21443e-03   5.18475e-02   1.66661e-01  -4.32606e-02   4.20975e-02   1.05484e-01   1.93632e-01   6.61900e-02   5.83000e-02   7.24596e-02   5.19014e-02  -3.47311e-02  -1.21345e-02   3.24192e-02  -1.12172e-02   1.28206e-01
T3   -1.22328e+00   1.05708e-01  -2.30609e-01   2.94812e-02   2.20602e-01   6.14034e-02   1.43546e-01   3.59007e-01  -2.47185e-03  -9.85354e-02   1.93273e-01   2.35025e-01  -1.31476e-01   1.33539e-01   1.73262e-01   8.18108e-02   4.18434e-02   5.42305e-02   5.81440e-02   7.19288e-03   1.50898e-01
T4    2.41855e+00  -7.92277e-02   7.27668e-03  -3.21443e-03   6.14034e-02  -9.81490e-01  -3.52990e-03   1.03547e-01  -8.35957e-02  -1.12570e-01  -1.49884e-01  -1.48643e-01   6.52851e-02  -1.99807e-01  -2.16054e-01  -8.16455e-02  -8.98842e-02  -4.60501e-02  -2.07070e-01  -1.17846e-01  -1.63461e-01
T5   -7.65483e-01   6.33886e-02   1.44098e-01   5.18475e-02   1.43546e-01  -3.52990e-03   5.00598e-02   2.48443e-01   3.75039e-02   9.05868e-02   1.14070e-01   1.14048e-01   2.55661e-01   5.88175e-02   7.52540e-02   4.87555e-02   2.10523e-02   2.02364e-02  -3.58452e-02   1.55808e-02   8.20212e-02
T6   -1.63227e+00   1.51396e-01  -1.93045e-01   1.66661e-01   3.59007e-01   1.03547e-01   2.48443e-01   3.70372e-01   1.14488e-01  -1.27421e-02   1.54962e-01   2.12421e-01  -9.17205e-02   1.64490e-01   1.50853e-01   1.53084e-01   1.19180e-01   1.22481e-01   6.55978e-02   1.73590e-02   1.24022e-01
T7   -5.23677e-01  -4.70889e-02   8.28986e-03  -4.32606e-02  -2.47185e-03  -8.35957e-02   3.75039e-02   1.14488e-01  -1.28606e-01  -5.33053e-02   2.78520e-02   5.51346e-02   8.27636e-02  -3.57310e-02   1.82972e-03  -2.61922e-02  -3.75314e-02  -3.60882e-02  -1.77034e-02  -1.22475e-02  -1.97723e-02
T8    3.46826e-01   4.37455e-02   1.04765e-01   4.20975e-02  -9.85354e-02  -1.12570e-01   9.05868e-02  -1.27421e-02  -5.33053e-02  -2.73627e-01   8.32602e-02   9.27971e-02   2.79827e-01  -2.02886e-02  -1.62699e-02   7.73688e-03  -3.53007e-02   5.86527e-03  -1.28373e-01  -7.41763e-02   5.34157e-02
T9    6.22819e-01  -1.02949e-01   1.42527e-01   1.05484e-01   1.93273e-01  -1.49884e-01   1.14070e-01   1.54962e-01   2.78520e-02   8.32602e-02  -3.85970e-01  -2.74838e-01   1.09592e-01  -1.83502e-01  -2.82211e-01   9.77424e-02   2.80533e-02  -2.90193e-02  -1.56248e-01  -1.70404e-01  -2.62799e-01
T10   -1.77442e-01  -1.20809e-01   9.65359e-02   1.93632e-01   2.35025e-01  -1.48643e-01   1.14048e-01   2.12421e-01   5.51346e-02   9.27971e-02  -2.74838e-01  -3.12357e-01   2.11436e-01  -1.50722e-01  -2.62679e-01   7.36440e-02   6.04888e-02   3.26433e-02  -1.93576e-01  -1.21414e-01  -2.24975e-01
T11   -1.48993e+00   1.80079e-01   5.10300e-01   6.61900e-02  -1.31476e-01   6.52851e-02   2.55661e-01  -9.17205e-02   8.27636e-02   2.79827e-01   1.09592e-01   2.11436e-01   3.12003e-01   1.75834e-01   1.21330e-01   2.07253e-01   8.78867e-02   1.17002e-01   1.27740e-01   1.34611e-02   1.10620e-01
T12    1.53313e+00  -8.89320e-02   1.00551e-01   5.83000e-02   1.33539e-01  -1.99807e-01   5.88175e-02   1.64490e-01  -3.57310e-02  -2.02886e-02  -1.83502e-01  -1.50722e-01   1.75834e-01  -4.80179e-01  -2.58547e-01   3.57091e-03   1.20693e-02  -1.57319e-02  -1.99229e-01  -1.47196e-01  -1.43066e-01
T13    1.08026e+00  -7.66973e-02   6.90096e-02   7.24596e-02   1.73262e-01  -2.16054e-01   7.52540e-02   1.50853e-01   1.82972e-03  -1.62699e-02  -2.82211e-01  -2.62679e-01   1.21330e-01  -2.58547e-01  -3.84694e-01   1.47364e-02  -1.16159e-02  -1.58763e-02  -2.94112e-01  -2.40965e-01  -2.13566e-01
T14   -5.25522e-01   2.86456e-02   1.14596e-02   5.19014e-02   8.18108e-02  -8.16455e-02   4.87555e-02   1.53084e-01  -2.61922e-02   7.73688e-03   9.77424e-02   7.36440e-02   2.07253e-01   3.57091e-03   1.47364e-02  -8.63594e-02   4.89780e-02   4.25728e-02  -1.56563e-01  -1.03105e-01   4.61726e-02
T15   -6.06370e-01   3.42455e-02   5.30555e-02  -3.47311e-02   4.18434e-02  -8.98842e-02   2.10523e-02   1.19180e-01  -3.75314e-02  -3.53007e-02   2.80533e-02   6.04888e-02   8.78867e-02   1.20693e-02  -1.16159e-02   4.89780e-02  -6.77392e-02  -2.65974e-02  -1.79925e-02  -1.33253e-02   2.31113e-02
T16   -3.92216e-01  -4.56930e-03   7.25967e-02  -1.21345e-02   5.42305e-02  -4.60501e-02   2.02364e-02   1.22481e-01  -3.60882e-02   5.86527e-03  -2.90193e-02   3.26433e-02   1.17002e-01  -1.57319e-02  -1.58763e-02   4.25728e-02  -2.65974e-02  -8.13416e-02  -2.45209e-02  -3.15457e-02  -5.40340e-02
T17    2.07052e+00  -6.00377e-02  -3.59593e-02   3.24192e-02   5.81440e-02  -2.07070e-01  -3.58452e-02   6.55978e-02  -1.77034e-02  -1.28373e-01  -1.56248e-01  -1.93576e-01   1.27740e-01  -1.99229e-01  -2.94112e-01  -1.56563e-01  -1.79925e-02  -2.45209e-02  -4.62113e-01  -2.33616e-01  -1.37427e-01
T18    8.81464e-01  -2.43684e-02   2.44457e-02  -1.12172e-02   7.19288e-03  -1.17846e-01   1.55808e-02   1.73590e-02  -1.22475e-02  -7.41763e-02  -1.70404e-01  -1.21414e-01   1.34611e-02  -1.47196e-01  -2.40965e-01  -1.03105e-01  -1.33253e-02  -3.15457e-02  -2.33616e-01  -1.89169e-01  -1.13295e-01
T19    3.38417e-01  -1.34055e-01   7.11852e-02   1.28206e-01   1.50898e-01  -1.63461e-01   8.20212e-02   1.24022e-01  -1.97723e-02   5.34157e-02  -2.62799e-01  -2.24975e-01   1.10620e-01  -1.43066e-01  -2.13566e-01   4.61726e-02   2.31113e-02  -5.40340e-02  -1.37427e-01  -1.13295e-01  -2.92238e-01
