T0   -4.00541e-01  -6.34948e-02   7.46114e-03   3.18393e-02   9.75951e-03   5.83873e-03   7.27182e-03   2.21709e-02  -1.76624e-02   1.12712e-02  -6.91430e-03  -2.34364e-02   4.80257e-02  -1.21025e-02   1.54238e-03   6.95817e-03   1.29788e-02  -1.76878e-03  -1.25511e-03   1.40123e-02  -2.62950e-02
T1   -1.01620e+00   7.46114e-03   3.60269e-02   7.24865e-02  -2.89883e-02  -2.11681e-03   6.40010e-02  -2.19845e-02   1.68163e-02   3.45557e-02   1.68577e-02  -1.35816e-02   1.76350e-01  -1.06319e-02  -7.10782e-03   5.89824e-03   3.80448e-02   4.60377e-02  -2.14011e-02   8.13623e-03   1.88611e-03
T2   -7.07646e-01   3.18393e-02   7.24865e-02  -6.53416e-02   1.85618e-02   1.23828e-02   2.11517e-02   6.70860e-02  -2.38535e-03   2.86452e-02  -6.43562e-03   3.07790e-02   3.02120e-02  -4.44110e-03  -8.60304e-04   3.30232e-02  -1.10905e-02  -4.59780e-04  -3.09783e-03  -2.63050e-02   2.58756e-02
T3   -1.27400e+00   9.75951e-03  -2.89883e-02   1.85618e-02   4.61482e-02   3.55934e-02   5.27864e-02   1.01161e-01   3.29601e-03  -1.47913e-04   1.40086e-02   2.45377e-02   4.49294e-04   8.86402e-03   1.61056e-02   3.11595e-02   2.90832e-02   2.11125e-02  -1.32139e-02  -5.13900e-03   1.96099e-02
T4    2.20717e+00   5.83873e-03  -2.11681e-03   1.23828e-02   3.55934e-02  -3.95620e-01  -4.28072e-03   3.53055e-02  -1.65549e-03  -5.59904e-02  -2.72404e-02  -2.44719e-02   1.09394e-02  -5.08413e-02  -4.43023e-02  -7.19057e-03  -2.69789e-02  -4.31967e-04  -4.51137e-02  -1.62855e-02  -2.90931e-02
T5   -7.87182e-01   7.27182e-03   6.40010e-02   2.11517e-02   5.27864e-02  -4.28072e-03  -3.33008e-02   8.38620e-02   3.29083e-02   3.01665e-02   3.77417e-03  -1.42574e-02   9.84777e-02  -8.70023e-03  -5.61924e-03   2.19659e-02   1.54845e-02   1.95096e-02  -2.80385e-02  -5.25555e-03   1.43477e-02
T6   -1.70461e+00   2.21709e-02  -2.19845e-02   6.70860e-02   1.01161e-01   3.53055e-02   8.38620e-02   7.17790e-02   4.07220e-02   1.66572e-02  -8.30834e-03  -2.26839e-03   4.64454e-03   5.52187e-03   1.23794e-03   5.30388e-02   5.92556e-02   5.48335e-02   3.06754e-03   1.13458e-03   1.10681e-02
T7   -6.45464e-01  -1.76624e-02   1.68163e-02  -2.38535e-03   3.29601e-03  -1.65549e-03   3.29083e-02   4.07220e-02  -5.46222e-02  -9.39417e-03   1.03510e-02   2.34747e-02   5.42268e-02  -8.93198e-03   1.02924e-02  -8.69713e-03  -4.41671e-03  -8.07250e-03  -5.30957e-03   5.06614e-03  -5.56691e-03
T8    4.24373e-01   1.12712e-02   3.45557e-02   2.86452e-02  -1.47913e-04  -5.59904e-02   3.01665e-02   1.66572e-02  -9.39417e-03  -1.08867e-01   4.66761e-03  -2.18985e-03   1.04450e-01  -3.26399e-02  -2.57582e-02  -2.13268e-03   6.21948e-03   1.01112e-02  -4.71961e-02  -2.43251e-02   6.99056e-03
T9    9.00736e-01  -6.91430e-03   1.68577e-02  -6.43562e-03   1.40086e-02  -2.72404e-02   3.77417e-03  -8.30834e-03   1.03510e-02   4.66761e-03  -1.06742e-01  -4.90458e-02  -3.21596e-02  -2.76881e-02  -5.07265e-02   2.70795e-02  -6.87772e-03  -1.40048e-02   9.43781e-03  -2.22553e-02  -5.40614e-02
T10    1.43995e-01  -2.34364e-02  -1.35816e-02   3.07790e-02   2.45377e-02  -2.44719e-02  -1.42574e-02  -2.26839e-03   2.34747e-02  -2.18985e-03  -4.90458e-02  -7.94152e-02   9.64698e-03  -1.51674e-02  -4.36413e-02   1.18091e-02  -1.07664e-03   2.42662e-05  -1.63757e-02  -5.74389e-03  -4.38935e-02
T11   -1.67310e+00   4.80257e-02   1.76350e-01   3.02120e-02   4.49294e-04   1.09394e-02   9.84777e-02   4.64454e-03   5.42268e-02   1.04450e-01  -3.21596e-02   9.64698e-03   3.32882e-02  -1.59980e-03  -9.48691e-03   7.26593e-02   4.94907e-02   5.35289e-02   3.11273e-02  -1.01284e-02   4.12450e-03
T12    1.80474e+00  -1.21025e-02  -1.06319e-02  -4.44110e-03   8.86402e-03  -5.08413e-02  -8.70023e-03   5.52187e-03  -8.93198e-03  -3.26399e-02  -2.76881e-02  -1.51674e-02  -1.59980e-03  -2.36076e-01  -3.54144e-02  -5.60334e-03  -1.94387e-03  -2.63357e-03  -1.60718e-02  -1.17136e-02  -1.22378e-02
T13    1.20542e+00   1.54238e-03  -7.10782e-03  -8.60304e-04   1.61056e-02  -4.43023e-02  -5.61924e-03   1.23794e-03   1.02924e-02  -2.57582e-02  -5.07265e-02  -4.36413e-02  -9.48691e-03  -3.54144e-02  -9.34286e-02   1.40766e-03  -1.44749e-02  -1.11359e-02  -5.26909e-02  -5.20490e-02  -3.70771e-02
T14   -6.80287e-01   6.95817e-03   5.89824e-03   3.30232e-02   3.11595e-02  -7.19057e-03   2.19659e-02   5.30388e-02  -8.69713e-03  -2.13268e-03   2.70795e-02   1.18091e-02   7.26593e-02  -5.60334e-03   1.40766e-03  -4.38595e-02   3.06434e-02   1.74726e-02  -4.40702e-02  -1.95051e-02   7.32113e-03
T15   -6.24221e-01   1.29788e-02   3.80448e-02  -1.10905e-02   2.90832e-02  -2.69789e-02   1.54845e-02   5.92556e-02  -4.41671e-03   6.21948e-03  -6.87772e-03  -1.07664e-03   4.94907e-02  -1.94387e-03  -1.44749e-02   3.06434e-02  -3.82143e-02  -1.01993e-02  -1.02349e-02  -9.14949e-03   1.92738e-04
T16   -3.74686e-01  -1.76878e-03   4.60377e-02  -4.59780e-04   2.11125e-02  -4.31967e-04   1.95096e-02   5.48335e-02  -8.07250e-03   1.01112e-02  -1.40048e-02   2.42662e-05   5.35289e-02  -2.63357e-03  -1.11359e-02   1.74726e-02  -1.01993e-02  -4.34304e-02  -7.22844e-03  -1.08717e-02  -2.21226e-02
T17    1.94706e+00  -1.25511e-03  -2.14011e-02  -3.09783e-03  -1.32139e-02  -4.51137e-02  -2.80385e-02   3.06754e-03  -5.30957e-03  -4.71961e-02   9.43781e-03  -1.63757e-02   3.11273e-02  -1.60718e-02  -5.26909e-02  -4.40702e-02  -1.02349e-02  -7.22844e-03  -1.83290e-01  -5.67707e-02  -1.18901e-03
T18    7.88485e-01   1.40123e-02   8.13623e-03  -2.63050e-02  -5.13900e-03  -1.62855e-02  -5.25555e-03   1.13458e-03   5.06614e-03  -2.43251e-02  -2.22553e-02  -5.74389e-03  -1.01284e-02  -1.17136e-02  -5.20490e-02  -1.95051e-02  -9.14949e-03  -1.08717e-02  -5.67707e-02  -6.88227e-02  -3.71942e-03
T19    4.65946e-01  -2.62950e-02   1.88611e-03   2.58756e-02   1.96099e-02  -2.90931e-02   1.43477e-02   1.10681e-02  -5.56691e-03   6.99056e-03  -5.40614e-02  -4.38935e-02   4.12450e-03  -1.22378e-02  -3.70771e-02   7.32113e-03   1.92738e-04  -2.21226e-02  -1.18901e-03  -3.71942e-03  -7.99293e-02
