T0   -4.68870e-01  -9.88941e-02   2.50716e-02   6.70945e-02   4.38943e-02  -9.64243e-03   2.74593e-02   6.58776e-02  -2.36101e-02   2.33563e-02  -3.65848e-02  -5.64014e-02   1.00862e-01  -3.50740e-02  -2.40992e-02   1.70369e-02   2.60094e-02   2.39726e-03  -2.23380e-02   6.42172e-03  -5.84620e-02
T1   -1.01612e+00   2.50716e-02   8.02916e-02   9.59010e-02  -8.00958e-02  -2.66389e-03   8.59013e-02  -7.10799e-02   2.29652e-02   4.85935e-02   5.32820e-02   9.64609e-03   2.82838e-01   1.56498e-02   9.87747e-03   1.84759e-02   5.76623e-02   7.17750e-02  -2.05602e-02   1.40855e-02   2.49761e-02
T2   -8.11403e-01   6.70945e-02   9.59010e-02  -8.74780e-02   3.40474e-02   1.06591e-02   4.55014e-02   1.09091e-01  -5.61781e-03   3.76745e-02   1.59536e-02   7.10468e-02   5.14353e-02   3.86803e-03   6.93154e-03   4.71906e-02  -9.21650e-03   4.04888e-03  -3.08872e-03  -3.41108e-02   5.71697e-02
T3   -1.39329e+00   4.38943e-02  -8.00958e-02   3.40474e-02   1.10230e-01   5.39912e-02   9.95648e-02   1.95647e-01   1.57873e-03  -2.10631e-02   5.42377e-02   6.88395e-02  -2.11806e-02   3.80765e-02   4.23592e-02   4.90654e-02   4.60733e-02   4.35688e-02  -6.75117e-03  -6.76367e-03   5.83028e-02
T4    2.35884e+00  -9.64243e-03  -2.66389e-03   1.06591e-02   5.39912e-02  -5.91980e-01  -4.75835e-03   6.50497e-02  -1.79427e-02  -6.74514e-02  -6.49282e-02  -6.04983e-02   2.94524e-02  -1.00993e-01  -9.70500e-02  -2.53431e-02  -4.92270e-02  -1.31696e-02  -9.00095e-02  -5.15127e-02  -7.11080e-02
T5   -8.62912e-01   2.74593e-02   8.59013e-02   4.55014e-02   9.95648e-02  -4.75835e-03  -1.04639e-02   1.43487e-01   5.00773e-02   4.83364e-02   2.67137e-02   2.54891e-03   1.48460e-01  -3.75466e-03  -4.15813e-03   3.57790e-02   3.44135e-02   3.67106e-02  -5.24482e-02  -1.29299e-02   3.95002e-02
T6   -1.79099e+00   6.58776e-02  -7.10799e-02   1.09091e-01   1.95647e-01   6.50497e-02   1.43487e-01   1.59975e-01   7.47959e-02   1.61188e-02   2.56905e-02   3.27456e-02  -1.71843e-02   3.73098e-02   1.72783e-02   9.32499e-02   1.00542e-01   9.79162e-02   1.59300e-03  -7.55842e-03   4.41349e-02
T7   -7.41038e-01  -2.36101e-02   2.29652e-02  -5.61781e-03   1.57873e-03  -1.79427e-02   5.00773e-02   7.47959e-02  -8.26154e-02  -2.18357e-02   2.78740e-02   4.33549e-02   8.27839e-02  -9.73097e-03   1.80704e-02  -1.33100e-02  -1.09021e-02  -1.10269e-02  -3.79394e-03   1.09350e-02   7.69538e-04
T8    3.57348e-01   2.33563e-02   4.85935e-02   3.76745e-02  -2.10631e-02  -6.74514e-02   4.83364e-02   1.61188e-02  -2.18357e-02  -1.76277e-01   2.63214e-02   1.54156e-02   1.55165e-01  -3.40724e-02  -3.14927e-02   5.27596e-03  -1.61076e-03   1.38503e-02  -7.41404e-02  -3.68903e-02   2.35555e-02
T9    9.67068e-01  -3.65848e-02   5.32820e-02   1.59536e-02   5.42377e-02  -6.49282e-02   2.67137e-02   2.56905e-02   2.78740e-02   2.63214e-02  -2.05423e-01  -1.27896e-01  -1.04743e-02  -8.29970e-02  -1.26502e-01   4.74962e-02  -2.12181e-03  -2.80157e-02  -3.43177e-02  -6.73707e-02  -1.27706e-01
T10    2.17222e-01  -5.64014e-02   9.64609e-03   7.10468e-02   6.88395e-02  -6.04983e-02   2.54891e-03   3.27456e-02   4.33549e-02   1.54156e-02  -1.27896e-01  -1.66044e-01   4.87613e-02  -6.19160e-02  -1.14572e-01   2.99587e-02   1.17619e-02  -2.49329e-03  -6.75946e-02  -3.78416e-02  -1.08127e-01
T11   -1.69663e+00   1.00862e-01   2.82838e-01   5.14353e-02  -2.11806e-02   2.94524e-02   1.48460e-01  -1.71843e-02   8.27839e-02   1.55165e-01  -1.04743e-02   4.87613e-02   9.78335e-02   3.67056e-02   6.60825e-03   1.25475e-01   8.46863e-02   9.63014e-02   5.68836e-02  -1.85513e-02   3.39319e-02
T12    1.80388e+00  -3.50740e-02   1.56498e-02   3.86803e-03   3.80765e-02  -1.00993e-01  -3.75466e-03   3.73098e-02  -9.73097e-03  -3.40724e-02  -8.29970e-02  -6.19160e-02   3.67056e-02  -3.30916e-01  -1.00795e-01   3.67461e-03   3.07971e-03  -1.05955e-02  -6.66828e-02  -5.65869e-02  -5.94975e-02
T13    1.36693e+00  -2.40992e-02   9.87747e-03   6.93154e-03   4.23592e-02  -9.70500e-02  -4.15813e-03   1.72783e-02   1.80704e-02  -3.14927e-02  -1.26502e-01  -1.14572e-01   6.60825e-03  -1.00795e-01  -1.83538e-01   1.50247e-02  -2.08792e-02  -2.29732e-02  -1.24391e-01  -1.06819e-01  -9.42687e-02
T14   -7.05857e-01   1.70369e-02   1.84759e-02   4.71906e-02   4.90654e-02  -2.53431e-02   3.57790e-02   9.32499e-02  -1.33100e-02   5.27596e-03   4.74962e-02   2.99587e-02   1.25475e-01   3.67461e-03   1.50247e-02  -6.27065e-02   3.92442e-02   3.26000e-02  -7.44158e-02  -3.71880e-02   1.92120e-02
T15   -7.37745e-01   2.60094e-02   5.76623e-02  -9.21650e-03   4.60733e-02  -4.92270e-02   3.44135e-02   1.00542e-01  -1.09021e-02  -1.61076e-03  -2.12181e-03   1.17619e-02   8.46863e-02   3.07971e-03  -2.08792e-02   3.92442e-02  -4.27512e-02  -9.06034e-03  -2.06199e-02  -1.28971e-02   9.30673e-03
T16   -4.62038e-01   2.39726e-03   7.17750e-02   4.04888e-03   4.35688e-02  -1.31696e-02   3.67106e-02   9.79162e-02  -1.10269e-02   1.38503e-02  -2.80157e-02  -2.49329e-03   9.63014e-02  -1.05955e-02  -2.29732e-02   3.26000e-02  -9.06034e-03  -4.69319e-02  -1.47645e-02  -2.13295e-02  -3.84058e-02
T17    2.15633e+00  -2.23380e-02  -2.05602e-02  -3.08872e-03  -6.75117e-03  -9.00095e-02  -5.24482e-02   1.59300e-03  -3.79394e-03  -7.41404e-02  -3.43177e-02  -6.75946e-02   5.68836e-02  -6.66828e-02  -1.24391e-01  -7.44158e-02  -2.06199e-02  -1.47645e-02  -2.69144e-01  -1.04848e-01  -4.35607e-02
T18    9.41104e-01   6.42172e-03   1.40855e-02  -3.41108e-02  -6.76367e-03  -5.15127e-02  -1.29299e-02  -7.55842e-03   1.09350e-02  -3.68903e-02  -6.73707e-02  -3.78416e-02  -1.85513e-02  -5.65869e-02  -1.06819e-01  -3.71880e-02  -1.28971e-02  -2.13295e-02  -1.04848e-01  -1.04041e-01  -3.82859e-02
T19    5.18165e-01  -5.84620e-02   2.49761e-02   5.71697e-02   5.83028e-02  -7.11080e-02   3.95002e-02   4.41349e-02   7.69538e-04   2.35555e-02  -1.27706e-01  -1.08127e-01   3.39319e-02  -5.94975e-02  -9.42687e-02   1.92120e-02   9.30673e-03  -3.84058e-02  -4.35607e-02  -3.82859e-02  -1.53971e-01
