T0   -4.07032e-01  -6.21627e-02   7.26545e-03   3.06813e-02   9.19573e-03   6.34245e-03   7.19492e-03   2.18346e-02  -1.73915e-02   1.07492e-02  -5.83098e-03  -2.22400e-02   4.66695e-02  -1.14916e-02   2.07815e-03   6.83067e-03   1.27300e-02  -1.57960e-03   1.03947e-04   1.41135e-02  -2.48929e-02
T1   -1.00724e+00   7.26545e-03   3.57612e-02   7.07896e-02  -2.85483e-02  -2.99450e-03   6.16286e-02  -2.21333e-02   1.65724e-02   3.38914e-02   1.57644e-02  -1.42184e-02   1.72506e-01  -1.06395e-02  -6.90314e-03   5.42374e-03   3.71259e-02   4.45047e-02  -2.13663e-02   8.53756e-03   7.92573e-04
T2   -7.00330e-01   3.06813e-02   7.07896e-02  -6.37234e-02   1.88761e-02   1.16653e-02   1.97633e-02   6.49246e-02  -2.50782e-03   2.78062e-02  -6.44716e-03   2.96493e-02   2.93426e-02  -4.59984e-03  -7.59241e-04   3.29153e-02  -1.10837e-02  -8.40300e-04  -2.48766e-03  -2.66649e-02   2.48334e-02
T3   -1.26830e+00   9.19573e-03  -2.85483e-02   1.88761e-02   4.57819e-02   3.39916e-02   5.15503e-02   9.83595e-02   3.07274e-03   1.08168e-03   1.29250e-02   2.38565e-02  -2.46574e-04   8.11046e-03   1.53310e-02   3.04025e-02   2.90037e-02   2.04890e-02  -1.45087e-02  -6.55791e-03   1.83217e-02
T4    2.19686e+00   6.34245e-03  -2.99450e-03   1.16653e-02   3.39916e-02  -3.87651e-01  -4.41862e-03   3.53238e-02  -4.20155e-04  -5.65067e-02  -2.64156e-02  -2.30465e-02   1.00866e-02  -4.80024e-02  -4.13878e-02  -7.42354e-03  -2.62551e-02  -9.31760e-04  -4.22279e-02  -1.49293e-02  -2.71874e-02
T5   -7.80285e-01   7.19492e-03   6.16286e-02   1.97633e-02   5.15503e-02  -4.41862e-03  -3.38209e-02   8.14226e-02   3.18189e-02   2.76949e-02   3.90723e-03  -1.39719e-02   9.45380e-02  -9.59620e-03  -5.66959e-03   2.23266e-02   1.56668e-02   1.81266e-02  -2.76521e-02  -5.19664e-03   1.41619e-02
T6   -1.69524e+00   2.18346e-02  -2.21333e-02   6.49246e-02   9.83595e-02   3.53238e-02   8.14226e-02   6.97908e-02   3.97085e-02   1.59162e-02  -8.46950e-03  -2.84199e-03   3.26910e-03   4.67266e-03   9.00508e-04   5.14397e-02   5.79259e-02   5.31174e-02   1.83029e-03   2.08168e-04   1.00140e-02
T7   -6.44493e-01  -1.73915e-02   1.65724e-02  -2.50782e-03   3.07274e-03  -4.20155e-04   3.18189e-02   3.97085e-02  -5.35762e-02  -8.12711e-03   9.72872e-03   2.33366e-02   5.31755e-02  -8.66920e-03   1.00544e-02  -8.28180e-03  -3.85623e-03  -7.59976e-03  -5.35548e-03   4.46756e-03  -5.54052e-03
T8    4.32673e-01   1.07492e-02   3.38914e-02   2.78062e-02   1.08168e-03  -5.65067e-02   2.76949e-02   1.59162e-02  -8.12711e-03  -1.07040e-01   4.92033e-03  -3.40394e-03   1.01467e-01  -3.17354e-02  -2.56414e-02  -2.09585e-03   5.87185e-03   1.02299e-02  -4.55905e-02  -2.31012e-02   6.69689e-03
T9    8.88335e-01  -5.83098e-03   1.57644e-02  -6.44716e-03   1.29250e-02  -2.64156e-02   3.90723e-03  -8.46950e-03   9.72872e-03   4.92033e-03  -1.03366e-01  -4.65640e-02  -3.19323e-02  -2.56259e-02  -4.81425e-02   2.64607e-02  -6.88857e-03  -1.35467e-02   1.03304e-02  -2.07463e-02  -5.14183e-02
T10    1.32827e-01  -2.22400e-02  -1.42184e-02   2.96493e-02   2.38565e-02  -2.30465e-02  -1.39719e-02  -2.84199e-03   2.33366e-02  -3.40394e-03  -4.65640e-02  -7.63151e-02   8.92404e-03  -1.35071e-02  -4.16851e-02   1.12283e-02  -1.31121e-03   1.73762e-04  -1.46576e-02  -5.08753e-03  -4.16337e-02
T11   -1.66286e+00   4.66695e-02   1.72506e-01   2.93426e-02  -2.46574e-04   1.00866e-02   9.45380e-02   3.26910e-03   5.31755e-02   1.01467e-01  -3.19323e-02   8.92404e-03   3.08244e-02  -2.50173e-03  -1.03728e-02   7.10379e-02   4.84824e-02   5.19200e-02   2.99630e-02  -9.30117e-03   3.19534e-03
T12    1.79930e+00  -1.14916e-02  -1.06395e-02  -4.59984e-03   8.11046e-03  -4.80024e-02  -9.59620e-03   4.67266e-03  -8.66920e-03  -3.17354e-02  -2.56259e-02  -1.35071e-02  -2.50173e-03  -2.32067e-01  -3.23796e-02  -6.39947e-03  -2.09736e-03  -2.07661e-03  -1.59689e-02  -1.01075e-02  -1.09480e-02
T13    1.19829e+00   2.07815e-03  -6.90314e-03  -7.59241e-04   1.53310e-02  -4.13878e-02  -5.66959e-03   9.00508e-04   1.00544e-02  -2.56414e-02  -4.81425e-02  -4.16851e-02  -1.03728e-02  -3.23796e-02  -9.10978e-02   2.06734e-04  -1.40558e-02  -1.09009e-02  -4.99041e-02  -5.02168e-02  -3.46795e-02
T14   -6.77649e-01   6.83067e-03   5.42374e-03   3.29153e-02   3.04025e-02  -7.42354e-03   2.23266e-02   5.14397e-02  -8.28180e-03  -2.09585e-03   2.64607e-02   1.12283e-02   7.10379e-02  -6.39947e-03   2.06734e-04  -4.29259e-02   2.98682e-02   1.72414e-02  -4.28609e-02  -1.88537e-02   6.66769e-03
T15   -6.22304e-01   1.27300e-02   3.71259e-02  -1.10837e-02   2.90037e-02  -2.62551e-02   1.56668e-02   5.79259e-02  -3.85623e-03   5.87185e-03  -6.88857e-03  -1.31121e-03   4.84824e-02  -2.09736e-03  -1.40558e-02   2.98682e-02  -3.78900e-02  -9.65472e-03  -1.09272e-02  -9.41775e-03   1.15031e-04
T16   -3.71675e-01  -1.57960e-03   4.45047e-02  -8.40300e-04   2.04890e-02  -9.31760e-04   1.81266e-02   5.31174e-02  -7.59976e-03   1.02299e-02  -1.35467e-02   1.73762e-04   5.19200e-02  -2.07661e-03  -1.09009e-02   1.72414e-02  -9.65472e-03  -4.29312e-02  -7.85642e-03  -9.45771e-03  -2.15763e-02
T17    1.94400e+00   1.03947e-04  -2.13663e-02  -2.48766e-03  -1.45087e-02  -4.22279e-02  -2.76521e-02   1.83029e-03  -5.35548e-03  -4.55905e-02   1.03304e-02  -1.46576e-02   2.99630e-02  -1.59689e-02  -4.99041e-02  -4.28609e-02  -1.09272e-02  -7.85642e-03  -1.79695e-01  -5.48395e-02   1.98191e-04
T18    7.87090e-01   1.41135e-02   8.53756e-03  -2.66649e-02  -6.55791e-03  -1.49293e-02  -5.19664e-03   2.08168e-04   4.46756e-03  -2.31012e-02  -2.07463e-02  -5.08753e-03  -9.30117e-03  -1.01075e-02  -5.02168e-02  -1.88537e-02  -9.41775e-03  -9.45771e-03  -5.48395e-02  -6.72555e-02  -2.73591e-03
T19    4.58038e-01  -2.48929e-02   7.92573e-04   2.48334e-02   1.83217e-02  -2.71874e-02   1.41619e-02   1.00140e-02  -5.54052e-03   6.69689e-03  -5.14183e-02  -4.16337e-02   3.19534e-03  -1.09480e-02  -3.46795e-02   6.66769e-03   1.15031e-04  -2.15763e-02   1.98191e-04  -2.73591e-03  -7.72716e-02
