T0   -6.55156e-01  -1.87534e-01   2.14817e-01   2.43507e-01   3.96083e-01  -1.76923e-01   2.49117e-01   4.64769e-01  -1.13089e-03   9.67155e-02  -2.78760e-01  -2.24569e-01   4.52533e-01  -1.25640e-01  -2.31985e-01   3.38937e-02   1.24067e-01  -1.35081e-03  -1.41337e-01  -1.64358e-01  -3.48044e-01
T1   -4.68816e-01   2.14817e-01   5.11521e-01   2.44498e-01  -3.38784e-01   3.09135e-02   2.51630e-01  -2.59276e-01   5.13217e-02   1.89949e-01   1.73686e-01   1.19611e-01   9.49188e-01   1.67490e-01   1.56072e-03   1.22404e-01   1.31800e-01   9.63902e-02  -2.86877e-01  -1.40520e-01   7.69139e-02
T2   -3.43010e-01   2.43507e-01   2.44498e-01  -2.70431e-01   1.65328e-02  -2.25043e-02   1.38270e-01   2.96464e-01  -8.58758e-02   1.01374e-01   1.91834e-01   3.88546e-01   2.12400e-01   2.05766e-01   1.69283e-01   6.45910e-02  -7.76556e-02  -6.89116e-02   1.17767e-01   4.56863e-02   1.58857e-01
T3   -8.75208e-01   3.96083e-01  -3.38784e-01   1.65328e-02   5.73967e-01   2.30817e-01   3.87195e-01   9.37473e-01   6.97515e-02  -1.84615e-01   4.01957e-01   5.62413e-01  -1.64969e-01   4.00586e-01   4.63560e-01   2.47623e-01   3.13919e-03   2.56331e-02   2.96439e-01   2.27963e-01   2.83051e-01
T4    1.98456e+00  -1.76923e-01   3.09135e-02  -2.25043e-02   2.30817e-01  -1.96848e+00   3.02210e-02   2.48620e-01  -1.61688e-01  -2.41376e-01  -3.91024e-01  -3.39914e-01   1.68145e-01  -4.27832e-01  -4.90023e-01  -1.88750e-01  -1.42715e-01  -1.53235e-01  -4.57132e-01  -3.25918e-01  -4.14552e-01
T5   -3.35233e-01   2.49117e-01   2.51630e-01   1.38270e-01   3.87195e-01   3.02210e-02   2.50021e-01   5.57674e-01   1.26633e-01   1.87402e-01   1.15663e-01   1.79745e-01   4.16032e-01   1.36944e-01   1.06280e-01   1.32827e-01   8.64368e-02   2.15741e-03  -3.60119e-02   5.78048e-02   4.48800e-02
T6   -1.08872e+00   4.64769e-01  -2.59276e-01   2.96464e-01   9.37473e-01   2.48620e-01   5.57674e-01   1.07920e+00   3.19039e-01  -7.35857e-03   2.77288e-01   4.56569e-01  -1.26518e-01   4.19782e-01   3.88346e-01   3.57850e-01   1.86068e-01   1.26394e-01   2.85929e-01   2.02438e-01   1.56360e-01
T7   -5.87882e-01  -1.13089e-03   5.13217e-02  -8.58758e-02   6.97515e-02  -1.61688e-01   1.26633e-01   3.19039e-01  -2.08003e-01  -6.45684e-02   3.36484e-02   1.22358e-01   2.32018e-01  -2.98476e-02  -8.27695e-02  -9.62893e-02  -5.88102e-02  -5.25898e-02  -1.46823e-01  -9.98728e-02  -5.28956e-02
T8    5.49612e-01   9.67155e-02   1.89949e-01   1.01374e-01  -1.84615e-01  -2.41376e-01   1.87402e-01  -7.35857e-03  -6.45684e-02  -3.81730e-01   4.05648e-02   9.32292e-02   4.86266e-01  -5.84627e-02  -1.05043e-01  -2.10691e-02  -1.07712e-01  -8.19590e-02  -2.82240e-01  -2.14407e-01  -4.12194e-02
T9    2.23862e-01  -2.78760e-01   1.73686e-01   1.91834e-01   4.01957e-01  -3.91024e-01   1.15663e-01   2.77288e-01   3.36484e-02   4.05648e-02  -6.73787e-01  -4.74180e-01   1.90177e-01  -3.88259e-01  -5.11578e-01   1.51112e-01   3.10410e-02  -1.12610e-01  -2.88568e-01  -4.55371e-01  -5.85998e-01
T10   -5.49844e-01  -2.24569e-01   1.19611e-01   3.88546e-01   5.62413e-01  -3.39914e-01   1.79745e-01   4.56569e-01   1.22358e-01   9.32292e-02  -4.74180e-01  -4.80942e-01   3.53350e-01  -2.71074e-01  -4.37372e-01   1.58692e-01   1.56595e-01   4.31698e-02  -3.48563e-01  -3.44378e-01  -4.80374e-01
T11   -8.69999e-01   4.52533e-01   9.49188e-01   2.12400e-01  -1.64969e-01   1.68145e-01   4.16032e-01  -1.26518e-01   2.32018e-01   4.86266e-01   1.90177e-01   3.53350e-01   9.02771e-01   3.79180e-01   2.42831e-01   4.98050e-01   2.40802e-01   1.53694e-01   7.25826e-02  -7.36302e-02   1.11674e-01
T12    1.15715e+00  -1.25640e-01   1.67490e-01   2.05766e-01   4.00586e-01  -4.27832e-01   1.36944e-01   4.19782e-01  -2.98476e-02  -5.84627e-02  -3.88259e-01  -2.71074e-01   3.79180e-01  -7.30556e-01  -5.10134e-01   3.10158e-02   6.96363e-02   3.70621e-03  -4.51114e-01  -3.57134e-01  -3.82267e-01
T13    5.48297e-01  -2.31985e-01   1.56072e-03   1.69283e-01   4.63560e-01  -4.90023e-01   1.06280e-01   3.88346e-01  -8.27695e-02  -1.05043e-01  -5.11578e-01  -4.37372e-01   2.42831e-01  -5.10134e-01  -6.65763e-01  -1.14079e-01   6.10082e-03  -8.27047e-03  -5.20569e-01  -5.19525e-01  -4.66213e-01
T14   -2.63317e-01   3.38937e-02   1.22404e-01   6.45910e-02   2.47623e-01  -1.88750e-01   1.32827e-01   3.57850e-01  -9.62893e-02  -2.10691e-02   1.51112e-01   1.58692e-01   4.98050e-01   3.10158e-02  -1.14079e-01  -1.21922e-01   3.57642e-02   1.86636e-02  -4.50940e-01  -3.10601e-01   8.07323e-03
T15   -4.91102e-01   1.24067e-01   1.31800e-01  -7.76556e-02   3.13919e-03  -1.42715e-01   8.64368e-02   1.86068e-01  -5.88102e-02  -1.07712e-01   3.10410e-02   1.56595e-01   2.40802e-01   6.96363e-02   6.10082e-03   3.57642e-02  -1.03400e-01  -9.20559e-02  -3.14015e-02  -1.02896e-02  -4.23510e-02
T16   -2.58955e-01  -1.35081e-03   9.63902e-02  -6.89116e-02   2.56331e-02  -1.53235e-01   2.15741e-03   1.26394e-01  -5.25898e-02  -8.19590e-02  -1.12610e-01   4.31698e-02   1.53694e-01   3.70621e-03  -8.27047e-03   1.86636e-02  -9.20559e-02  -2.16869e-01   6.83489e-02  -1.68216e-02  -1.99187e-01
T17    1.51296e+00  -1.41337e-01  -2.86877e-01   1.17767e-01   2.96439e-01  -4.57132e-01  -3.60119e-02   2.85929e-01  -1.46823e-01  -2.82240e-01  -2.88568e-01  -3.48563e-01   7.25826e-02  -4.51114e-01  -5.20569e-01  -4.50940e-01  -3.14015e-02   6.83489e-02  -6.36704e-01  -3.78025e-01  -2.65467e-01
T18    6.63451e-01  -1.64358e-01  -1.40520e-01   4.56863e-02   2.27963e-01  -3.25918e-01   5.78048e-02   2.02438e-01  -9.98728e-02  -2.14407e-01  -4.55371e-01  -3.44378e-01  -7.36302e-02  -3.57134e-01  -5.19525e-01  -3.10601e-01  -1.02896e-02  -1.68216e-02  -3.78025e-01  -4.74408e-01  -3.79461e-01
T19    1.47355e-01  -3.48044e-01   7.69139e-02   1.58857e-01   2.83051e-01  -4.14552e-01   4.48800e-02   1.56360e-01  -5.28956e-02  -4.12194e-02  -5.85998e-01  -4.80374e-01   1.11674e-01  -3.82267e-01  -4.66213e-01   8.07323e-03  -4.23510e-02  -1.99187e-01  -2.65467e-01  -3.79461e-01  -6.59221e-01
