T0   -7.70098e-01  -1.20525e-01   2.07031e-01   2.47359e-01   3.63617e-01  -1.11851e-01   2.46221e-01   4.35499e-01   7.77550e-03   1.15844e-01  -2.04523e-01  -1.86122e-01   4.27841e-01  -9.99049e-02  -1.84755e-01   8.87319e-02   1.46993e-01   2.75591e-02  -1.35391e-01  -9.14005e-02  -2.57277e-01
T1   -5.63648e-01   2.07031e-01   4.45493e-01   1.98142e-01  -3.68703e-01   2.97407e-02   2.18129e-01  -3.12922e-01   3.48056e-02   2.03339e-01   1.53186e-01   9.73234e-02   8.48578e-01   1.53199e-01   3.77209e-02   9.77728e-02   1.26046e-01   1.05209e-01  -1.89023e-01  -6.13065e-02   7.08911e-02
T2   -4.71034e-01   2.47359e-01   1.98142e-01  -2.35463e-01   3.07038e-02   1.22417e-02   1.10976e-01   2.50057e-01  -7.08729e-02   7.11235e-02   1.81642e-01   3.50479e-01   1.66237e-01   1.71711e-01   1.38318e-01   6.25564e-02  -4.85599e-02  -3.54454e-02   7.02892e-02   2.18185e-02   1.75275e-01
T3   -1.00039e+00   3.63617e-01  -3.68703e-01   3.07038e-02   5.30675e-01   2.06804e-01   3.11450e-01   8.28571e-01   5.15793e-02  -2.14996e-01   3.53002e-01   4.94791e-01  -2.24827e-01   3.40979e-01   3.48180e-01   1.92864e-01   3.79372e-02   6.61737e-02   1.53351e-01   6.69970e-02   2.69488e-01
T4    2.01569e+00  -1.11851e-01   2.97407e-02   1.22417e-02   2.06804e-01  -1.64697e+00   3.72380e-02   2.41114e-01  -1.08418e-01  -2.16139e-01  -3.06642e-01  -2.72386e-01   1.28947e-01  -3.25411e-01  -4.22223e-01  -1.43259e-01  -8.47857e-02  -8.23628e-02  -4.14466e-01  -2.85311e-01  -3.31842e-01
T5   -4.59265e-01   2.46221e-01   2.18129e-01   1.10976e-01   3.11450e-01   3.72380e-02   1.54954e-01   4.50724e-01   1.08055e-01   1.59037e-01   1.04408e-01   1.67647e-01   3.61205e-01   1.29711e-01   6.99703e-02   1.03548e-01   8.13605e-02   2.97744e-02  -7.50491e-02   3.01628e-02   6.52891e-02
T6   -1.22762e+00   4.35499e-01  -3.12922e-01   2.50057e-01   8.28571e-01   2.41114e-01   4.50724e-01   9.30048e-01   2.63521e-01  -5.44475e-02   2.37219e-01   3.79951e-01  -1.84245e-01   3.48822e-01   2.69551e-01   3.01566e-01   1.81082e-01   1.58568e-01   1.35007e-01   9.79828e-02   1.67505e-01
T7   -7.15429e-01   7.77550e-03   3.48056e-02  -7.08729e-02   5.15793e-02  -1.08418e-01   1.08055e-01   2.63521e-01  -1.96532e-01  -2.79694e-02   1.11846e-01   1.72742e-01   1.79239e-01   1.33335e-04  -8.41728e-03  -3.10379e-02  -5.70451e-02  -2.76618e-02  -7.69674e-02  -2.39186e-02   3.18393e-02
T8    5.20884e-01   1.15844e-01   2.03339e-01   7.11235e-02  -2.14996e-01  -2.16139e-01   1.59037e-01  -5.44475e-02  -2.79694e-02  -3.76418e-01   3.05484e-02   6.46932e-02   4.60782e-01  -5.86109e-02  -9.91165e-02  -1.23303e-02  -7.89422e-02  -6.06608e-02  -2.39932e-01  -1.86974e-01  -2.19807e-02
T9    4.48839e-01  -2.04523e-01   1.53186e-01   1.81642e-01   3.53002e-01  -3.06642e-01   1.04408e-01   2.37219e-01   1.11846e-01   3.05484e-02  -6.58249e-01  -4.78013e-01   1.41011e-01  -3.42822e-01  -4.90056e-01   1.05100e-01   6.34644e-02  -1.17814e-01  -2.86918e-01  -4.01664e-01  -5.48741e-01
T10   -3.77818e-01  -1.86122e-01   9.73234e-02   3.50479e-01   4.94791e-01  -2.72386e-01   1.67647e-01   3.79951e-01   1.72742e-01   6.46932e-02  -4.78013e-01  -4.94644e-01   2.87300e-01  -2.69830e-01  -4.64935e-01   9.63219e-02   1.55070e-01   4.13221e-02  -3.43397e-01  -3.25101e-01  -4.40998e-01
T11   -1.01295e+00   4.27841e-01   8.48578e-01   1.66237e-01  -2.24827e-01   1.28947e-01   3.61205e-01  -1.84245e-01   1.79239e-01   4.60782e-01   1.41011e-01   2.87300e-01   7.32827e-01   3.15140e-01   1.89839e-01   4.24675e-01   2.03711e-01   1.51920e-01   1.05443e-01  -2.52643e-02   1.14541e-01
T12    1.22612e+00  -9.99049e-02   1.53199e-01   1.71711e-01   3.40979e-01  -3.25411e-01   1.29711e-01   3.48822e-01   1.33335e-04  -5.86109e-02  -3.42822e-01  -2.69830e-01   3.15140e-01  -6.72665e-01  -4.74827e-01   1.08936e-02   7.30273e-02   2.68582e-02  -4.05196e-01  -3.16604e-01  -3.03454e-01
T13    8.28547e-01  -1.84755e-01   3.77209e-02   1.38318e-01   3.48180e-01  -4.22223e-01   6.99703e-02   2.69551e-01  -8.41728e-03  -9.91165e-02  -4.90056e-01  -4.64935e-01   1.89839e-01  -4.74827e-01  -6.67803e-01  -8.16351e-02   1.13836e-03  -4.82418e-02  -5.14284e-01  -4.86577e-01  -4.32040e-01
T14   -3.49616e-01   8.87319e-02   9.77728e-02   6.25564e-02   1.92864e-01  -1.43259e-01   1.03548e-01   3.01566e-01  -3.10379e-02  -1.23303e-02   1.05100e-01   9.63219e-02   4.24675e-01   1.08936e-02  -8.16351e-02  -1.05403e-01   8.80432e-02   3.69034e-02  -3.94637e-01  -2.65374e-01   1.55258e-02
T15   -6.17470e-01   1.46993e-01   1.26046e-01  -4.85599e-02   3.79372e-02  -8.47857e-02   8.13605e-02   1.81082e-01  -5.70451e-02  -7.89422e-02   6.34644e-02   1.55070e-01   2.03711e-01   7.30273e-02   1.13836e-03   8.80432e-02  -7.18330e-02  -4.13937e-02  -4.26377e-02  -3.16637e-03   6.50438e-03
T16   -3.20243e-01   2.75591e-02   1.05209e-01  -3.54454e-02   6.61737e-02  -8.23628e-02   2.97744e-02   1.58568e-01  -2.76618e-02  -6.06608e-02  -1.17814e-01   4.13221e-02   1.51920e-01   2.68582e-02  -4.82418e-02   3.69034e-02  -4.13937e-02  -1.56499e-01   3.71977e-04  -4.66247e-02  -1.76719e-01
T17    1.74635e+00  -1.35391e-01  -1.89023e-01   7.02892e-02   1.53351e-01  -4.14466e-01  -7.50491e-02   1.35007e-01  -7.69674e-02  -2.39932e-01  -2.86918e-01  -3.43397e-01   1.05443e-01  -4.05196e-01  -5.14284e-01  -3.94637e-01  -4.26377e-02   3.71977e-04  -6.22930e-01  -3.70446e-01  -2.52685e-01
T18    8.07041e-01  -9.14005e-02  -6.13065e-02   2.18185e-02   6.69970e-02  -2.85311e-01   3.01628e-02   9.79828e-02  -2.39186e-02  -1.86974e-01  -4.01664e-01  -3.25101e-01  -2.52643e-02  -3.16604e-01  -4.86577e-01  -2.65374e-01  -3.16637e-03  -4.66247e-02  -3.70446e-01  -3.86881e-01  -3.24573e-01
T19    2.92109e-01  -2.57277e-01   7.08911e-02   1.75275e-01   2.69488e-01  -3.31842e-01   6.52891e-02   1.67505e-01   3.18393e-02  -2.19807e-02  -5.48741e-01  -4.40998e-01   1.14541e-01  -3.03454e-01  -4.32040e-01   1.55258e-02   6.50438e-03  -1.76719e-01  -2.52685e-01  -3.24573e-01  -5.93114e-01
