T0   -8.13718e-01  -1.14889e-01   1.79869e-01   2.37079e-01   3.30532e-01  -1.00032e-01   2.23959e-01   3.97737e-01  -7.93053e-03   1.19597e-01  -1.63816e-01  -1.56861e-01   3.98326e-01  -9.07578e-02  -1.60996e-01   9.23941e-02   1.36383e-01   3.81136e-02  -1.25613e-01  -6.35830e-02  -2.07456e-01
T1   -5.84217e-01   1.79869e-01   4.09696e-01   1.74658e-01  -3.78918e-01   2.76855e-02   1.90660e-01  -3.25507e-01   1.32184e-02   1.88488e-01   1.47237e-01   9.66326e-02   7.79906e-01   1.41942e-01   3.75367e-02   7.49991e-02   1.04488e-01   9.81190e-02  -1.51944e-01  -3.89869e-02   7.89261e-02
T2   -5.22398e-01   2.37079e-01   1.74658e-01  -2.17063e-01   2.54070e-02   2.52680e-02   9.33976e-02   2.33521e-01  -7.36190e-02   5.42861e-02   1.87049e-01   3.37080e-01   1.42661e-01   1.57947e-01   1.27022e-01   5.83824e-02  -4.55860e-02  -2.49475e-02   4.82375e-02   3.68137e-03   1.88105e-01
T3   -1.04496e+00   3.30532e-01  -3.78918e-01   2.54070e-02   4.72815e-01   1.97161e-01   2.79743e-01   7.55110e-01   2.01369e-02  -2.11039e-01   3.41911e-01   4.66770e-01  -2.43269e-01   3.31924e-01   3.16343e-01   1.72972e-01   3.72364e-02   7.19501e-02   9.68184e-02   2.92413e-02   2.71290e-01
T4    2.02631e+00  -1.00032e-01   2.76855e-02   2.52680e-02   1.97161e-01  -1.52820e+00   4.34561e-02   2.29267e-01  -9.78281e-02  -1.96530e-01  -2.64798e-01  -2.39118e-01   1.18082e-01  -2.84270e-01  -3.86236e-01  -1.24463e-01  -7.32296e-02  -5.51798e-02  -4.00991e-01  -2.54259e-01  -2.79935e-01
T5   -5.19566e-01   2.23959e-01   1.90660e-01   9.33976e-02   2.79743e-01   4.34561e-02   1.42960e-01   4.13539e-01   7.72097e-02   1.38810e-01   1.16121e-01   1.73497e-01   3.37602e-01   1.25688e-01   6.71189e-02   8.80814e-02   7.32992e-02   3.75845e-02  -7.78927e-02   1.88125e-02   8.42683e-02
T6   -1.29037e+00   3.97737e-01  -3.25507e-01   2.33521e-01   7.55110e-01   2.29267e-01   4.13539e-01   8.29164e-01   2.09499e-01  -6.19197e-02   2.34066e-01   3.71651e-01  -2.07555e-01   3.19408e-01   2.41482e-01   2.74014e-01   1.70889e-01   1.66846e-01   8.92914e-02   5.51500e-02   1.78995e-01
T7   -7.20331e-01  -7.93053e-03   1.32184e-02  -7.36190e-02   2.01369e-02  -9.78281e-02   7.72097e-02   2.09499e-01  -1.96817e-01  -2.62746e-02   1.24691e-01   1.80033e-01   1.43282e-01  -3.83935e-05   1.37673e-02  -3.23737e-02  -7.05546e-02  -2.57511e-02  -5.18566e-02  -8.91435e-03   4.95225e-02
T8    5.01455e-01   1.19597e-01   1.88488e-01   5.42861e-02  -2.11039e-01  -1.96530e-01   1.38810e-01  -6.19197e-02  -2.62746e-02  -3.55458e-01   3.76305e-02   6.54031e-02   4.37494e-01  -5.76014e-02  -9.38698e-02  -1.64001e-02  -6.59446e-02  -4.17781e-02  -2.31027e-01  -1.70274e-01   5.06641e-03
T9    4.99499e-01  -1.63816e-01   1.47237e-01   1.87049e-01   3.41911e-01  -2.64798e-01   1.16121e-01   2.34066e-01   1.24691e-01   3.76305e-02  -6.21836e-01  -4.67441e-01   1.37685e-01  -3.25598e-01  -4.80743e-01   1.16424e-01   8.83002e-02  -8.54491e-02  -2.89306e-01  -3.73143e-01  -4.97082e-01
T10   -3.26597e-01  -1.56861e-01   9.66326e-02   3.37080e-01   4.66770e-01  -2.39118e-01   1.73497e-01   3.71651e-01   1.80033e-01   6.54031e-02  -4.67441e-01  -4.76380e-01   2.83503e-01  -2.54855e-01  -4.51168e-01   9.54009e-02   1.62629e-01   4.11420e-02  -3.48930e-01  -3.05312e-01  -4.15589e-01
T11   -1.07632e+00   3.98326e-01   7.79906e-01   1.42661e-01  -2.43269e-01   1.18082e-01   3.37602e-01  -2.07555e-01   1.43282e-01   4.37494e-01   1.37685e-01   2.83503e-01   6.28947e-01   2.88319e-01   1.70656e-01   3.79934e-01   1.78184e-01   1.44534e-01   1.19530e-01  -1.48070e-02   1.29647e-01
T12    1.26835e+00  -9.07578e-02   1.41942e-01   1.57947e-01   3.31924e-01  -2.84270e-01   1.25688e-01   3.19408e-01  -3.83935e-05  -5.76014e-02  -3.25598e-01  -2.54855e-01   2.88319e-01  -6.25022e-01  -4.46552e-01   5.71266e-03   7.18446e-02   1.77609e-02  -4.03318e-01  -3.03425e-01  -2.72764e-01
T13    9.57227e-01  -1.60996e-01   3.75367e-02   1.27022e-01   3.16343e-01  -3.86236e-01   6.71189e-02   2.41482e-01   1.37673e-02  -9.38698e-02  -4.80743e-01  -4.51168e-01   1.70656e-01  -4.46552e-01  -6.48926e-01  -6.76483e-02   2.32209e-03  -5.29300e-02  -5.11004e-01  -4.61842e-01  -4.04789e-01
T14   -3.96524e-01   9.23941e-02   7.49991e-02   5.83824e-02   1.72972e-01  -1.24463e-01   8.80814e-02   2.74014e-01  -3.23737e-02  -1.64001e-02   1.16424e-01   9.54009e-02   3.79934e-01   5.71266e-03  -6.76483e-02  -7.65057e-02   8.47597e-02   5.16813e-02  -3.65947e-01  -2.38428e-01   4.37468e-02
T15   -6.64502e-01   1.36383e-01   1.04488e-01  -4.55860e-02   3.72364e-02  -7.32296e-02   7.32992e-02   1.70889e-01  -7.05546e-02  -6.59446e-02   8.83002e-02   1.62629e-01   1.78184e-01   7.18446e-02   2.32209e-03   8.47597e-02  -6.99456e-02  -2.44580e-02  -4.18732e-02   1.91300e-03   4.20788e-02
T16   -3.65439e-01   3.81136e-02   9.81190e-02  -2.49475e-02   7.19501e-02  -5.51798e-02   3.75845e-02   1.66846e-01  -2.57511e-02  -4.17781e-02  -8.54491e-02   4.11420e-02   1.44534e-01   1.77609e-02  -5.29300e-02   5.16813e-02  -2.44580e-02  -1.28006e-01  -2.17217e-02  -5.32087e-02  -1.35768e-01
T17    1.91145e+00  -1.25613e-01  -1.51944e-01   4.82375e-02   9.68184e-02  -4.00991e-01  -7.78927e-02   8.92914e-02  -5.18566e-02  -2.31027e-01  -2.89306e-01  -3.48930e-01   1.19530e-01  -4.03318e-01  -5.11004e-01  -3.65947e-01  -4.18732e-02  -2.17217e-02  -6.43775e-01  -3.70991e-01  -2.49606e-01
T18    8.77963e-01  -6.35830e-02  -3.89869e-02   3.68137e-03   2.92413e-02  -2.54259e-01   1.88125e-02   5.51500e-02  -8.91435e-03  -1.70274e-01  -3.73143e-01  -3.05312e-01  -1.48070e-02  -3.03425e-01  -4.61842e-01  -2.38428e-01   1.91300e-03  -5.32087e-02  -3.70991e-01  -3.45659e-01  -2.91621e-01
T19    2.82696e-01  -2.07456e-01   7.89261e-02   1.88105e-01   2.71290e-01  -2.79935e-01   8.42683e-02   1.78995e-01   4.95225e-02   5.06641e-03  -4.97082e-01  -4.15589e-01   1.29647e-01  -2.72764e-01  -4.04789e-01   4.37468e-02   4.20788e-02  -1.35768e-01  -2.49606e-01  -2.91621e-01  -5.39935e-01
