T0   -4.62888e-01  -9.66252e-02   2.36350e-02   6.46337e-02   3.99878e-02  -7.60080e-03   2.58500e-02   6.16776e-02  -2.35380e-02   2.26118e-02  -3.37108e-02  -5.34253e-02   9.72102e-02  -3.29094e-02  -2.21833e-02   1.53999e-02   2.48446e-02   1.61319e-03  -1.93094e-02   8.67306e-03  -5.59061e-02
T1   -1.01884e+00   2.36350e-02   7.49253e-02   9.45958e-02  -7.36310e-02  -3.19553e-03   8.46823e-02  -6.64793e-02   2.21772e-02   4.50815e-02   5.00103e-02   8.35798e-03   2.72990e-01   1.31854e-02   6.59324e-03   1.74092e-02   5.71960e-02   7.04654e-02  -2.18929e-02   1.10995e-02   2.40856e-02
T2   -8.08516e-01   6.46337e-02   9.45958e-02  -8.51527e-02   3.36689e-02   1.14304e-02   4.30419e-02   1.06180e-01  -4.96273e-03   3.64622e-02   1.42951e-02   6.61074e-02   4.95977e-02   2.85671e-03   6.63549e-03   4.59365e-02  -9.63307e-03   2.77660e-03  -3.83794e-03  -3.31954e-02   5.47335e-02
T3   -1.38835e+00   3.99878e-02  -7.36310e-02   3.36689e-02   1.03493e-01   5.31160e-02   9.48676e-02   1.87103e-01   1.13215e-03  -1.89560e-02   5.02486e-02   6.50826e-02  -1.80291e-02   3.66325e-02   4.12843e-02   4.49877e-02   4.37573e-02   4.03392e-02  -6.95171e-03  -4.36466e-03   5.44748e-02
T4    2.34794e+00  -7.60080e-03  -3.19553e-03   1.14304e-02   5.31160e-02  -5.76549e-01  -2.49896e-03   6.21525e-02  -1.69871e-02  -6.64720e-02  -6.13548e-02  -5.72646e-02   2.61792e-02  -9.63864e-02  -9.14454e-02  -2.35231e-02  -4.74254e-02  -1.20497e-02  -8.56783e-02  -4.75916e-02  -6.71788e-02
T5   -8.62900e-01   2.58500e-02   8.46823e-02   4.30419e-02   9.48676e-02  -2.49896e-03  -1.39177e-02   1.37961e-01   4.87086e-02   4.59586e-02   2.57394e-02   6.09134e-04   1.43675e-01  -5.58381e-03  -2.70073e-03   3.38010e-02   3.27262e-02   3.51717e-02  -5.01030e-02  -1.12678e-02   3.85193e-02
T6   -1.79042e+00   6.16776e-02  -6.64793e-02   1.06180e-01   1.87103e-01   6.21525e-02   1.37961e-01   1.51603e-01   7.11668e-02   1.74130e-02   2.40756e-02   3.00738e-02  -1.55129e-02   3.56598e-02   1.51413e-02   8.87321e-02   9.68444e-02   9.36570e-02  -1.86460e-04  -6.28743e-03   4.19244e-02
T7   -7.32559e-01  -2.35380e-02   2.21772e-02  -4.96273e-03   1.13215e-03  -1.69871e-02   4.87086e-02   7.11668e-02  -8.06667e-02  -2.05814e-02   2.63732e-02   4.21006e-02   7.97770e-02  -1.03650e-02   1.74230e-02  -1.31875e-02  -1.08754e-02  -1.13998e-02  -3.35689e-03   1.12377e-02   5.96653e-04
T8    3.55461e-01   2.26118e-02   4.50815e-02   3.64622e-02  -1.89560e-02  -6.64720e-02   4.59586e-02   1.74130e-02  -2.05814e-02  -1.71718e-01   2.55465e-02   1.44141e-02   1.51344e-01  -3.60335e-02  -3.13407e-02   5.34200e-03   9.17124e-06   1.57222e-02  -7.25867e-02  -3.76334e-02   2.32200e-02
T9    9.67368e-01  -3.37108e-02   5.00103e-02   1.42951e-02   5.02486e-02  -6.13548e-02   2.57394e-02   2.40756e-02   2.63732e-02   2.55465e-02  -1.98734e-01  -1.21851e-01  -1.14846e-02  -7.85171e-02  -1.20248e-01   4.66250e-02  -2.64037e-03  -2.65036e-02  -2.99318e-02  -6.34415e-02  -1.21956e-01
T10    2.18600e-01  -5.34253e-02   8.35798e-03   6.61074e-02   6.50826e-02  -5.72646e-02   6.09134e-04   3.00738e-02   4.21006e-02   1.44141e-02  -1.21851e-01  -1.59396e-01   4.55189e-02  -5.78901e-02  -1.08613e-01   2.89553e-02   1.12906e-02  -2.50581e-03  -6.37459e-02  -3.47440e-02  -1.03376e-01
T11   -1.70120e+00   9.72102e-02   2.72990e-01   4.95977e-02  -1.80291e-02   2.61792e-02   1.43675e-01  -1.55129e-02   7.97770e-02   1.51344e-01  -1.14846e-02   4.55189e-02   9.18289e-02   3.31866e-02   3.97305e-03   1.20512e-01   8.23103e-02   9.35249e-02   5.15745e-02  -1.83471e-02   3.27123e-02
T12    1.80556e+00  -3.29094e-02   1.31854e-02   2.85671e-03   3.66325e-02  -9.63864e-02  -5.58381e-03   3.56598e-02  -1.03650e-02  -3.60335e-02  -7.85171e-02  -5.78901e-02   3.31866e-02  -3.26243e-01  -9.53308e-02   3.99183e-03   3.05670e-03  -1.01085e-02  -5.95610e-02  -5.18927e-02  -5.49985e-02
T13    1.36308e+00  -2.21833e-02   6.59324e-03   6.63549e-03   4.12843e-02  -9.14454e-02  -2.70073e-03   1.51413e-02   1.74230e-02  -3.13407e-02  -1.20248e-01  -1.08613e-01   3.97305e-03  -9.53308e-02  -1.75716e-01   1.59219e-02  -1.98010e-02  -2.14038e-02  -1.20311e-01  -1.03939e-01  -8.91288e-02
T14   -7.03726e-01   1.53999e-02   1.74092e-02   4.59365e-02   4.49877e-02  -2.35231e-02   3.38010e-02   8.87321e-02  -1.31875e-02   5.34200e-03   4.66250e-02   2.89553e-02   1.20512e-01   3.99183e-03   1.59219e-02  -6.08820e-02   3.59590e-02   3.19393e-02  -7.04258e-02  -3.55269e-02   1.89551e-02
T15   -7.33136e-01   2.48446e-02   5.71960e-02  -9.63307e-03   4.37573e-02  -4.74254e-02   3.27262e-02   9.68444e-02  -1.08754e-02   9.17124e-06  -2.64037e-03   1.12906e-02   8.23103e-02   3.05670e-03  -1.98010e-02   3.59590e-02  -4.24834e-02  -8.52560e-03  -1.85973e-02  -1.25245e-02   8.51200e-03
T16   -4.59723e-01   1.61319e-03   7.04654e-02   2.77660e-03   4.03392e-02  -1.20497e-02   3.51717e-02   9.36570e-02  -1.13998e-02   1.57222e-02  -2.65036e-02  -2.50581e-03   9.35249e-02  -1.01085e-02  -2.14038e-02   3.19393e-02  -8.52560e-03  -4.56756e-02  -1.59399e-02  -1.88155e-02  -3.69976e-02
T17    2.15889e+00  -1.93094e-02  -2.18929e-02  -3.83794e-03  -6.95171e-03  -8.56783e-02  -5.01030e-02  -1.86460e-04  -3.35689e-03  -7.25867e-02  -2.99318e-02  -6.37459e-02   5.15745e-02  -5.95610e-02  -1.20311e-01  -7.04258e-02  -1.85973e-02  -1.59399e-02  -2.64150e-01  -1.01109e-01  -4.04291e-02
T18    9.31819e-01   8.67306e-03   1.10995e-02  -3.31954e-02  -4.36466e-03  -4.75916e-02  -1.12678e-02  -6.28743e-03   1.12377e-02  -3.76334e-02  -6.34415e-02  -3.47440e-02  -1.83471e-02  -5.18927e-02  -1.03939e-01  -3.55269e-02  -1.25245e-02  -1.88155e-02  -1.01109e-01  -1.03655e-01  -3.49515e-02
T19    5.13542e-01  -5.59061e-02   2.40856e-02   5.47335e-02   5.44748e-02  -6.71788e-02   3.85193e-02   4.19244e-02   5.96653e-04   2.32200e-02  -1.21956e-01  -1.03376e-01   3.27123e-02  -5.49985e-02  -8.91288e-02   1.89551e-02   8.51200e-03  -3.69976e-02  -4.04291e-02  -3.49515e-02  -1.47579e-01
