T0   -4.14323e-01  -6.06999e-02   6.74639e-03   2.97752e-02   8.76059e-03   6.82920e-03   6.75243e-03   2.06245e-02  -1.66422e-02   1.06842e-02  -4.33945e-03  -2.03225e-02   4.47528e-02  -9.96450e-03   3.15590e-03   6.37982e-03   1.22800e-02  -1.83855e-03   2.95839e-04   1.40669e-02  -2.29974e-02
T1   -9.92490e-01   6.74639e-03   3.31861e-02   6.80941e-02  -2.68600e-02  -4.66886e-03   5.94588e-02  -2.10961e-02   1.61336e-02   3.29888e-02   1.43364e-02  -1.49514e-02   1.64981e-01  -1.11727e-02  -6.62093e-03   5.17477e-03   3.56532e-02   4.27601e-02  -2.09365e-02   8.29127e-03  -4.48728e-04
T2   -6.89266e-01   2.97752e-02   6.80941e-02  -6.26834e-02   1.92203e-02   1.03925e-02   1.80981e-02   6.15368e-02  -2.61465e-03   2.69834e-02  -6.64663e-03   2.80962e-02   2.80046e-02  -3.66332e-03  -9.93995e-04   3.23673e-02  -1.02233e-02  -1.64548e-03  -3.62127e-03  -2.64064e-02   2.34798e-02
T3   -1.25720e+00   8.76059e-03  -2.68600e-02   1.92203e-02   4.24724e-02   3.22401e-02   4.84812e-02   9.46019e-02   2.56453e-03   1.40639e-03   1.16396e-02   2.27178e-02  -4.21701e-04   7.33901e-03   1.43231e-02   2.98393e-02   2.84565e-02   1.93214e-02  -1.51901e-02  -7.80228e-03   1.67510e-02
T4    2.17703e+00   6.82920e-03  -4.66886e-03   1.03925e-02   3.22401e-02  -3.77224e-01  -3.70766e-03   3.49375e-02   1.17423e-03  -5.45161e-02  -2.40011e-02  -2.06476e-02   9.30022e-03  -4.54101e-02  -3.87131e-02  -6.45384e-03  -2.55833e-02  -7.73700e-04  -3.84632e-02  -1.35850e-02  -2.53743e-02
T5   -7.68221e-01   6.75243e-03   5.94588e-02   1.80981e-02   4.84812e-02  -3.70766e-03  -3.62671e-02   7.85430e-02   3.09484e-02   2.52346e-02   4.35159e-03  -1.44246e-02   9.00817e-02  -1.06086e-02  -5.37306e-03   2.17375e-02   1.50631e-02   1.72669e-02  -2.75273e-02  -4.69309e-03   1.38095e-02
T6   -1.68287e+00   2.06245e-02  -2.10961e-02   6.15368e-02   9.46019e-02   3.49375e-02   7.85430e-02   6.57602e-02   3.79055e-02   1.41105e-02  -8.64964e-03  -3.10645e-03   2.44076e-03   4.38915e-03  -1.52014e-04   4.97245e-02   5.56734e-02   5.00988e-02   1.00236e-03  -8.64540e-04   9.26088e-03
T7   -6.40742e-01  -1.66422e-02   1.61336e-02  -2.61465e-03   2.56453e-03   1.17423e-03   3.09484e-02   3.79055e-02  -5.21895e-02  -7.77860e-03   9.40123e-03   2.27893e-02   5.10723e-02  -8.28434e-03   9.65610e-03  -7.78377e-03  -3.52420e-03  -6.94642e-03  -5.50158e-03   5.08192e-03  -5.79780e-03
T8    4.45806e-01   1.06842e-02   3.29888e-02   2.69834e-02   1.40639e-03  -5.45161e-02   2.52346e-02   1.41105e-02  -7.77860e-03  -1.03455e-01   4.45658e-03  -3.80454e-03   9.63284e-02  -3.07951e-02  -2.54705e-02  -2.48266e-03   5.98203e-03   1.11090e-02  -4.35208e-02  -2.16898e-02   5.63392e-03
T9    8.69879e-01  -4.33945e-03   1.43364e-02  -6.64663e-03   1.16396e-02  -2.40011e-02   4.35159e-03  -8.64964e-03   9.40123e-03   4.45658e-03  -9.85735e-02  -4.35026e-02  -3.16228e-02  -2.36175e-02  -4.40187e-02   2.48857e-02  -6.87042e-03  -1.30441e-02   1.23687e-02  -1.89218e-02  -4.77304e-02
T10    1.15847e-01  -2.03225e-02  -1.49514e-02   2.80962e-02   2.27178e-02  -2.06476e-02  -1.44246e-02  -3.10645e-03   2.27893e-02  -3.80454e-03  -4.35026e-02  -7.23049e-02   8.18081e-03  -1.14303e-02  -3.90258e-02   9.91903e-03  -1.45566e-03   9.30549e-04  -1.28338e-02  -4.10714e-03  -3.83083e-02
T11   -1.64833e+00   4.47528e-02   1.64981e-01   2.80046e-02  -4.21701e-04   9.30022e-03   9.00817e-02   2.44076e-03   5.10723e-02   9.63284e-02  -3.16228e-02   8.18081e-03   2.65059e-02  -4.49306e-03  -1.02652e-02   6.90932e-02   4.67820e-02   5.01749e-02   2.72759e-02  -8.99318e-03   2.16417e-03
T12    1.79048e+00  -9.96450e-03  -1.11727e-02  -3.66332e-03   7.33901e-03  -4.54101e-02  -1.06086e-02   4.38915e-03  -8.28434e-03  -3.07951e-02  -2.36175e-02  -1.14303e-02  -4.49306e-03  -2.27157e-01  -2.95231e-02  -6.50998e-03  -1.29992e-03  -2.04857e-03  -1.41737e-02  -8.64262e-03  -8.83012e-03
T13    1.18491e+00   3.15590e-03  -6.62093e-03  -9.93995e-04   1.43231e-02  -3.87131e-02  -5.37306e-03  -1.52014e-04   9.65610e-03  -2.54705e-02  -4.40187e-02  -3.90258e-02  -1.02652e-02  -2.95231e-02  -8.66644e-02  -9.21582e-04  -1.41991e-02  -1.03579e-02  -4.55172e-02  -4.83127e-02  -3.17357e-02
T14   -6.74279e-01   6.37982e-03   5.17477e-03   3.23673e-02   2.98393e-02  -6.45384e-03   2.17375e-02   4.97245e-02  -7.78377e-03  -2.48266e-03   2.48857e-02   9.91903e-03   6.90932e-02  -6.50998e-03  -9.21582e-04  -4.15955e-02   2.93467e-02   1.68965e-02  -4.10061e-02  -1.86012e-02   6.21582e-03
T15   -6.16358e-01   1.22800e-02   3.56532e-02  -1.02233e-02   2.84565e-02  -2.55833e-02   1.50631e-02   5.56734e-02  -3.52420e-03   5.98203e-03  -6.87042e-03  -1.45566e-03   4.67820e-02  -1.29992e-03  -1.41991e-02   2.93467e-02  -3.73982e-02  -9.48849e-03  -1.05026e-02  -9.19664e-03  -2.47417e-04
T16   -3.66390e-01  -1.83855e-03   4.27601e-02  -1.64548e-03   1.93214e-02  -7.73700e-04   1.72669e-02   5.00988e-02  -6.94642e-03   1.11090e-02  -1.30441e-02   9.30549e-04   5.01749e-02  -2.04857e-03  -1.03579e-02   1.68965e-02  -9.48849e-03  -4.25040e-02  -8.03913e-03  -8.66685e-03  -2.04946e-02
T17    1.94018e+00   2.95839e-04  -2.09365e-02  -3.62127e-03  -1.51901e-02  -3.84632e-02  -2.75273e-02   1.00236e-03  -5.50158e-03  -4.35208e-02   1.23687e-02  -1.28338e-02   2.72759e-02  -1.41737e-02  -4.55172e-02  -4.10061e-02  -1.05026e-02  -8.03913e-03  -1.74322e-01  -5.16069e-02   1.47835e-03
T18    7.84026e-01   1.40669e-02   8.29127e-03  -2.64064e-02  -7.80228e-03  -1.35850e-02  -4.69309e-03  -8.64540e-04   5.08192e-03  -2.16898e-02  -1.89218e-02  -4.10714e-03  -8.99318e-03  -8.64262e-03  -4.83127e-02  -1.86012e-02  -9.19664e-03  -8.66685e-03  -5.16069e-02  -6.45414e-02  -1.36758e-03
T19    4.42323e-01  -2.29974e-02  -4.48728e-04   2.34798e-02   1.67510e-02  -2.53743e-02   1.38095e-02   9.26088e-03  -5.79780e-03   5.63392e-03  -4.77304e-02  -3.83083e-02   2.16417e-03  -8.83012e-03  -3.17357e-02   6.21582e-03  -2.47417e-04  -2.04946e-02   1.47835e-03  -1.36758e-03  -7.33165e-02
