T0   -6.14017e-01  -5.08769e-01  -8.25781e-02   2.44794e-01   5.06730e-01  -5.24549e-01   2.98168e-01   6.48303e-01  -6.67337e-01   7.93985e-02  -3.79612e-01  -2.02428e-01   4.97143e-01  -2.87867e-01  -2.97181e-01   5.34110e-01  -5.68531e-02  -4.70321e-02  -2.63829e-01  -2.21831e-01  -5.26234e-01
T1   -1.29916e-01  -8.25781e-02   2.80398e-01   1.52537e-02  -5.81044e-01  -1.31355e-01  -5.92212e-02  -4.94706e-01  -4.82932e-01  -2.12915e-01   2.39527e-01   1.09476e-01   8.08563e-01  -1.01755e-01  -3.06637e-01   2.08144e-01  -2.64041e-02   3.33454e-02  -1.19568e+00  -6.79249e-01   1.25880e-01
T2   -5.11848e-02   2.44794e-01   1.52537e-02  -4.89231e-01   4.86105e-02  -6.88250e-02   1.70244e-01   4.51920e-01  -5.51908e-01  -1.59656e-02   5.47384e-01   7.21634e-01   1.14430e-01   3.25517e-01   2.65849e-01   7.39959e-01  -2.38591e-01  -1.56831e-01  -2.64339e-01  -4.71956e-02   5.05306e-01
T3   -4.28242e-01   5.06730e-01  -5.81044e-01   4.86105e-02   6.61968e-01   3.07772e-01   6.04098e-01   1.17770e+00  -1.92806e-01  -2.39835e-02   7.61574e-01   9.63645e-01  -2.57772e-01   5.83329e-01   7.88484e-01   1.15048e+00   7.64856e-02  -6.89742e-02   8.80724e-01   6.23867e-01   5.88276e-01
T4    1.47410e+00  -5.24549e-01  -1.31355e-01  -6.88250e-02   3.07772e-01  -3.25527e+00   1.16555e-01   6.23705e-01  -1.01311e+00  -2.82078e-01  -5.76134e-01  -4.41630e-01   4.40652e-01  -5.75291e-01  -7.48792e-01   4.12697e-01  -5.10004e-01  -3.33287e-01  -1.09246e+00  -4.44771e-01  -7.59816e-01
T5    4.90707e-02   2.98168e-01  -5.92212e-02   1.70244e-01   6.04098e-01   1.16555e-01   1.68187e-01   8.32474e-01  -2.55979e-01   6.30436e-02   4.67748e-01   5.22731e-01   1.63601e-01   1.10203e-01  -2.71032e-02   6.55981e-01   9.85244e-02   7.07485e-02  -5.01403e-01  -2.12371e-01   3.56353e-01
T6   -5.64026e-01   6.48303e-01  -4.94706e-01   4.51920e-01   1.17770e+00   6.23705e-01   8.32474e-01   1.32005e+00   3.46037e-02   1.17022e-01   7.04389e-01   1.01983e+00  -3.64851e-01   6.13343e-01   4.04432e-01   1.12465e+00   4.04137e-01   3.63017e-01   2.81229e-01   3.17750e-01   6.64438e-01
T7   -2.96228e-01  -6.67337e-01  -4.82932e-01  -5.51908e-01  -1.92806e-01  -1.01311e+00  -2.55979e-01   3.46037e-02  -1.06713e+00  -5.69188e-01  -4.69820e-01  -3.47253e-01  -1.48370e-01  -6.45540e-01  -7.70635e-01  -1.14199e-01  -6.22286e-01  -5.19300e-01  -8.67289e-01  -7.70104e-01  -6.56333e-01
T8    6.16753e-01   7.93985e-02  -2.12915e-01  -1.59656e-02  -2.39835e-02  -2.82078e-01   6.30436e-02   1.17022e-01  -5.69188e-01  -8.29102e-01   3.62094e-01   4.22761e-01   2.72429e-01  -2.75738e-02  -2.32882e-01   3.82846e-01  -2.80968e-01  -8.65123e-02  -9.25823e-01  -4.94325e-01   2.32203e-01
T9   -2.26982e-01  -3.79612e-01   2.39527e-01   5.47384e-01   7.61574e-01  -5.76134e-01   4.67748e-01   7.04389e-01  -4.69820e-01   3.62094e-01  -1.04958e+00  -5.68404e-01   5.83170e-01  -5.03264e-01  -3.19620e-01   1.22432e+00   1.52599e-01   2.46475e-02   3.76141e-02   7.00179e-02  -8.83584e-01
T10   -7.94610e-01  -2.02428e-01   1.09476e-01   7.21634e-01   9.63645e-01  -4.41630e-01   5.22731e-01   1.01983e+00  -3.47253e-01   4.22761e-01  -5.68404e-01  -2.60697e-01   6.72125e-01  -1.57780e-01  -2.26117e-01   1.07944e+00   3.60989e-01   3.38589e-01  -3.57453e-01  -8.72835e-02  -5.59923e-01
T11   -3.48181e-01   4.97143e-01   8.08563e-01   1.14430e-01  -2.57772e-01   4.40652e-01   1.63601e-01  -3.64851e-01  -1.48370e-01   2.72429e-01   5.83170e-01   6.72125e-01   8.85396e-01   4.08299e-01   1.82826e-01   9.76289e-01   1.51264e-01   2.37030e-01  -7.09550e-01  -6.04862e-01   5.50433e-01
T12    9.74773e-01  -2.87867e-01  -1.01755e-01   3.25517e-01   5.83329e-01  -5.75291e-01   1.10203e-01   6.13343e-01  -6.45540e-01  -2.75738e-02  -5.03264e-01  -1.57780e-01   4.08299e-01  -8.87377e-01  -5.38518e-01   5.05883e-01   2.04133e-02   1.25462e-01  -7.30656e-01  -4.17492e-01  -4.66223e-01
T13    9.67433e-02  -2.97181e-01  -3.06637e-01   2.65849e-01   7.88484e-01  -7.48792e-01  -2.71032e-02   4.04432e-01  -7.70635e-01  -2.32882e-01  -3.19620e-01  -2.26117e-01   1.82826e-01  -5.38518e-01  -6.82059e-01   2.26763e-01   4.16457e-02   4.66142e-01  -5.54446e-01  -5.13874e-01  -3.58637e-01
T14   -2.27098e-01   5.34110e-01   2.08144e-01   7.39959e-01   1.15048e+00   4.12697e-01   6.55981e-01   1.12465e+00  -1.14199e-01   3.82846e-01   1.22432e+00   1.07944e+00   9.76289e-01   5.05883e-01   2.26763e-01   8.40586e-01   6.91695e-01   9.69189e-01  -7.33376e-01  -2.73321e-01   1.00541e+00
T15   -3.29358e-01  -5.68531e-02  -2.64041e-02  -2.38591e-01   7.64856e-02  -5.10004e-01   9.85244e-02   4.04137e-01  -6.22286e-01  -2.80968e-01   1.52599e-01   3.60989e-01   1.51264e-01   2.04133e-02   4.16457e-02   6.91695e-01  -4.19971e-01  -3.22130e-01  -1.39564e-01   2.66739e-02  -1.10212e-01
T16   -2.56734e-01  -4.70321e-02   3.33454e-02  -1.56831e-01  -6.89742e-02  -3.33287e-01   7.07485e-02   3.63017e-01  -5.19300e-01  -8.65123e-02   2.46475e-02   3.38589e-01   2.37030e-01   1.25462e-01   4.66142e-01   9.69189e-01  -3.22130e-01  -6.36451e-01   5.17754e-01   4.00671e-01  -1.79268e-01
T17    1.21495e+00  -2.63829e-01  -1.19568e+00  -2.64339e-01   8.80724e-01  -1.09246e+00  -5.01403e-01   2.81229e-01  -8.67289e-01  -9.25823e-01   3.76141e-02  -3.57453e-01  -7.09550e-01  -7.30656e-01  -5.54446e-01  -7.33376e-01  -1.39564e-01   5.17754e-01  -6.67085e-01  -7.02996e-01   3.00634e-02
T18    2.40846e-01  -2.21831e-01  -6.79249e-01  -4.71956e-02   6.23867e-01  -4.44771e-01  -2.12371e-01   3.17750e-01  -7.70104e-01  -4.94325e-01   7.00179e-02  -8.72835e-02  -6.04862e-01  -4.17492e-01  -5.13874e-01  -2.73321e-01   2.66739e-02   4.00671e-01  -7.02996e-01  -5.02809e-01   1.79043e-02
T19   -4.00663e-01  -5.26234e-01   1.25880e-01   5.05306e-01   5.88276e-01  -7.59816e-01   3.56353e-01   6.64438e-01  -6.56333e-01   2.32203e-01  -8.83584e-01  -5.59923e-01   5.50433e-01  -4.66223e-01  -3.58637e-01   1.00541e+00  -1.10212e-01  -1.79268e-01   3.00634e-02   1.79043e-02  -1.05144e+00
