T0   -7.00085e-01  -1.51828e-01   2.13615e-01   2.48248e-01   3.89904e-01  -1.46066e-01   2.52855e-01   4.55842e-01   1.01348e-02   9.99336e-02  -2.52091e-01  -2.10008e-01   4.41721e-01  -1.12543e-01  -2.12139e-01   6.21750e-02   1.33857e-01   6.68272e-03  -1.35934e-01  -1.31347e-01  -3.12219e-01
T1   -5.22916e-01   2.13615e-01   4.98175e-01   2.30670e-01  -3.48085e-01   2.31298e-02   2.47613e-01  -2.83408e-01   5.05282e-02   2.06226e-01   1.65540e-01   1.10533e-01   9.11319e-01   1.63611e-01   2.24034e-02   1.11888e-01   1.34213e-01   9.94313e-02  -2.32590e-01  -9.58242e-02   7.06809e-02
T2   -4.05924e-01   2.48248e-01   2.30670e-01  -2.52347e-01   2.17029e-02  -4.13381e-03   1.22152e-01   2.75408e-01  -7.50355e-02   8.61124e-02   1.84862e-01   3.69754e-01   1.90756e-01   1.83423e-01   1.60943e-01   6.22812e-02  -5.63292e-02  -5.05535e-02   9.43052e-02   4.03760e-02   1.65627e-01
T3   -9.37701e-01   3.89904e-01  -3.48085e-01   2.17029e-02   5.64805e-01   2.16783e-01   3.45706e-01   8.91333e-01   6.82069e-02  -2.02817e-01   3.70103e-01   5.25168e-01  -1.91565e-01   3.71224e-01   4.06971e-01   2.21803e-01   2.57719e-02   5.04284e-02   2.24913e-01   1.51468e-01   2.66116e-01
T4    2.00765e+00  -1.46066e-01   2.31298e-02  -4.13381e-03   2.16783e-01  -1.80708e+00   2.90805e-02   2.35554e-01  -1.34397e-01  -2.43428e-01  -3.48118e-01  -3.13147e-01   1.50574e-01  -3.79280e-01  -4.57327e-01  -1.70041e-01  -1.11085e-01  -1.18735e-01  -4.28181e-01  -3.07490e-01  -3.83930e-01
T5   -3.93216e-01   2.52855e-01   2.47613e-01   1.22152e-01   3.45706e-01   2.90805e-02   1.92394e-01   4.98369e-01   1.25267e-01   1.85297e-01   1.01036e-01   1.66819e-01   3.96472e-01   1.27286e-01   1.00058e-01   1.27871e-01   8.72613e-02   1.63477e-02  -5.54334e-02   4.65871e-02   4.93119e-02
T6   -1.15314e+00   4.55842e-01  -2.83408e-01   2.75408e-01   8.91333e-01   2.35554e-01   4.98369e-01   1.01498e+00   2.98131e-01  -3.34223e-02   2.52363e-01   4.04695e-01  -1.43112e-01   3.82913e-01   3.25726e-01   3.35033e-01   1.87141e-01   1.38629e-01   2.13199e-01   1.53636e-01   1.53859e-01
T7   -6.57396e-01   1.01348e-02   5.05282e-02  -7.50355e-02   6.82069e-02  -1.34397e-01   1.25267e-01   2.98131e-01  -1.98598e-01  -4.23265e-02   7.41576e-02   1.48754e-01   2.09024e-01  -1.36741e-02  -4.30775e-02  -5.84884e-02  -4.98399e-02  -3.74331e-02  -1.03655e-01  -5.87031e-02  -7.69659e-03
T8    5.37968e-01   9.99336e-02   2.06226e-01   8.61124e-02  -2.02817e-01  -2.43428e-01   1.85297e-01  -3.34223e-02  -4.23265e-02  -3.85852e-01   4.05848e-02   7.00441e-02   4.85013e-01  -5.59099e-02  -9.96515e-02  -1.97227e-02  -9.32114e-02  -7.54851e-02  -2.49847e-01  -2.03322e-01  -4.16627e-02
T9    3.38151e-01  -2.52091e-01   1.65540e-01   1.84862e-01   3.70103e-01  -3.48118e-01   1.01036e-01   2.52363e-01   7.41576e-02   4.05848e-02  -6.76211e-01  -4.79129e-01   1.62571e-01  -3.66103e-01  -5.02479e-01   1.15714e-01   4.46668e-02  -1.20295e-01  -2.94321e-01  -4.30954e-01  -5.78690e-01
T10   -4.63043e-01  -2.10008e-01   1.10533e-01   3.69754e-01   5.25168e-01  -3.13147e-01   1.66819e-01   4.04695e-01   1.48754e-01   7.00441e-02  -4.79129e-01  -5.05598e-01   3.16784e-01  -2.77554e-01  -4.59301e-01   1.23601e-01   1.58543e-01   4.26880e-02  -3.39858e-01  -3.41899e-01  -4.61096e-01
T11   -9.40574e-01   4.41721e-01   9.11319e-01   1.90756e-01  -1.91565e-01   1.50574e-01   3.96472e-01  -1.43112e-01   2.09024e-01   4.85013e-01   1.62571e-01   3.16784e-01   8.29675e-01   3.54060e-01   2.22210e-01   4.65925e-01   2.25563e-01   1.56105e-01   8.82876e-02  -4.55857e-02   1.07464e-01
T12    1.18638e+00  -1.12543e-01   1.63611e-01   1.83423e-01   3.71224e-01  -3.79280e-01   1.27286e-01   3.82913e-01  -1.36741e-02  -5.59099e-02  -3.66103e-01  -2.77554e-01   3.54060e-01  -6.93601e-01  -4.97988e-01   2.00377e-02   7.50893e-02   1.62318e-02  -4.21039e-01  -3.36298e-01  -3.45007e-01
T13    6.63682e-01  -2.12139e-01   2.24034e-02   1.60943e-01   4.06971e-01  -4.57327e-01   1.00058e-01   3.25726e-01  -4.30775e-02  -9.96515e-02  -5.02479e-01  -4.59301e-01   2.22210e-01  -4.97988e-01  -6.61882e-01  -9.52502e-02   4.72462e-03  -2.76539e-02  -5.21034e-01  -4.98592e-01  -4.53460e-01
T14   -2.97324e-01   6.21750e-02   1.11888e-01   6.22812e-02   2.21803e-01  -1.70041e-01   1.27871e-01   3.35033e-01  -5.84884e-02  -1.97227e-02   1.15714e-01   1.23601e-01   4.65925e-01   2.00377e-02  -9.52502e-02  -1.21035e-01   5.88432e-02   1.96771e-02  -4.16359e-01  -2.90779e-01  -6.38992e-03
T15   -5.49110e-01   1.33857e-01   1.34213e-01  -5.63292e-02   2.57719e-02  -1.11085e-01   8.72613e-02   1.87141e-01  -4.98399e-02  -9.32114e-02   4.46668e-02   1.58543e-01   2.25563e-01   7.50893e-02   4.72462e-03   5.88432e-02  -8.36665e-02  -6.93794e-02  -3.56797e-02  -1.31491e-02  -3.30060e-02
T16   -2.77848e-01   6.68272e-03   9.94313e-02  -5.05535e-02   5.04284e-02  -1.18735e-01   1.63477e-02   1.38629e-01  -3.74331e-02  -7.54851e-02  -1.20295e-01   4.26880e-02   1.56105e-01   1.62318e-02  -2.76539e-02   1.96771e-02  -6.93794e-02  -1.96267e-01   3.14531e-02  -3.93794e-02  -2.02508e-01
T17    1.59564e+00  -1.35934e-01  -2.32590e-01   9.43052e-02   2.24913e-01  -4.28181e-01  -5.54334e-02   2.13199e-01  -1.03655e-01  -2.49847e-01  -2.94321e-01  -3.39858e-01   8.82876e-02  -4.21039e-01  -5.21034e-01  -4.16359e-01  -3.56797e-02   3.14531e-02  -6.26293e-01  -3.67826e-01  -2.57682e-01
T18    7.25987e-01  -1.31347e-01  -9.58242e-02   4.03760e-02   1.51468e-01  -3.07490e-01   4.65871e-02   1.53636e-01  -5.87031e-02  -2.03322e-01  -4.30954e-01  -3.41899e-01  -4.55857e-02  -3.36298e-01  -4.98592e-01  -2.90779e-01  -1.31491e-02  -3.93794e-02  -3.67826e-01  -4.22632e-01  -3.61501e-01
T19    2.42812e-01  -3.12219e-01   7.06809e-02   1.65627e-01   2.66116e-01  -3.83930e-01   4.93119e-02   1.53859e-01  -7.69659e-03  -4.16627e-02  -5.78690e-01  -4.61096e-01   1.07464e-01  -3.45007e-01  -4.53460e-01  -6.38992e-03  -3.30060e-02  -2.02508e-01  -2.57682e-01  -3.61501e-01  -6.41229e-01
