T0   -4.09308e-01  -6.16598e-02   7.39350e-03   3.04149e-02   8.82828e-03   6.52659e-03   6.97640e-03   2.13357e-02  -1.71649e-02   1.03731e-02  -5.23421e-03  -2.15860e-02   4.60436e-02  -1.09181e-02   2.44137e-03   6.50164e-03   1.27211e-02  -1.63087e-03   8.96965e-05   1.41719e-02  -2.42634e-02
T1   -1.00262e+00   7.39350e-03   3.50076e-02   7.02487e-02  -2.79305e-02  -3.36931e-03   6.12102e-02  -2.18562e-02   1.59467e-02   3.34658e-02   1.53569e-02  -1.47218e-02   1.69709e-01  -1.08689e-02  -6.85811e-03   5.39309e-03   3.67124e-02   4.41486e-02  -2.07450e-02   8.51128e-03   2.22477e-04
T2   -6.96863e-01   3.04149e-02   7.02487e-02  -6.27961e-02   1.89302e-02   1.09218e-02   1.90465e-02   6.38487e-02  -2.87342e-03   2.76135e-02  -6.42948e-03   2.90378e-02   2.87350e-02  -3.79308e-03  -9.49089e-04   3.28180e-02  -1.08563e-02  -1.06193e-03  -3.20539e-03  -2.63637e-02   2.42038e-02
T3   -1.26493e+00   8.82828e-03  -2.79305e-02   1.89302e-02   4.43247e-02   3.33066e-02   5.06678e-02   9.70256e-02   2.88208e-03   1.78605e-03   1.25587e-02   2.34942e-02   1.35393e-05   8.08029e-03   1.49110e-02   3.00349e-02   2.87151e-02   2.00726e-02  -1.43815e-02  -7.00530e-03   1.79318e-02
T4    2.19043e+00   6.52659e-03  -3.36931e-03   1.09218e-02   3.33066e-02  -3.84022e-01  -3.86911e-03   3.54053e-02   4.93204e-04  -5.59945e-02  -2.52002e-02  -2.23057e-02   9.85337e-03  -4.70411e-02  -4.02633e-02  -6.68305e-03  -2.63904e-02  -1.20703e-03  -4.23699e-02  -1.41081e-02  -2.70336e-02
T5   -7.75882e-01   6.97640e-03   6.12102e-02   1.90465e-02   5.06678e-02  -3.86911e-03  -3.50858e-02   7.99313e-02   3.17145e-02   2.65693e-02   3.91920e-03  -1.40822e-02   9.29353e-02  -1.04158e-02  -5.20832e-03   2.22830e-02   1.55697e-02   1.84874e-02  -2.75613e-02  -5.14257e-03   1.35849e-02
T6   -1.69096e+00   2.13357e-02  -2.18562e-02   6.38487e-02   9.70256e-02   3.54053e-02   7.99313e-02   6.87822e-02   3.90563e-02   1.53275e-02  -8.69951e-03  -2.82279e-03   2.84442e-03   4.63832e-03   2.95015e-04   5.05387e-02   5.69511e-02   5.22918e-02   2.28354e-03  -1.45985e-04   9.94861e-03
T7   -6.43154e-01  -1.71649e-02   1.59467e-02  -2.87342e-03   2.88208e-03   4.93204e-04   3.17145e-02   3.90563e-02  -5.32043e-02  -7.77603e-03   9.61331e-03   2.32738e-02   5.23942e-02  -8.65683e-03   1.01372e-02  -7.85913e-03  -3.69890e-03  -7.29100e-03  -5.95798e-03   4.90319e-03  -5.70512e-03
T8    4.37719e-01   1.03731e-02   3.34658e-02   2.76135e-02   1.78605e-03  -5.59945e-02   2.65693e-02   1.53275e-02  -7.77603e-03  -1.05614e-01   4.61457e-03  -3.48244e-03   9.95168e-02  -3.12976e-02  -2.55966e-02  -2.15764e-03   6.02514e-03   1.03187e-02  -4.49889e-02  -2.28898e-02   6.34059e-03
T9    8.81718e-01  -5.23421e-03   1.53569e-02  -6.42948e-03   1.25587e-02  -2.52002e-02   3.91920e-03  -8.69951e-03   9.61331e-03   4.61457e-03  -1.01539e-01  -4.53502e-02  -3.18618e-02  -2.52690e-02  -4.67996e-02   2.60513e-02  -6.94813e-03  -1.35155e-02   1.09207e-02  -2.02263e-02  -5.02462e-02
T10    1.27685e-01  -2.15860e-02  -1.47218e-02   2.90378e-02   2.34942e-02  -2.23057e-02  -1.40822e-02  -2.82279e-03   2.32738e-02  -3.48244e-03  -4.53502e-02  -7.49986e-02   8.59281e-03  -1.26790e-02  -4.08641e-02   1.08095e-02  -1.44608e-03   2.80643e-04  -1.44554e-02  -4.79500e-03  -4.03791e-02
T11   -1.65821e+00   4.60436e-02   1.69709e-01   2.87350e-02   1.35393e-05   9.85337e-03   9.29353e-02   2.84442e-03   5.23942e-02   9.95168e-02  -3.18618e-02   8.59281e-03   2.94344e-02  -2.91847e-03  -1.02142e-02   7.02594e-02   4.83102e-02   5.13182e-02   2.84017e-02  -9.33127e-03   2.94906e-03
T12    1.79638e+00  -1.09181e-02  -1.08689e-02  -3.79308e-03   8.08029e-03  -4.70411e-02  -1.04158e-02   4.63832e-03  -8.65683e-03  -3.12976e-02  -2.52690e-02  -1.26790e-02  -2.91847e-03  -2.30662e-01  -3.13411e-02  -6.17468e-03  -1.68171e-03  -2.28088e-03  -1.52575e-02  -9.76180e-03  -1.04307e-02
T13    1.19408e+00   2.44137e-03  -6.85811e-03  -9.49089e-04   1.49110e-02  -4.02633e-02  -5.20832e-03   2.95015e-04   1.01372e-02  -2.55966e-02  -4.67996e-02  -4.08641e-02  -1.02142e-02  -3.13411e-02  -9.00963e-02  -3.70044e-04  -1.38297e-02  -1.06245e-02  -4.84815e-02  -4.94887e-02  -3.35537e-02
T14   -6.75933e-01   6.50164e-03   5.39309e-03   3.28180e-02   3.00349e-02  -6.68305e-03   2.22830e-02   5.05387e-02  -7.85913e-03  -2.15764e-03   2.60513e-02   1.08095e-02   7.02594e-02  -6.17468e-03  -3.70044e-04  -4.29789e-02   2.95189e-02   1.71380e-02  -4.18669e-02  -1.85385e-02   6.57968e-03
T15   -6.20705e-01   1.27211e-02   3.67124e-02  -1.08563e-02   2.87151e-02  -2.63904e-02   1.55697e-02   5.69511e-02  -3.69890e-03   6.02514e-03  -6.94813e-03  -1.44608e-03   4.83102e-02  -1.68171e-03  -1.38297e-02   2.95189e-02  -3.76149e-02  -9.57518e-03  -1.06066e-02  -9.55200e-03  -1.48738e-04
T16   -3.70403e-01  -1.63087e-03   4.41486e-02  -1.06193e-03   2.00726e-02  -1.20703e-03   1.84874e-02   5.22918e-02  -7.29100e-03   1.03187e-02  -1.35155e-02   2.80643e-04   5.13182e-02  -2.28088e-03  -1.06245e-02   1.71380e-02  -9.57518e-03  -4.28088e-02  -7.86996e-03  -9.31954e-03  -2.12796e-02
T17    1.94221e+00   8.96965e-05  -2.07450e-02  -3.20539e-03  -1.43815e-02  -4.23699e-02  -2.75613e-02   2.28354e-03  -5.95798e-03  -4.49889e-02   1.09207e-02  -1.44554e-02   2.84017e-02  -1.52575e-02  -4.84815e-02  -4.18669e-02  -1.06066e-02  -7.86996e-03  -1.77829e-01  -5.33797e-02   1.22682e-03
T18    7.86291e-01   1.41719e-02   8.51128e-03  -2.63637e-02  -7.00530e-03  -1.41081e-02  -5.14257e-03  -1.45985e-04   4.90319e-03  -2.28898e-02  -2.02263e-02  -4.79500e-03  -9.33127e-03  -9.76180e-03  -4.94887e-02  -1.85385e-02  -9.55200e-03  -9.31954e-03  -5.33797e-02  -6.66647e-02  -2.22678e-03
T19    4.52456e-01  -2.42634e-02   2.22477e-04   2.42038e-02   1.79318e-02  -2.70336e-02   1.35849e-02   9.94861e-03  -5.70512e-03   6.34059e-03  -5.02462e-02  -4.03791e-02   2.94906e-03  -1.04307e-02  -3.35537e-02   6.57968e-03  -1.48738e-04  -2.12796e-02   1.22682e-03  -2.22678e-03  -7.57477e-02
