T0   -4.53255e-01  -1.24776e-01   3.76951e-02   8.73266e-02   7.86221e-02  -3.71474e-02   4.57993e-02   1.03844e-01  -2.74955e-02   2.80634e-02  -6.75875e-02  -8.90960e-02   1.31015e-01  -5.74626e-02  -5.37776e-02   2.70864e-02   3.53557e-02   2.40109e-04  -4.21827e-02  -1.37623e-02  -9.41682e-02
T1   -1.02121e+00   3.76951e-02   1.49128e-01   1.19391e-01  -1.43466e-01   6.02019e-03   1.12659e-01  -1.20364e-01   1.86070e-02   7.25571e-02   9.79777e-02   5.54885e-02   3.87429e-01   4.70202e-02   5.32617e-02   2.12828e-02   5.77341e-02   7.50974e-02  -9.56273e-03   3.12231e-02   5.01770e-02
T2   -7.58198e-01   8.73266e-02   1.19391e-01  -1.12028e-01   4.16207e-02   5.55635e-03   5.41303e-02   1.41674e-01  -1.31366e-02   3.95119e-02   3.54405e-02   1.04028e-01   6.19761e-02   1.88122e-02   2.29212e-02   6.13422e-02  -1.20366e-02  -6.25534e-04   1.64386e-02  -2.24672e-02   7.31366e-02
T3   -1.33845e+00   7.86221e-02  -1.43466e-01   4.16207e-02   1.70974e-01   5.26539e-02   1.22425e-01   2.64897e-01   1.08092e-02  -5.22341e-02   9.14565e-02   1.12782e-01  -5.92329e-02   6.87143e-02   8.09126e-02   7.55880e-02   5.93938e-02   5.07241e-02   1.85452e-02   3.21931e-04   8.29074e-02
T4    2.49861e+00  -3.71474e-02   6.02019e-03   5.55635e-03   5.26539e-02  -7.56091e-01  -9.80735e-03   7.12066e-02  -4.00510e-02  -9.00717e-02  -1.10725e-01  -1.07513e-01   3.65563e-02  -1.58313e-01  -1.50267e-01  -4.98617e-02  -7.11065e-02  -3.26663e-02  -1.32767e-01  -8.32696e-02  -1.13053e-01
T5   -8.30354e-01   4.57993e-02   1.12659e-01   5.41303e-02   1.22425e-01  -9.80735e-03   1.74298e-02   1.80608e-01   5.35846e-02   6.72309e-02   4.96488e-02   3.11038e-02   1.86386e-01   4.42110e-03   3.07353e-02   5.25860e-02   3.71211e-02   2.93694e-02  -3.09580e-02   6.38541e-03   4.55359e-02
T6   -1.74027e+00   1.03844e-01  -1.20364e-01   1.41674e-01   2.64897e-01   7.12066e-02   1.80608e-01   2.27058e-01   1.06518e-01   1.06340e-02   5.70240e-02   8.10345e-02  -4.56746e-02   7.56153e-02   6.98941e-02   1.34878e-01   1.26313e-01   1.14302e-01   4.45522e-02   1.52372e-02   6.32118e-02
T7   -7.07195e-01  -2.74955e-02   1.86070e-02  -1.31366e-02   1.08092e-02  -4.00510e-02   5.35846e-02   1.06518e-01  -9.64795e-02  -2.90232e-02   3.07738e-02   5.25969e-02   9.41962e-02  -1.52306e-02   1.06381e-02  -1.01479e-02  -1.48459e-02  -1.35264e-02  -1.81689e-02  -1.96186e-03  -3.69723e-03
T8    3.34810e-01   2.80634e-02   7.25571e-02   3.95119e-02  -5.22341e-02  -9.00717e-02   6.72309e-02   1.06340e-02  -2.90232e-02  -2.19904e-01   4.61708e-02   3.75300e-02   2.10653e-01  -3.56371e-02  -1.65986e-02   1.05645e-02  -1.57885e-02   6.02829e-03  -8.81561e-02  -3.75091e-02   2.63616e-02
T9    9.22378e-01  -6.75875e-02   9.79777e-02   3.54405e-02   9.14565e-02  -1.10725e-01   4.96488e-02   5.70240e-02   3.07738e-02   4.61708e-02  -2.89949e-01  -1.97166e-01   2.31142e-02  -1.32093e-01  -1.90645e-01   6.12382e-02   9.39253e-04  -4.22043e-02  -7.36472e-02  -1.05144e-01  -1.92490e-01
T10    1.28601e-01  -8.90960e-02   5.54885e-02   1.04028e-01   1.12782e-01  -1.07513e-01   3.11038e-02   8.10345e-02   5.25969e-02   3.75300e-02  -1.97166e-01  -2.37515e-01   1.06493e-01  -1.05105e-01  -1.71753e-01   3.83186e-02   1.90637e-02  -4.82638e-04  -1.08277e-01  -6.63139e-02  -1.64925e-01
T11   -1.64217e+00   1.31015e-01   3.87429e-01   6.19761e-02  -5.92329e-02   3.65563e-02   1.86386e-01  -4.56746e-02   9.41962e-02   2.10653e-01   2.31142e-02   1.06493e-01   1.82831e-01   8.64509e-02   5.93006e-02   1.66245e-01   9.57308e-02   1.07446e-01   1.13680e-01   1.11932e-02   5.44177e-02
T12    1.73426e+00  -5.74626e-02   4.70202e-02   1.88122e-02   6.87143e-02  -1.58313e-01   4.42110e-03   7.56153e-02  -1.52306e-02  -3.56371e-02  -1.32093e-01  -1.05105e-01   8.64509e-02  -4.03059e-01  -1.65800e-01  -1.33774e-03   1.18441e-03  -1.79668e-02  -1.14007e-01  -8.11134e-02  -1.02514e-01
T13    1.21146e+00  -5.37776e-02   5.32617e-02   2.29212e-02   8.09126e-02  -1.50267e-01   3.07353e-02   6.98941e-02   1.06381e-02  -1.65986e-02  -1.90645e-01  -1.71753e-01   5.93006e-02  -1.65800e-01  -2.63134e-01   1.07480e-02  -2.56112e-02  -2.39639e-02  -1.85447e-01  -1.54383e-01  -1.43637e-01
T14   -6.59453e-01   2.70864e-02   2.12828e-02   6.13422e-02   7.55880e-02  -4.98617e-02   5.25860e-02   1.34878e-01  -1.01479e-02   1.05645e-02   6.12382e-02   3.83186e-02   1.66245e-01  -1.33774e-03   1.07480e-02  -6.88341e-02   5.18944e-02   4.51675e-02  -1.00551e-01  -6.87639e-02   2.06832e-02
T15   -6.85927e-01   3.53557e-02   5.77341e-02  -1.20366e-02   5.93938e-02  -7.11065e-02   3.71211e-02   1.26313e-01  -1.48459e-02  -1.57885e-02   9.39253e-04   1.90637e-02   9.57308e-02   1.18441e-03  -2.56112e-02   5.18944e-02  -4.99597e-02  -1.25859e-02  -2.39276e-02  -1.95512e-02   5.75104e-03
T16   -3.97678e-01   2.40109e-04   7.50974e-02  -6.25534e-04   5.07241e-02  -3.26663e-02   2.93694e-02   1.14302e-01  -1.35264e-02   6.02829e-03  -4.22043e-02  -4.82638e-04   1.07446e-01  -1.79668e-02  -2.39639e-02   4.51675e-02  -1.25859e-02  -6.52904e-02  -1.58543e-02  -2.63056e-02  -5.50140e-02
T17    1.98399e+00  -4.21827e-02  -9.56273e-03   1.64386e-02   1.85452e-02  -1.32767e-01  -3.09580e-02   4.45522e-02  -1.81689e-02  -8.81561e-02  -7.36472e-02  -1.08277e-01   1.13680e-01  -1.14007e-01  -1.85447e-01  -1.00551e-01  -2.39276e-02  -1.58543e-02  -3.51425e-01  -1.44857e-01  -6.99124e-02
T18    8.52788e-01  -1.37623e-02   3.12231e-02  -2.24672e-02   3.21931e-04  -8.32696e-02   6.38541e-03   1.52372e-02  -1.96186e-03  -3.75091e-02  -1.05144e-01  -6.63139e-02   1.11932e-02  -8.11134e-02  -1.54383e-01  -6.87639e-02  -1.95512e-02  -2.63056e-02  -1.44857e-01  -1.31927e-01  -6.64746e-02
T19    5.67258e-01  -9.41682e-02   5.01770e-02   7.31366e-02   8.29074e-02  -1.13053e-01   4.55359e-02   6.32118e-02  -3.69723e-03   2.63616e-02  -1.92490e-01  -1.64925e-01   5.44177e-02  -1.02514e-01  -1.43637e-01   2.06832e-02   5.75104e-03  -5.50140e-02  -6.99124e-02  -6.64746e-02  -2.24918e-01
