T0   -4.33744e-01  -1.53717e-01   5.58320e-02   9.34597e-02   1.00637e-01  -7.23380e-02   5.60187e-02   1.36875e-01  -4.46280e-02   4.14423e-02  -9.80545e-02  -1.18915e-01   1.68904e-01  -8.58511e-02  -7.13986e-02   2.97443e-02   3.20214e-02  -4.94110e-03  -5.70814e-02  -2.08045e-02  -1.28841e-01
T1   -8.73059e-01   5.58320e-02   2.13889e-01   1.18435e-01  -2.16787e-01   8.88270e-03   1.38528e-01  -1.74670e-01   9.49636e-03   9.66929e-02   1.36485e-01   8.93356e-02   4.86128e-01   8.64531e-02   7.01404e-02   1.24306e-02   5.65715e-02   7.21155e-02  -2.71064e-02   3.13317e-02   6.71489e-02
T2   -6.81357e-01   9.34597e-02   1.18435e-01  -1.38804e-01   3.36840e-02  -4.82009e-03   5.20455e-02   1.62254e-01  -3.74186e-02   4.10632e-02   9.12651e-02   1.72680e-01   6.23651e-02   5.13768e-02   6.94173e-02   5.52870e-02  -3.08446e-02  -1.12512e-02   3.01578e-02  -1.28737e-02   1.14951e-01
T3   -1.24508e+00   1.00637e-01  -2.16787e-01   3.36840e-02   2.14205e-01   5.82963e-02   1.38907e-01   3.37550e-01   2.76223e-03  -9.08809e-02   1.71265e-01   2.07897e-01  -1.16162e-01   1.19589e-01   1.53787e-01   7.80976e-02   4.74691e-02   5.37725e-02   5.28695e-02   5.31876e-03   1.33802e-01
T4    2.46180e+00  -7.23380e-02   8.88270e-03  -4.82009e-03   5.82963e-02  -9.34968e-01  -1.33374e-02   9.65007e-02  -7.44300e-02  -1.10423e-01  -1.43471e-01  -1.41958e-01   6.07342e-02  -1.93278e-01  -2.03491e-01  -7.50154e-02  -9.38013e-02  -4.82676e-02  -1.86452e-01  -1.11299e-01  -1.56227e-01
T5   -7.75270e-01   5.60187e-02   1.38528e-01   5.20455e-02   1.38907e-01  -1.33374e-02   3.88530e-02   2.34092e-01   3.89291e-02   8.32650e-02   1.01405e-01   9.40046e-02   2.37625e-01   4.63559e-02   7.13116e-02   4.87752e-02   2.51517e-02   2.31730e-02  -2.77817e-02   1.50385e-02   7.58560e-02
T6   -1.65371e+00   1.36875e-01  -1.74670e-01   1.62254e-01   3.37550e-01   9.65007e-02   2.34092e-01   3.32775e-01   1.14444e-01  -7.93282e-03   1.32403e-01   1.79278e-01  -8.02123e-02   1.43354e-01   1.42092e-01   1.49970e-01   1.22413e-01   1.16091e-01   7.17086e-02   2.00300e-02   1.11090e-01
T7   -5.45591e-01  -4.46280e-02   9.49636e-03  -3.74186e-02   2.76223e-03  -7.44300e-02   3.89291e-02   1.14444e-01  -1.21194e-01  -4.72537e-02   2.63739e-02   5.33757e-02   8.35388e-02  -3.04981e-02   3.07029e-03  -2.20531e-02  -3.27439e-02  -3.16091e-02  -1.72569e-02  -9.81836e-03  -1.75431e-02
T8    3.40742e-01   4.14423e-02   9.66929e-02   4.10632e-02  -9.08809e-02  -1.10423e-01   8.32650e-02  -7.93282e-03  -4.72537e-02  -2.65096e-01   7.91116e-02   8.30164e-02   2.68488e-01  -2.29930e-02  -1.42886e-02   4.42655e-03  -3.17617e-02   3.38740e-03  -1.14812e-01  -6.05811e-02   4.59317e-02
T9    6.69050e-01  -9.80545e-02   1.36485e-01   9.12651e-02   1.71265e-01  -1.43471e-01   1.01405e-01   1.32403e-01   2.63739e-02   7.91116e-02  -3.66673e-01  -2.57654e-01   9.60366e-02  -1.73012e-01  -2.62617e-01   9.14649e-02   1.90848e-02  -3.27640e-02  -1.37708e-01  -1.54180e-01  -2.48244e-01
T10   -1.30977e-01  -1.18915e-01   8.93356e-02   1.72680e-01   2.07897e-01  -1.41958e-01   9.40046e-02   1.79278e-01   5.33757e-02   8.30164e-02  -2.57654e-01  -2.93392e-01   1.93274e-01  -1.42139e-01  -2.41980e-01   6.57428e-02   4.56298e-02   2.68322e-02  -1.72244e-01  -1.06814e-01  -2.12540e-01
T11   -1.52687e+00   1.68904e-01   4.86128e-01   6.23651e-02  -1.16162e-01   6.07342e-02   2.37625e-01  -8.02123e-02   8.35388e-02   2.68488e-01   9.60366e-02   1.93274e-01   2.86854e-01   1.59875e-01   1.13751e-01   1.94119e-01   8.86492e-02   1.10428e-01   1.29418e-01   1.84748e-02   1.00044e-01
T12    1.57342e+00  -8.58511e-02   8.64531e-02   5.13768e-02   1.19589e-01  -1.93278e-01   4.63559e-02   1.43354e-01  -3.04981e-02  -2.29930e-02  -1.73012e-01  -1.42139e-01   1.59875e-01  -4.70279e-01  -2.39104e-01   2.58524e-03   1.26661e-02  -1.88257e-02  -1.82819e-01  -1.29653e-01  -1.36803e-01
T13    1.07489e+00  -7.13986e-02   7.01404e-02   6.94173e-02   1.53787e-01  -2.03491e-01   7.13116e-02   1.42092e-01   3.07029e-03  -1.42886e-02  -2.62617e-01  -2.41980e-01   1.13751e-01  -2.39104e-01  -3.57013e-01   1.48707e-02  -1.37077e-02  -1.48325e-02  -2.71544e-01  -2.23545e-01  -1.97097e-01
T14   -5.44788e-01   2.97443e-02   1.24306e-02   5.52870e-02   7.80976e-02  -7.50154e-02   4.87752e-02   1.49970e-01  -2.20531e-02   4.42655e-03   9.14649e-02   6.57428e-02   1.94119e-01   2.58524e-03   1.48707e-02  -8.28265e-02   5.06760e-02   4.15954e-02  -1.44029e-01  -9.58071e-02   3.96037e-02
T15   -6.01876e-01   3.20214e-02   5.65715e-02  -3.08446e-02   4.74691e-02  -9.38013e-02   2.51517e-02   1.22413e-01  -3.27439e-02  -3.17617e-02   1.90848e-02   4.56298e-02   8.86492e-02   1.26661e-02  -1.37077e-02   5.06760e-02  -6.70853e-02  -2.79532e-02  -1.82471e-02  -1.29811e-02   1.40193e-02
T16   -3.79199e-01  -4.94110e-03   7.21155e-02  -1.12512e-02   5.37725e-02  -4.82676e-02   2.31730e-02   1.16091e-01  -3.16091e-02   3.38740e-03  -3.27640e-02   2.68322e-02   1.10428e-01  -1.88257e-02  -1.48325e-02   4.15954e-02  -2.79532e-02  -8.20510e-02  -2.11030e-02  -2.61025e-02  -5.76635e-02
T17    2.03016e+00  -5.70814e-02  -2.71064e-02   3.01578e-02   5.28695e-02  -1.86452e-01  -2.77817e-02   7.17086e-02  -1.72569e-02  -1.14812e-01  -1.37708e-01  -1.72244e-01   1.29418e-01  -1.82819e-01  -2.71544e-01  -1.44029e-01  -1.82471e-02  -2.11030e-02  -4.41912e-01  -2.16117e-01  -1.18764e-01
T18    8.53192e-01  -2.08045e-02   3.13317e-02  -1.28737e-02   5.31876e-03  -1.11299e-01   1.50385e-02   2.00300e-02  -9.81836e-03  -6.05811e-02  -1.54180e-01  -1.06814e-01   1.84748e-02  -1.29653e-01  -2.23545e-01  -9.58071e-02  -1.29811e-02  -2.61025e-02  -2.16117e-01  -1.76244e-01  -1.00828e-01
T19    3.88276e-01  -1.28841e-01   6.71489e-02   1.14951e-01   1.33802e-01  -1.56227e-01   7.58560e-02   1.11090e-01  -1.75431e-02   4.59317e-02  -2.48244e-01  -2.12540e-01   1.00044e-01  -1.36803e-01  -1.97097e-01   3.96037e-02   1.40193e-02  -5.76635e-02  -1.18764e-01  -1.00828e-01  -2.79353e-01
