T0   -4.64626e-01  -4.50628e-02   3.59061e-03   1.87024e-02   3.70073e-03   1.22737e-02   3.09888e-03   1.24440e-02  -1.24875e-02   5.90309e-03   3.93446e-03  -9.35861e-03   2.95719e-02  -1.09798e-03   7.66065e-03   3.58612e-03   9.06415e-03  -6.42488e-04   3.77306e-03   1.32137e-02  -1.11966e-02
T1   -8.44738e-01   3.59061e-03   1.39904e-02   4.81025e-02  -1.72117e-02  -1.02837e-02   3.69267e-02  -1.64573e-02   1.22014e-02   2.00203e-02   7.68378e-03  -1.45143e-02   1.14838e-01  -1.36702e-02  -7.55566e-03   7.75894e-03   2.41238e-02   2.64142e-02  -1.56076e-02   4.33156e-03  -5.05467e-03
T2   -5.62476e-01   1.87024e-02   4.81025e-02  -5.03218e-02   1.36470e-02   9.42165e-03   9.09646e-03   4.24627e-02   4.01794e-04   2.21340e-02  -1.02372e-02   1.88786e-02   1.66803e-02  -6.59413e-03  -3.89260e-03   2.67364e-02  -6.60165e-03  -2.74079e-03  -7.13558e-03  -2.30881e-02   1.33902e-02
T3   -1.12233e+00   3.70073e-03  -1.72117e-02   1.36470e-02   2.45940e-02   2.16566e-02   3.34018e-02   6.46924e-02   4.01837e-03   3.04534e-03   2.08766e-03   1.26284e-02   1.33247e-03   2.27266e-03   3.87191e-03   2.24191e-02   2.28722e-02   1.28023e-02  -1.61907e-02  -1.25795e-02   5.98884e-03
T4    2.01383e+00   1.22737e-02  -1.02837e-02   9.42165e-03   2.16566e-02  -2.92055e-01  -3.84711e-03   2.33513e-02   1.33981e-03  -4.35955e-02  -7.85022e-03  -7.64242e-03   3.37793e-03  -2.61168e-02  -1.80590e-02  -6.68669e-03  -2.05106e-02   2.87553e-03  -1.95530e-02  -3.31045e-03  -8.64577e-03
T5   -6.52651e-01   3.09888e-03   3.69267e-02   9.09646e-03   3.34018e-02  -3.84711e-03  -4.05657e-02   5.42791e-02   2.32252e-02   1.65773e-02   7.18383e-04  -1.24170e-02   6.17645e-02  -6.51176e-03  -4.57189e-03   1.94448e-02   1.03063e-02   1.08747e-02  -2.40775e-02  -6.22487e-03   7.70845e-03
T6   -1.54417e+00   1.24440e-02  -1.64573e-02   4.24627e-02   6.46924e-02   2.33513e-02   5.42791e-02   4.02970e-02   2.48249e-02   1.07871e-02  -1.15814e-02  -4.33281e-03  -6.45513e-04  -1.37935e-03  -6.32426e-03   3.61744e-02   4.11748e-02   3.37164e-02  -4.17385e-03  -7.37809e-03   1.55754e-03
T7   -5.65141e-01  -1.24875e-02   1.22014e-02   4.01794e-04   4.01837e-03   1.33981e-03   2.32252e-02   2.48249e-02  -3.72369e-02   3.46722e-04   2.80067e-03   1.49204e-02   3.73347e-02  -6.55844e-03   4.80576e-03  -4.85652e-03   1.58129e-03  -4.77149e-03  -7.69581e-03   1.49825e-03  -8.59120e-03
T8    5.59379e-01   5.90309e-03   2.00203e-02   2.21340e-02   3.04534e-03  -4.35955e-02   1.65773e-02   1.07871e-02   3.46722e-04  -7.42997e-02  -3.11881e-03  -7.81082e-03   6.44530e-02  -2.36741e-02  -2.07451e-02  -2.67615e-03   1.08394e-02   7.79371e-03  -3.33888e-02  -1.66778e-02   4.10448e-05
T9    6.55469e-01   3.93446e-03   7.68378e-03  -1.02372e-02   2.08766e-03  -7.85022e-03   7.18383e-04  -1.15814e-02   2.80067e-03  -3.11881e-03  -6.15376e-02  -1.84099e-02  -2.72761e-02  -7.51155e-03  -1.78606e-02   1.26753e-02  -7.13363e-03  -6.07706e-03   2.24566e-02  -3.47783e-03  -1.99108e-02
T10   -7.57212e-02  -9.35861e-03  -1.45143e-02   1.88786e-02   1.26284e-02  -7.64242e-03  -1.24170e-02  -4.33281e-03   1.49204e-02  -7.81082e-03  -1.84099e-02  -4.53619e-02   3.16672e-03   4.54760e-04  -1.77482e-02   3.44606e-03  -3.69904e-03   3.97462e-03   1.32549e-03   5.16223e-03  -1.60365e-02
T11   -1.49798e+00   2.95719e-02   1.14838e-01   1.66803e-02   1.33247e-03   3.37793e-03   6.17645e-02  -6.45513e-04   3.73347e-02   6.44530e-02  -2.72761e-02   3.16672e-03   5.09467e-03  -1.35531e-02  -1.25255e-02   5.13344e-02   3.27140e-02   3.20128e-02   1.46051e-02  -1.17903e-02  -3.63414e-03
T12    1.69536e+00  -1.09798e-03  -1.36702e-02  -6.59413e-03   2.27266e-03  -2.61168e-02  -6.51176e-03  -1.37935e-03  -6.55844e-03  -2.36741e-02  -7.51155e-03   4.54760e-04  -1.35531e-02  -1.85969e-01  -7.83196e-03  -8.00432e-03  -3.52501e-04   7.54671e-04   2.09102e-03   5.07704e-03   3.19969e-03
T13    1.02884e+00   7.66065e-03  -7.55566e-03  -3.89260e-03   3.87191e-03  -1.80590e-02  -4.57189e-03  -6.32426e-03   4.80576e-03  -2.07451e-02  -1.78606e-02  -1.77482e-02  -1.25255e-02  -7.83196e-03  -5.38573e-02  -6.29535e-03  -1.54895e-02  -4.72219e-03  -2.18738e-02  -2.45564e-02  -1.11067e-02
T14   -5.95016e-01   3.58612e-03   7.75894e-03   2.67364e-02   2.24191e-02  -6.68669e-03   1.94448e-02   3.61744e-02  -4.85652e-03  -2.67615e-03   1.26753e-02   3.44606e-03   5.13344e-02  -8.00432e-03  -6.29535e-03  -3.21453e-02   2.35252e-02   9.01053e-03  -3.52815e-02  -1.39316e-02   4.51858e-04
T15   -5.43659e-01   9.06415e-03   2.41238e-02  -6.60165e-03   2.28722e-02  -2.05106e-02   1.03063e-02   4.11748e-02   1.58129e-03   1.08394e-02  -7.13363e-03  -3.69904e-03   3.27140e-02  -3.52501e-04  -1.54895e-02   2.35252e-02  -3.05505e-02  -6.95991e-03  -1.07846e-02  -9.64376e-03  -3.50472e-03
T16   -3.27737e-01  -6.42488e-04   2.64142e-02  -2.74079e-03   1.28023e-02   2.87553e-03   1.08747e-02   3.37164e-02  -4.77149e-03   7.79371e-03  -6.07706e-03   3.97462e-03   3.20128e-02   7.54671e-04  -4.72219e-03   9.01053e-03  -6.95991e-03  -3.54678e-02  -4.74962e-03  -7.24771e-03  -1.26299e-02
T17    1.83550e+00   3.77306e-03  -1.56076e-02  -7.13558e-03  -1.61907e-02  -1.95530e-02  -2.40775e-02  -4.17385e-03  -7.69581e-03  -3.33888e-02   2.24566e-02   1.32549e-03   1.46051e-02   2.09102e-03  -2.18738e-02  -3.52815e-02  -1.07846e-02  -4.74962e-03  -1.27378e-01  -2.90663e-02   1.38490e-02
T18    7.39739e-01   1.32137e-02   4.33156e-03  -2.30881e-02  -1.25795e-02  -3.31045e-03  -6.22487e-03  -7.37809e-03   1.49825e-03  -1.66778e-02  -3.47783e-03   5.16223e-03  -1.17903e-02   5.07704e-03  -2.45564e-02  -1.39316e-02  -9.64376e-03  -7.24771e-03  -2.90663e-02  -4.63348e-02   9.01710e-03
T19    2.68134e-01  -1.11966e-02  -5.05467e-03   1.33902e-02   5.98884e-03  -8.64577e-03   7.70845e-03   1.55754e-03  -8.59120e-03   4.10448e-05  -1.99108e-02  -1.60365e-02  -3.63414e-03   3.19969e-03  -1.11067e-02   4.51858e-04  -3.50472e-03  -1.26299e-02   1.38490e-02   9.01710e-03  -4.33910e-02
