T0   -3.88558e-01  -7.34766e-02   1.14159e-02   3.99925e-02   1.42896e-02  -2.19364e-04   1.15027e-02   3.03637e-02  -2.00334e-02   1.43529e-02  -1.42574e-02  -3.25953e-02   6.08096e-02  -1.90329e-02  -4.20751e-03   8.85370e-03   1.52695e-02  -2.70660e-03  -3.85680e-03   1.42687e-02  -3.62753e-02
T1   -1.03619e+00   1.14159e-02   4.68907e-02   8.26060e-02  -3.87946e-02  -2.17472e-03   7.26900e-02  -3.09113e-02   1.82697e-02   3.89685e-02   2.70911e-02  -9.47371e-03   2.05230e-01  -5.35582e-03  -6.32825e-03   6.88936e-03   4.66564e-02   5.56049e-02  -2.38362e-02   5.50112e-03   8.90356e-03
T2   -7.47044e-01   3.99925e-02   8.26060e-02  -7.30678e-02   2.00621e-02   1.05399e-02   2.79009e-02   7.93520e-02  -4.74547e-03   3.55183e-02  -2.11466e-03   4.09158e-02   3.93700e-02  -2.47016e-03   5.65111e-04   3.43233e-02  -1.25597e-02  -1.18503e-03   1.34152e-04  -2.70267e-02   3.41500e-02
T3   -1.31091e+00   1.42896e-02  -3.87946e-02   2.00621e-02   5.92235e-02   4.07827e-02   6.51305e-02   1.25182e-01   3.08775e-03  -4.45860e-03   2.26999e-02   3.49842e-02  -1.88869e-03   1.45351e-02   2.43297e-02   3.35224e-02   3.08952e-02   2.32818e-02  -8.32344e-03  -4.46692e-04   2.83668e-02
T4    2.27118e+00  -2.19364e-04  -2.17472e-03   1.05399e-02   4.07827e-02  -4.49320e-01  -4.92907e-03   4.34998e-02  -5.67302e-03  -5.82893e-02  -3.66178e-02  -3.37122e-02   1.56637e-02  -6.49386e-02  -5.48199e-02  -1.18392e-02  -3.34745e-02  -3.85900e-03  -5.67131e-02  -2.39248e-02  -3.89466e-02
T5   -8.31393e-01   1.15027e-02   7.26900e-02   2.79009e-02   6.51305e-02  -4.92907e-03  -2.60838e-02   1.01572e-01   3.49002e-02   3.76193e-02   9.30284e-03  -1.08120e-02   1.16727e-01  -8.24452e-03  -4.72543e-03   2.25888e-02   1.94364e-02   2.32047e-02  -3.33618e-02  -6.13102e-03   2.15646e-02
T6   -1.75380e+00   3.03637e-02  -3.09113e-02   7.93520e-02   1.25182e-01   4.34998e-02   1.01572e-01   9.84657e-02   4.62497e-02   1.74412e-02  -7.00473e-04   5.58135e-03   2.50083e-03   1.36953e-02   7.18572e-03   6.03832e-02   6.82644e-02   6.42887e-02   4.41507e-03   2.02006e-03   1.83201e-02
T7   -6.48294e-01  -2.00334e-02   1.82697e-02  -4.74547e-03   3.08775e-03  -5.67302e-03   3.49002e-02   4.62497e-02  -6.20378e-02  -1.66001e-02   1.39714e-02   2.70152e-02   6.16811e-02  -1.10973e-02   1.28334e-02  -1.05566e-02  -6.99589e-03  -9.62765e-03  -2.65539e-03   7.50654e-03  -5.21170e-03
T8    3.78468e-01   1.43529e-02   3.89685e-02   3.55183e-02  -4.45860e-03  -5.82893e-02   3.76193e-02   1.74412e-02  -1.66001e-02  -1.22392e-01   1.11104e-02   3.73754e-03   1.21866e-01  -3.16686e-02  -3.05182e-02   3.96055e-04   5.35885e-03   1.53493e-02  -5.80829e-02  -3.07547e-02   1.00385e-02
T9    9.36928e-01  -1.42574e-02   2.70911e-02  -2.11466e-03   2.26999e-02  -3.66178e-02   9.30284e-03  -7.00473e-04   1.39714e-02   1.11104e-02  -1.34661e-01  -6.90853e-02  -2.77765e-02  -4.21050e-02  -7.01074e-02   3.57540e-02  -6.68209e-03  -1.74441e-02   9.10274e-05  -3.38326e-02  -7.35245e-02
T10    1.78887e-01  -3.25953e-02  -9.47371e-03   4.09158e-02   3.49842e-02  -3.37122e-02  -1.08120e-02   5.58135e-03   2.70152e-02   3.73754e-03  -6.90853e-02  -1.00888e-01   1.77781e-02  -2.48529e-02  -6.12542e-02   1.79447e-02   2.89055e-04  -1.69334e-03  -2.88140e-02  -1.16130e-02  -6.05352e-02
T11   -1.71295e+00   6.08096e-02   2.05230e-01   3.93700e-02  -1.88869e-03   1.56637e-02   1.16727e-01   2.50083e-03   6.16811e-02   1.21866e-01  -2.77765e-02   1.77781e-02   5.30566e-02   1.09821e-02  -7.64694e-03   8.39165e-02   5.85340e-02   6.70450e-02   3.49737e-02  -1.27099e-02   1.15832e-02
T12    1.81008e+00  -1.90329e-02  -5.35582e-03  -2.47016e-03   1.45351e-02  -6.49386e-02  -8.24452e-03   1.36953e-02  -1.10973e-02  -3.16686e-02  -4.21050e-02  -2.48529e-02   1.09821e-02  -2.64126e-01  -5.15023e-02  -2.83191e-03  -1.66379e-03  -5.47365e-03  -2.71244e-02  -2.39319e-02  -2.34610e-02
T13    1.25337e+00  -4.20751e-03  -6.32825e-03   5.65111e-04   2.43297e-02  -5.48199e-02  -4.72543e-03   7.18572e-03   1.28334e-02  -3.05182e-02  -7.01074e-02  -6.12542e-02  -7.64694e-03  -5.15023e-02  -1.14967e-01   7.16087e-03  -1.43034e-02  -1.27718e-02  -7.41220e-02  -6.90760e-02  -5.09581e-02
T14   -6.82944e-01   8.85370e-03   6.88936e-03   3.43233e-02   3.35224e-02  -1.18392e-02   2.25888e-02   6.03832e-02  -1.05566e-02   3.96055e-04   3.57540e-02   1.79447e-02   8.39165e-02  -2.83191e-03   7.16087e-03  -5.25670e-02   3.14212e-02   1.98619e-02  -5.07350e-02  -2.29977e-02   1.34015e-02
T15   -6.44705e-01   1.52695e-02   4.66564e-02  -1.25597e-02   3.08952e-02  -3.34745e-02   1.94364e-02   6.82644e-02  -6.99589e-03   5.35885e-03  -6.68209e-03   2.89055e-04   5.85340e-02  -1.66379e-03  -1.43034e-02   3.14212e-02  -4.03308e-02  -1.12224e-02  -1.26307e-02  -8.48965e-03   2.07286e-03
T16   -3.93411e-01  -2.70660e-03   5.56049e-02  -1.18503e-03   2.32818e-02  -3.85900e-03   2.32047e-02   6.42887e-02  -9.62765e-03   1.53493e-02  -1.74441e-02  -1.69334e-03   6.70450e-02  -5.47365e-03  -1.27718e-02   1.98619e-02  -1.12224e-02  -4.60699e-02  -8.17779e-03  -1.01733e-02  -2.62212e-02
T17    2.01090e+00  -3.85680e-03  -2.38362e-02   1.34152e-04  -8.32344e-03  -5.67131e-02  -3.33618e-02   4.41507e-03  -2.65539e-03  -5.80829e-02   9.10274e-05  -2.88140e-02   3.49737e-02  -2.71244e-02  -7.41220e-02  -5.07350e-02  -1.26307e-02  -8.17779e-03  -2.12521e-01  -7.00370e-02  -1.17489e-02
T18    8.16293e-01   1.42687e-02   5.50112e-03  -2.70267e-02  -4.46692e-04  -2.39248e-02  -6.13102e-03   2.02006e-03   7.50654e-03  -3.07547e-02  -3.38326e-02  -1.16130e-02  -1.27099e-02  -2.39319e-02  -6.90760e-02  -2.29977e-02  -8.48965e-03  -1.01733e-02  -7.00370e-02  -8.21783e-02  -1.07483e-02
T19    4.94097e-01  -3.62753e-02   8.90356e-03   3.41500e-02   2.83668e-02  -3.89466e-02   2.15646e-02   1.83201e-02  -5.21170e-03   1.00385e-02  -7.35245e-02  -6.05352e-02   1.15832e-02  -2.34610e-02  -5.09581e-02   1.34015e-02   2.07286e-03  -2.62212e-02  -1.17489e-02  -1.07483e-02  -9.97886e-02
