T0   -6.40663e-01  -2.04415e-01   2.07192e-01   2.38324e-01   3.95693e-01  -1.90905e-01   2.48898e-01   4.64837e-01  -8.56839e-03   9.13276e-02  -2.86558e-01  -2.26403e-01   4.49258e-01  -1.36551e-01  -2.37882e-01   2.43635e-02   1.18474e-01  -4.97741e-03  -1.37851e-01  -1.75215e-01  -3.58239e-01
T1   -4.46497e-01   2.07192e-01   5.21703e-01   2.42847e-01  -3.37780e-01   2.62200e-02   2.55567e-01  -2.56591e-01   4.91330e-02   1.78029e-01   1.75303e-01   1.21019e-01   9.66006e-01   1.73514e-01  -8.91430e-03   1.20571e-01   1.31284e-01   9.43146e-02  -3.11658e-01  -1.57049e-01   8.04879e-02
T2   -3.21363e-01   2.38324e-01   2.42847e-01  -2.76353e-01   1.95285e-02  -1.74898e-02   1.43658e-01   3.01295e-01  -9.42217e-02   1.07425e-01   1.93224e-01   3.96506e-01   2.15802e-01   2.17587e-01   1.72116e-01   6.27144e-02  -8.17723e-02  -8.00755e-02   1.22453e-01   5.39659e-02   1.59111e-01
T3   -8.52500e-01   3.95693e-01  -3.37780e-01   1.95285e-02   5.78907e-01   2.31644e-01   3.97990e-01   9.58326e-01   6.32018e-02  -1.78365e-01   4.15211e-01   5.74690e-01  -1.56019e-01   4.04202e-01   4.86904e-01   2.57631e-01  -7.08968e-03   2.02935e-02   3.32662e-01   2.63721e-01   2.90653e-01
T4    1.97512e+00  -1.90905e-01   2.62200e-02  -1.74898e-02   2.31644e-01  -2.03621e+00   2.89418e-02   2.62543e-01  -1.76250e-01  -2.47904e-01  -4.04113e-01  -3.45260e-01   1.73245e-01  -4.35623e-01  -5.04444e-01  -1.97206e-01  -1.53742e-01  -1.60709e-01  -4.64692e-01  -3.41306e-01  -4.27401e-01
T5   -3.16549e-01   2.48898e-01   2.55567e-01   1.43658e-01   3.97990e-01   2.89418e-02   2.61623e-01   5.71976e-01   1.28161e-01   1.87003e-01   1.24170e-01   1.93710e-01   4.21693e-01   1.57595e-01   1.09007e-01   1.38498e-01   8.23589e-02  -4.01895e-03  -3.61810e-02   5.87808e-02   4.76146e-02
T6   -1.06481e+00   4.64837e-01  -2.56591e-01   3.01295e-01   9.58326e-01   2.62543e-01   5.71976e-01   1.11493e+00   3.26279e-01   4.94647e-03   2.91646e-01   4.76894e-01  -1.24204e-01   4.29266e-01   4.03755e-01   3.59427e-01   1.89617e-01   1.25636e-01   3.14518e-01   2.18934e-01   1.61345e-01
T7   -5.61397e-01  -8.56839e-03   4.91330e-02  -9.42217e-02   6.32018e-02  -1.76250e-01   1.28161e-01   3.26279e-01  -2.13307e-01  -7.91486e-02   1.79967e-02   1.11512e-01   2.35676e-01  -4.20815e-02  -9.89392e-02  -1.14239e-01  -6.28770e-02  -6.06898e-02  -1.64335e-01  -1.15720e-01  -7.06511e-02
T8    5.54173e-01   9.13276e-02   1.78029e-01   1.07425e-01  -1.78365e-01  -2.47904e-01   1.87003e-01   4.94647e-03  -7.91486e-02  -3.81162e-01   5.12307e-02   1.04484e-01   4.81394e-01  -5.04183e-02  -1.12476e-01  -2.06985e-02  -1.12940e-01  -8.88177e-02  -2.87932e-01  -2.20173e-01  -3.69024e-02
T9    1.84264e-01  -2.86558e-01   1.75303e-01   1.93224e-01   4.15211e-01  -4.04113e-01   1.24170e-01   2.91646e-01   1.79967e-02   5.12307e-02  -6.74561e-01  -4.70266e-01   2.05362e-01  -3.89839e-01  -5.14378e-01   1.68358e-01   2.34413e-02  -1.09863e-01  -2.85304e-01  -4.59052e-01  -5.90223e-01
T10   -5.81340e-01  -2.26403e-01   1.21019e-01   3.96506e-01   5.74690e-01  -3.45260e-01   1.93710e-01   4.76894e-01   1.11512e-01   1.04484e-01  -4.70266e-01  -4.67572e-01   3.69261e-01  -2.74525e-01  -4.30577e-01   1.73842e-01   1.54276e-01   5.01980e-02  -3.50293e-01  -3.44061e-01  -4.84806e-01
T11   -8.44922e-01   4.49258e-01   9.66006e-01   2.15802e-01  -1.56019e-01   1.73245e-01   4.21693e-01  -1.24204e-01   2.35676e-01   4.81394e-01   2.05362e-01   3.69261e-01   9.36474e-01   3.98969e-01   2.47425e-01   5.08728e-01   2.40032e-01   1.59193e-01   6.48023e-02  -8.19201e-02   1.18136e-01
T12    1.14729e+00  -1.36551e-01   1.73514e-01   2.17587e-01   4.04202e-01  -4.35623e-01   1.57595e-01   4.29266e-01  -4.20815e-02  -5.04183e-02  -3.89839e-01  -2.74525e-01   3.98969e-01  -7.41743e-01  -5.12311e-01   3.20686e-02   7.00715e-02  -2.15209e-03  -4.65667e-01  -3.71433e-01  -3.94752e-01
T13    5.12878e-01  -2.37882e-01  -8.91430e-03   1.72116e-01   4.86904e-01  -5.04444e-01   1.09007e-01   4.03755e-01  -9.89392e-02  -1.12476e-01  -5.14378e-01  -4.30577e-01   2.47425e-01  -5.12311e-01  -6.73106e-01  -1.16234e-01   5.53146e-03   5.28888e-03  -5.27690e-01  -5.29697e-01  -4.66576e-01
T14   -2.55329e-01   2.43635e-02   1.20571e-01   6.27144e-02   2.57631e-01  -1.97206e-01   1.38498e-01   3.59427e-01  -1.14239e-01  -2.06985e-02   1.68358e-01   1.73842e-01   5.08728e-01   3.20686e-02  -1.16234e-01  -1.12062e-01   3.16113e-02   2.69372e-02  -4.61377e-01  -3.20538e-01   2.03698e-02
T15   -4.69505e-01   1.18474e-01   1.31284e-01  -8.17723e-02  -7.08968e-03  -1.53742e-01   8.23589e-02   1.89617e-01  -6.28770e-02  -1.12940e-01   2.34413e-02   1.54276e-01   2.40032e-01   7.00715e-02   5.53146e-03   3.16113e-02  -1.20641e-01  -9.99621e-02  -3.08693e-02  -1.28472e-02  -4.96892e-02
T16   -2.54987e-01  -4.97741e-03   9.43146e-02  -8.00755e-02   2.02935e-02  -1.60709e-01  -4.01895e-03   1.25636e-01  -6.06898e-02  -8.88177e-02  -1.09863e-01   5.01980e-02   1.59193e-01  -2.15209e-03   5.28888e-03   2.69372e-02  -9.99621e-02  -2.29267e-01   8.60067e-02  -3.34691e-03  -2.04054e-01
T17    1.48630e+00  -1.37851e-01  -3.11658e-01   1.22453e-01   3.32662e-01  -4.64692e-01  -3.61810e-02   3.14518e-01  -1.64335e-01  -2.87932e-01  -2.85304e-01  -3.50293e-01   6.48023e-02  -4.65667e-01  -5.27690e-01  -4.61377e-01  -3.08693e-02   8.60067e-02  -6.48486e-01  -3.92624e-01  -2.63781e-01
T18    6.39480e-01  -1.75215e-01  -1.57049e-01   5.39659e-02   2.63721e-01  -3.41306e-01   5.87808e-02   2.18934e-01  -1.15720e-01  -2.20173e-01  -4.59052e-01  -3.44061e-01  -8.19201e-02  -3.71433e-01  -5.29697e-01  -3.20538e-01  -1.28472e-02  -3.34691e-03  -3.92624e-01  -4.91697e-01  -3.81614e-01
T19    1.10366e-01  -3.58239e-01   8.04879e-02   1.59111e-01   2.90653e-01  -4.27401e-01   4.76146e-02   1.61345e-01  -7.06511e-02  -3.69024e-02  -5.90223e-01  -4.84806e-01   1.18136e-01  -3.94752e-01  -4.66576e-01   2.03698e-02  -4.96892e-02  -2.04054e-01  -2.63781e-01  -3.81614e-01  -6.63759e-01
