T0   -5.80103e-01  -1.61498e-01   7.34912e-02   1.32853e-01   1.52718e-01  -8.96530e-02   8.51106e-02   1.92170e-01  -5.28683e-02   6.20722e-02  -1.08798e-01  -1.11930e-01   2.21513e-01  -9.62272e-02  -9.02575e-02   2.92100e-02   4.04332e-02   5.00343e-03  -8.24163e-02  -3.68268e-02  -1.46532e-01
T1   -7.37287e-01   7.34912e-02   2.68533e-01   1.29220e-01  -2.78870e-01   2.04713e-02   1.54858e-01  -2.41560e-01   3.73430e-03   1.15285e-01   1.54270e-01   1.06782e-01   5.71931e-01   1.20951e-01   6.04314e-02   1.46152e-02   5.42380e-02   7.40526e-02  -6.56942e-02   9.12749e-03   8.09640e-02
T2   -6.45257e-01   1.32853e-01   1.29220e-01  -1.65746e-01   1.79345e-02   6.65160e-04   6.44863e-02   1.79193e-01  -5.56920e-02   4.23853e-02   1.46970e-01   2.45869e-01   7.27046e-02   8.90296e-02   8.63905e-02   4.47281e-02  -4.29819e-02  -1.90759e-02   2.47535e-02  -4.27306e-03   1.60769e-01
T3   -1.18783e+00   1.52718e-01  -2.78870e-01   1.79345e-02   2.46808e-01   8.39007e-02   1.72914e-01   4.29558e-01  -7.77907e-03  -1.23869e-01   2.55109e-01   3.07177e-01  -1.65360e-01   1.80408e-01   2.14253e-01   8.75221e-02   3.76434e-02   6.07186e-02   5.93628e-02   4.56660e-03   1.99501e-01
T4    2.30417e+00  -8.96530e-02   2.04713e-02   6.65160e-04   8.39007e-02  -1.10526e+00   9.60924e-03   1.37352e-01  -9.90436e-02  -1.31774e-01  -1.66815e-01  -1.68178e-01   8.45723e-02  -2.15004e-01  -2.58705e-01  -8.82219e-02  -9.36150e-02  -5.53243e-02  -2.52893e-01  -1.45376e-01  -1.86907e-01
T5   -7.27695e-01   8.51106e-02   1.54858e-01   6.44863e-02   1.72914e-01   9.60924e-03   7.97027e-02   2.99913e-01   2.92540e-02   1.02051e-01   1.38498e-01   1.50807e-01   2.80401e-01   9.14923e-02   7.76176e-02   5.23499e-02   2.62801e-02   2.68802e-02  -6.28185e-02   8.90905e-03   1.08349e-01
T6   -1.56586e+00   1.92170e-01  -2.41560e-01   1.79193e-01   4.29558e-01   1.37352e-01   2.99913e-01   4.72987e-01   1.17644e-01  -2.69541e-02   2.03911e-01   2.81738e-01  -1.26340e-01   2.26111e-01   1.85412e-01   1.70108e-01   1.27149e-01   1.39671e-01   6.12537e-02   1.05903e-02   1.65150e-01
T7   -5.35718e-01  -5.28683e-02   3.73430e-03  -5.56920e-02  -7.77907e-03  -9.90436e-02   2.92540e-02   1.17644e-01  -1.48975e-01  -5.54813e-02   4.51759e-02   7.83025e-02   7.93167e-02  -3.75079e-02   2.34411e-03  -3.74894e-02  -5.46809e-02  -3.97580e-02  -1.72773e-02  -1.01204e-02  -9.72485e-03
T8    3.91178e-01   6.20722e-02   1.15285e-01   4.23853e-02  -1.23869e-01  -1.31774e-01   1.02051e-01  -2.69541e-02  -5.54813e-02  -2.86769e-01   8.31925e-02   9.80371e-02   3.10408e-01  -3.15103e-02  -3.19302e-02   7.03393e-03  -4.15244e-02   2.14382e-03  -1.54904e-01  -1.02742e-01   5.64203e-02
T9    5.45834e-01  -1.08798e-01   1.54270e-01   1.46970e-01   2.55109e-01  -1.66815e-01   1.38498e-01   2.03911e-01   4.51759e-02   8.31925e-02  -4.42502e-01  -3.24914e-01   1.29467e-01  -2.14902e-01  -3.40762e-01   1.17270e-01   4.99869e-02  -3.22879e-02  -2.11625e-01  -2.15182e-01  -3.08156e-01
T10   -2.44761e-01  -1.11930e-01   1.06782e-01   2.45869e-01   3.07177e-01  -1.68178e-01   1.50807e-01   2.81738e-01   7.83025e-02   9.80371e-02  -3.24914e-01  -3.67647e-01   2.53534e-01  -1.73127e-01  -3.22805e-01   9.23550e-02   9.46112e-02   4.41876e-02  -2.48674e-01  -1.66461e-01  -2.71032e-01
T11   -1.38904e+00   2.21513e-01   5.71931e-01   7.27046e-02  -1.65360e-01   8.45723e-02   2.80401e-01  -1.26340e-01   7.93167e-02   3.10408e-01   1.29467e-01   2.53534e-01   3.80949e-01   2.22198e-01   1.34462e-01   2.34392e-01   1.03961e-01   1.32684e-01   1.26600e-01   8.68660e-03   1.38289e-01
T12    1.42980e+00  -9.62272e-02   1.20951e-01   8.90296e-02   1.80408e-01  -2.15004e-01   9.14923e-02   2.26111e-01  -3.75079e-02  -3.15103e-02  -2.14902e-01  -1.73127e-01   2.22198e-01  -5.04531e-01  -3.08849e-01   5.40089e-03   2.89223e-02  -8.90325e-03  -2.55877e-01  -1.86307e-01  -1.70205e-01
T13    1.10848e+00  -9.02575e-02   6.04314e-02   8.63905e-02   2.14253e-01  -2.58705e-01   7.76176e-02   1.85412e-01   2.34411e-03  -3.19302e-02  -3.40762e-01  -3.22805e-01   1.34462e-01  -3.08849e-01  -4.62684e-01   7.01501e-03  -1.05346e-03  -2.34403e-02  -3.66507e-01  -2.99138e-01  -2.62172e-01
T14   -4.85212e-01   2.92100e-02   1.46152e-02   4.47281e-02   8.75221e-02  -8.82219e-02   5.23499e-02   1.70108e-01  -3.74894e-02   7.03393e-03   1.17270e-01   9.23550e-02   2.34392e-01   5.40089e-03   7.01501e-03  -8.10200e-02   4.87670e-02   4.72016e-02  -1.99483e-01  -1.30803e-01   6.03768e-02
T15   -6.24950e-01   4.04332e-02   5.42380e-02  -4.29819e-02   3.76434e-02  -9.36150e-02   2.62801e-02   1.27149e-01  -5.46809e-02  -4.15244e-02   4.99869e-02   9.46112e-02   1.03961e-01   2.89223e-02  -1.05346e-03   4.87670e-02  -7.66014e-02  -2.51265e-02  -1.94365e-02  -1.23476e-02   3.76325e-02
T16   -4.08220e-01   5.00343e-03   7.40526e-02  -1.90759e-02   6.07186e-02  -5.53243e-02   2.68802e-02   1.39671e-01  -3.97580e-02   2.14382e-03  -3.22879e-02   4.41876e-02   1.32684e-01  -8.90325e-03  -2.34403e-02   4.72016e-02  -2.51265e-02  -8.61111e-02  -2.83612e-02  -3.67893e-02  -5.92762e-02
T17    2.16324e+00  -8.24163e-02  -6.56942e-02   2.47535e-02   5.93628e-02  -2.52893e-01  -6.28185e-02   6.12537e-02  -1.72773e-02  -1.54904e-01  -2.11625e-01  -2.48674e-01   1.26600e-01  -2.55877e-01  -3.66507e-01  -1.99483e-01  -1.94365e-02  -2.83612e-02  -5.25115e-01  -2.87251e-01  -1.81192e-01
T18    9.33067e-01  -3.68268e-02   9.12749e-03  -4.27306e-03   4.56660e-03  -1.45376e-01   8.90905e-03   1.05903e-02  -1.01204e-02  -1.02742e-01  -2.15182e-01  -1.66461e-01   8.68660e-03  -1.86307e-01  -2.99138e-01  -1.30803e-01  -1.23476e-02  -3.67893e-02  -2.87251e-01  -2.33048e-01  -1.46216e-01
T19    2.56163e-01  -1.46532e-01   8.09640e-02   1.60769e-01   1.99501e-01  -1.86907e-01   1.08349e-01   1.65150e-01  -9.72485e-03   5.64203e-02  -3.08156e-01  -2.71032e-01   1.38289e-01  -1.70205e-01  -2.62172e-01   6.03768e-02   3.76325e-02  -5.92762e-02  -1.81192e-01  -1.46216e-01  -3.32514e-01
