T0   -4.73259e-01  -1.62076e-01   6.15740e-02   1.01756e-01   1.08640e-01  -8.10355e-02   6.61644e-02   1.57773e-01  -4.73278e-02   4.50967e-02  -1.06444e-01  -1.20058e-01   1.86337e-01  -9.09434e-02  -7.90637e-02   2.91950e-02   3.38559e-02  -3.85442e-03  -6.26934e-02  -2.67693e-02  -1.36314e-01
T1   -8.14715e-01   6.15740e-02   2.36167e-01   1.20193e-01  -2.38742e-01   8.84116e-03   1.48464e-01  -2.01706e-01   7.60590e-03   1.05045e-01   1.46114e-01   9.84361e-02   5.20022e-01   1.06368e-01   6.95755e-02   1.08017e-02   5.22231e-02   7.17156e-02  -4.01747e-02   2.20777e-02   7.52494e-02
T2   -6.61704e-01   1.01756e-01   1.20193e-01  -1.52104e-01   2.69705e-02  -4.01109e-03   5.36538e-02   1.69625e-01  -4.57994e-02   4.20543e-02   1.14853e-01   2.03769e-01   6.57677e-02   6.57166e-02   7.69441e-02   5.04857e-02  -3.55876e-02  -1.38408e-02   3.23143e-02  -1.06596e-02   1.35793e-01
T3   -1.21481e+00   1.08640e-01  -2.38742e-01   2.69705e-02   2.27107e-01   6.28859e-02   1.49993e-01   3.71871e-01  -5.47305e-03  -1.02373e-01   2.05984e-01   2.45417e-01  -1.37838e-01   1.40635e-01   1.80709e-01   8.42765e-02   4.16849e-02   5.55675e-02   6.02636e-02   9.12052e-03   1.61773e-01
T4    2.39786e+00  -8.10355e-02   8.84116e-03  -4.01109e-03   6.28859e-02  -1.00433e+00  -1.44610e-03   1.08540e-01  -8.74471e-02  -1.13221e-01  -1.52779e-01  -1.51991e-01   7.05910e-02  -2.04287e-01  -2.24619e-01  -8.44790e-02  -9.09987e-02  -4.67039e-02  -2.16636e-01  -1.22053e-01  -1.68464e-01
T5   -7.61021e-01   6.61644e-02   1.48464e-01   5.36538e-02   1.49993e-01  -1.44610e-03   5.91893e-02   2.58012e-01   3.43700e-02   9.09893e-02   1.19993e-01   1.22059e-01   2.60749e-01   7.16862e-02   7.43396e-02   4.84547e-02   2.03968e-02   2.25632e-02  -4.61959e-02   1.58843e-02   8.93612e-02
T6   -1.62252e+00   1.57773e-01  -2.01706e-01   1.69625e-01   3.71871e-01   1.08540e-01   2.58012e-01   3.85860e-01   1.13201e-01  -1.50921e-02   1.65350e-01   2.29103e-01  -9.54278e-02   1.75693e-01   1.57795e-01   1.57422e-01   1.20326e-01   1.24664e-01   6.47687e-02   1.60599e-02   1.32636e-01
T7   -5.18278e-01  -4.73278e-02   7.60590e-03  -4.57994e-02  -5.47305e-03  -8.74471e-02   3.43700e-02   1.13201e-01  -1.33145e-01  -5.31308e-02   2.93809e-02   5.83908e-02   8.13654e-02  -3.62436e-02   5.99294e-04  -3.00785e-02  -4.10298e-02  -3.74617e-02  -1.77342e-02  -1.16287e-02  -1.87935e-02
T8    3.56847e-01   4.50967e-02   1.05045e-01   4.20543e-02  -1.02373e-01  -1.13221e-01   9.09893e-02  -1.50921e-02  -5.31308e-02  -2.75960e-01   8.27799e-02   9.59186e-02   2.83043e-01  -2.59464e-02  -1.90487e-02   9.54011e-03  -3.76287e-02   3.27625e-03  -1.33943e-01  -7.99191e-02   5.73235e-02
T9    6.05579e-01  -1.06444e-01   1.46114e-01   1.14853e-01   2.05984e-01  -1.52779e-01   1.19993e-01   1.65350e-01   2.93809e-02   8.27799e-02  -3.96271e-01  -2.84430e-01   1.15235e-01  -1.89590e-01  -2.93844e-01   1.02158e-01   3.11370e-02  -2.80231e-02  -1.67031e-01  -1.78597e-01  -2.70307e-01
T10   -1.92338e-01  -1.20058e-01   9.84361e-02   2.03769e-01   2.45417e-01  -1.51991e-01   1.22059e-01   2.29103e-01   5.83908e-02   9.59186e-02  -2.84430e-01  -3.23110e-01   2.20507e-01  -1.54327e-01  -2.73954e-01   7.68746e-02   6.81666e-02   3.41342e-02  -2.05240e-01  -1.29618e-01  -2.33218e-01
T11   -1.47251e+00   1.86337e-01   5.20022e-01   6.57677e-02  -1.37838e-01   7.05910e-02   2.60749e-01  -9.54278e-02   8.13654e-02   2.83043e-01   1.15235e-01   2.20507e-01   3.26643e-01   1.88603e-01   1.26152e-01   2.10742e-01   8.99007e-02   1.20933e-01   1.24668e-01   1.26030e-02   1.18212e-01
T12    1.50845e+00  -9.09434e-02   1.06368e-01   6.57166e-02   1.40635e-01  -2.04287e-01   7.16862e-02   1.75693e-01  -3.62436e-02  -2.59464e-02  -1.89590e-01  -1.54327e-01   1.88603e-01  -4.86215e-01  -2.65321e-01   6.38037e-03   1.20771e-02  -1.43214e-02  -2.13460e-01  -1.54313e-01  -1.48369e-01
T13    1.08352e+00  -7.90637e-02   6.95755e-02   7.69441e-02   1.80709e-01  -2.24619e-01   7.43396e-02   1.57795e-01   5.99294e-04  -1.90487e-02  -2.93844e-01  -2.73954e-01   1.26152e-01  -2.65321e-01  -3.98524e-01   1.39044e-02  -9.35915e-03  -1.57421e-02  -3.08302e-01  -2.50963e-01  -2.22738e-01
T14   -5.16776e-01   2.91950e-02   1.08017e-02   5.04857e-02   8.42765e-02  -8.44790e-02   4.84547e-02   1.57422e-01  -3.00785e-02   9.54011e-03   1.02158e-01   7.68746e-02   2.10742e-01   6.38037e-03   1.39044e-02  -8.73723e-02   4.95248e-02   4.31741e-02  -1.64442e-01  -1.08004e-01   4.99538e-02
T15   -6.10736e-01   3.38559e-02   5.22231e-02  -3.55876e-02   4.16849e-02  -9.09987e-02   2.03968e-02   1.20326e-01  -4.10298e-02  -3.76287e-02   3.11370e-02   6.81666e-02   8.99007e-02   1.20771e-02  -9.35915e-03   4.95248e-02  -6.76162e-02  -2.51100e-02  -1.79366e-02  -1.34985e-02   2.71072e-02
T16   -3.96323e-01  -3.85442e-03   7.17156e-02  -1.38408e-02   5.55675e-02  -4.67039e-02   2.25632e-02   1.24664e-01  -3.74617e-02   3.27625e-03  -2.80231e-02   3.41342e-02   1.20933e-01  -1.43214e-02  -1.57421e-02   4.31741e-02  -2.51100e-02  -8.15135e-02  -2.38654e-02  -3.22733e-02  -5.45486e-02
T17    2.09749e+00  -6.26934e-02  -4.01747e-02   3.23143e-02   6.02636e-02  -2.16636e-01  -4.61959e-02   6.47687e-02  -1.77342e-02  -1.33943e-01  -1.67031e-01  -2.05240e-01   1.24668e-01  -2.13460e-01  -3.08302e-01  -1.64442e-01  -1.79366e-02  -2.38654e-02  -4.72269e-01  -2.44932e-01  -1.48012e-01
T18    8.92123e-01  -2.67693e-02   2.20777e-02  -1.06596e-02   9.12052e-03  -1.22053e-01   1.58843e-02   1.60599e-02  -1.16287e-02  -7.99191e-02  -1.78597e-01  -1.29618e-01   1.26030e-02  -1.54313e-01  -2.50963e-01  -1.08004e-01  -1.34985e-02  -3.22733e-02  -2.44932e-01  -1.98274e-01  -1.19737e-01
T19    3.13120e-01  -1.36314e-01   7.52494e-02   1.35793e-01   1.61773e-01  -1.68464e-01   8.93612e-02   1.32636e-01  -1.87935e-02   5.73235e-02  -2.70307e-01  -2.33218e-01   1.18212e-01  -1.48369e-01  -2.22738e-01   4.99538e-02   2.71072e-02  -5.45486e-02  -1.48012e-01  -1.19737e-01  -2.99107e-01
