T0   -5.78957e-01  -3.02931e-01   1.71108e-01   2.04417e-01   3.88276e-01  -2.68865e-01   2.39383e-01   4.75873e-01  -1.03114e-01   6.36623e-02  -3.18530e-01  -2.26952e-01   4.50039e-01  -1.77625e-01  -2.73231e-01   2.70930e-02   4.74474e-02  -5.19543e-02  -1.65080e-01  -2.30318e-01  -4.06290e-01
T1   -3.32699e-01   1.71108e-01   5.40607e-01   2.36261e-01  -3.43688e-01   3.40919e-02   2.35753e-01  -2.34865e-01  -7.19955e-04   1.19113e-01   2.01072e-01   1.16787e-01   9.97213e-01   1.70426e-01  -7.42066e-02   1.28209e-01   1.24798e-01   1.11184e-01  -4.79994e-01  -2.62223e-01   1.04676e-01
T2   -2.14179e-01   2.04417e-01   2.36261e-01  -3.13937e-01   2.04340e-02  -7.14914e-02   1.64021e-01   3.44499e-01  -1.57703e-01   9.24247e-02   2.70348e-01   4.33777e-01   2.11495e-01   2.15170e-01   1.82330e-01   9.38797e-02  -1.32239e-01  -1.10776e-01   1.35989e-01   4.82710e-02   2.07467e-01
T3   -7.26326e-01   3.88276e-01  -3.43688e-01   2.04340e-02   6.13168e-01   2.38807e-01   4.76905e-01   1.01655e+00   2.75290e-02  -1.43782e-01   5.34817e-01   6.93717e-01  -1.35031e-01   4.17864e-01   5.53777e-01   3.10261e-01  -5.64155e-02  -1.28337e-02   5.26819e-01   3.98664e-01   3.93978e-01
T4    1.90972e+00  -2.68865e-01   3.40919e-02  -7.14914e-02   2.38807e-01  -2.43576e+00   5.79300e-02   3.12333e-01  -3.09490e-01  -2.63396e-01  -4.51352e-01  -3.53097e-01   2.22018e-01  -4.97887e-01  -5.67224e-01  -1.56977e-01  -2.21462e-01  -2.39285e-01  -6.08749e-01  -4.18764e-01  -5.05343e-01
T5   -2.11185e-01   2.39383e-01   2.35753e-01   1.64021e-01   4.76905e-01   5.79300e-02   2.94794e-01   6.35181e-01   1.08159e-01   1.76590e-01   1.84203e-01   2.89373e-01   4.03082e-01   1.92330e-01   1.04176e-01   1.54709e-01   7.24096e-02   1.03965e-02  -3.78591e-02   5.02821e-02   1.02486e-01
T6   -9.35145e-01   4.75873e-01  -2.34865e-01   3.44499e-01   1.01655e+00   3.12333e-01   6.35181e-01   1.16806e+00   3.21159e-01   9.87666e-02   4.16659e-01   6.43934e-01  -1.17482e-01   5.02274e-01   4.53740e-01   3.93681e-01   2.11878e-01   1.58436e-01   4.39561e-01   2.92910e-01   2.53297e-01
T7   -4.02525e-01  -1.03114e-01  -7.19955e-04  -1.57703e-01   2.75290e-02  -3.09490e-01   1.08159e-01   3.21159e-01  -2.89372e-01  -1.40448e-01  -1.07580e-01   4.19129e-02   2.22358e-01  -1.25564e-01  -2.06990e-01  -2.11850e-01  -1.51763e-01  -1.55275e-01  -2.51585e-01  -2.31809e-01  -1.99305e-01
T8    5.76230e-01   6.36623e-02   1.19113e-01   9.24247e-02  -1.43782e-01  -2.63396e-01   1.76590e-01   9.87666e-02  -1.40448e-01  -4.16425e-01   8.52932e-02   1.59389e-01   4.45617e-01  -4.78834e-02  -1.58253e-01  -9.76576e-03  -1.29127e-01  -8.14955e-02  -3.80189e-01  -2.48585e-01   1.33459e-02
T9   -3.97236e-02  -3.18530e-01   2.01072e-01   2.70348e-01   5.34817e-01  -4.51352e-01   1.84203e-01   4.16659e-01  -1.07580e-01   8.52932e-02  -6.32862e-01  -4.03251e-01   2.90056e-01  -3.73533e-01  -4.86135e-01   3.20912e-01   1.27148e-02  -5.69347e-02  -2.80889e-01  -3.99295e-01  -5.83792e-01
T10   -7.43573e-01  -2.26952e-01   1.16787e-01   4.33777e-01   6.93717e-01  -3.53097e-01   2.89373e-01   6.43934e-01   4.19129e-02   1.59389e-01  -4.03251e-01  -3.47958e-01   4.77334e-01  -2.18048e-01  -4.07083e-01   2.58013e-01   1.57359e-01   1.27261e-01  -3.47653e-01  -3.31653e-01  -4.31562e-01
T11   -6.98008e-01   4.50039e-01   9.97213e-01   2.11495e-01  -1.35031e-01   2.22018e-01   4.03082e-01  -1.17482e-01   2.22358e-01   4.45617e-01   2.90056e-01   4.77334e-01   1.01195e+00   4.57455e-01   2.55722e-01   5.43286e-01   2.35828e-01   1.91387e-01  -2.84650e-02  -1.73326e-01   2.21793e-01
T12    1.07538e+00  -1.77625e-01   1.70426e-01   2.15170e-01   4.17864e-01  -4.97887e-01   1.92330e-01   5.02274e-01  -1.25564e-01  -4.78834e-02  -3.73533e-01  -2.18048e-01   4.57455e-01  -7.65552e-01  -5.55510e-01   4.83010e-02   5.15005e-02   1.19436e-02  -5.20763e-01  -4.21102e-01  -3.86153e-01
T13    3.68643e-01  -2.73231e-01  -7.42066e-02   1.82330e-01   5.53777e-01  -5.67224e-01   1.04176e-01   4.53740e-01  -2.06990e-01  -1.58253e-01  -4.86135e-01  -4.07083e-01   2.55722e-01  -5.55510e-01  -7.30567e-01  -1.33321e-01  -6.63658e-03   8.25076e-02  -5.70378e-01  -5.98389e-01  -4.34051e-01
T14   -2.44187e-01   2.70930e-02   1.28209e-01   9.38797e-02   3.10261e-01  -1.56977e-01   1.54709e-01   3.93681e-01  -2.11850e-01  -9.76576e-03   3.20912e-01   2.58013e-01   5.43286e-01   4.83010e-02  -1.33321e-01  -3.51488e-03   4.58205e-02   1.31294e-01  -5.28021e-01  -3.64412e-01   1.61294e-01
T15   -3.66403e-01   4.74474e-02   1.24798e-01  -1.32239e-01  -5.64155e-02  -2.21462e-01   7.24096e-02   2.11878e-01  -1.51763e-01  -1.29127e-01   1.27148e-02   1.57359e-01   2.35828e-01   5.15005e-02  -6.63658e-03   4.58205e-02  -2.18924e-01  -1.70006e-01   2.50508e-02  -1.35034e-02  -1.01907e-01
T16   -2.40676e-01  -5.19543e-02   1.11184e-01  -1.10776e-01  -1.28337e-02  -2.39285e-01   1.03965e-02   1.58436e-01  -1.55275e-01  -8.14955e-02  -5.69347e-02   1.27261e-01   1.91387e-01   1.19436e-02   8.25076e-02   1.31294e-01  -1.70006e-01  -3.22608e-01   2.21021e-01   5.52335e-02  -2.44095e-01
T17    1.38613e+00  -1.65080e-01  -4.79994e-01   1.35989e-01   5.26819e-01  -6.08749e-01  -3.78591e-02   4.39561e-01  -2.51585e-01  -3.80189e-01  -2.80889e-01  -3.47653e-01  -2.84650e-02  -5.20763e-01  -5.70378e-01  -5.28021e-01   2.50508e-02   2.21021e-01  -7.28025e-01  -5.03155e-01  -2.37547e-01
T18    5.20164e-01  -2.30318e-01  -2.62223e-01   4.82710e-02   3.98664e-01  -4.18764e-01   5.02821e-02   2.92910e-01  -2.31809e-01  -2.48585e-01  -3.99295e-01  -3.31653e-01  -1.73326e-01  -4.21102e-01  -5.98389e-01  -3.64412e-01  -1.35034e-02   5.52335e-02  -5.03155e-01  -5.69959e-01  -3.45623e-01
T19   -1.02680e-01  -4.06290e-01   1.04676e-01   2.07467e-01   3.93978e-01  -5.05343e-01   1.02486e-01   2.53297e-01  -1.99305e-01   1.33459e-02  -5.83792e-01  -4.31562e-01   2.21793e-01  -3.86153e-01  -4.34051e-01   1.61294e-01  -1.01907e-01  -2.44095e-01  -2.37547e-01  -3.45623e-01  -7.29524e-01
