T0   -3.91823e-01  -6.71421e-02   8.98546e-03   3.39037e-02   1.05141e-02   4.12192e-03   8.08651e-03   2.40279e-02  -1.79539e-02   1.26677e-02  -8.60951e-03  -2.63656e-02   5.11902e-02  -1.40326e-02  -1.13862e-05   7.48216e-03   1.33323e-02  -1.99670e-03  -2.02638e-03   1.41298e-02  -2.90813e-02
T1   -1.02837e+00   8.98546e-03   3.81852e-02   7.60867e-02  -3.19613e-02  -2.71865e-03   6.50633e-02  -2.32654e-02   1.63802e-02   3.66026e-02   2.00912e-02  -1.24158e-02   1.86297e-01  -9.87506e-03  -7.42859e-03   6.75867e-03   4.15509e-02   4.95361e-02  -2.14884e-02   7.10041e-03   3.83339e-03
T2   -7.19983e-01   3.39037e-02   7.60867e-02  -6.69800e-02   1.92613e-02   1.12720e-02   2.28650e-02   7.16236e-02  -2.00848e-03   3.06878e-02  -6.28689e-03   3.30001e-02   3.27394e-02  -4.53813e-03  -1.00247e-04   3.33300e-02  -1.14772e-02  -1.07072e-03  -1.06444e-03  -2.63297e-02   2.77247e-02
T3   -1.28604e+00   1.05141e-02  -3.19613e-02   1.92613e-02   5.01929e-02   3.90204e-02   5.61925e-02   1.08091e-01   4.00933e-03  -4.91525e-04   1.51460e-02   2.74697e-02  -1.76292e-04   1.04677e-02   1.85995e-02   3.12265e-02   2.93690e-02   2.13881e-02  -1.15711e-02  -2.77688e-03   2.24144e-02
T4    2.23265e+00   4.12192e-03  -2.71865e-03   1.12720e-02   3.90204e-02  -4.11516e-01  -3.41926e-03   3.65778e-02  -3.08743e-03  -5.62690e-02  -2.93725e-02  -2.76989e-02   1.21737e-02  -5.56434e-02  -4.80886e-02  -8.84806e-03  -2.91098e-02  -1.34245e-03  -4.98836e-02  -1.89578e-02  -3.16371e-02
T5   -8.01799e-01   8.08651e-03   6.50633e-02   2.28650e-02   5.61925e-02  -3.41926e-03  -3.02772e-02   9.04860e-02   3.36368e-02   3.17719e-02   5.48669e-03  -1.34586e-02   1.04245e-01  -8.80159e-03  -5.44343e-03   2.22992e-02   1.60367e-02   2.04448e-02  -2.75358e-02  -4.99511e-03   1.59558e-02
T6   -1.72280e+00   2.40279e-02  -2.32654e-02   7.16236e-02   1.08091e-01   3.65778e-02   9.04860e-02   7.98546e-02   4.23140e-02   1.84499e-02  -6.86617e-03  -5.48054e-04   4.72095e-03   7.70183e-03   3.42023e-03   5.56420e-02   6.20234e-02   5.67510e-02   3.11631e-03   1.41157e-03   1.27143e-02
T7   -6.46590e-01  -1.79539e-02   1.63802e-02  -2.00848e-03   4.00933e-03  -3.08743e-03   3.36368e-02   4.23140e-02  -5.73951e-02  -1.14407e-02   1.08506e-02   2.42659e-02   5.64463e-02  -1.01645e-02   1.13515e-02  -8.80962e-03  -4.79213e-03  -8.76503e-03  -4.02460e-03   4.92507e-03  -5.33556e-03
T8    4.07032e-01   1.26677e-02   3.66026e-02   3.06878e-02  -4.91525e-04  -5.62690e-02   3.17719e-02   1.84499e-02  -1.14407e-02  -1.11709e-01   5.38074e-03  -1.19945e-03   1.10995e-01  -3.34702e-02  -2.72834e-02  -1.77813e-03   5.74072e-03   1.09350e-02  -5.04032e-02  -2.59859e-02   7.60711e-03
T9    9.17702e-01  -8.60951e-03   2.00912e-02  -6.28689e-03   1.51460e-02  -2.93725e-02   5.48669e-03  -6.86617e-03   1.08506e-02   5.38074e-03  -1.14697e-01  -5.49942e-02  -3.07501e-02  -3.09920e-02  -5.59179e-02   2.92571e-02  -6.65116e-03  -1.53529e-02   7.77068e-03  -2.53947e-02  -6.00556e-02
T10    1.59966e-01  -2.63656e-02  -1.24158e-02   3.30001e-02   2.74697e-02  -2.76989e-02  -1.34586e-02  -5.48054e-04   2.42659e-02  -1.19945e-03  -5.49942e-02  -8.55522e-02   1.17116e-02  -1.72821e-02  -4.84532e-02   1.32927e-02  -7.26974e-04  -5.75270e-04  -1.94422e-02  -7.03601e-03  -4.88917e-02
T11   -1.69109e+00   5.11902e-02   1.86297e-01   3.27394e-02  -1.76292e-04   1.21737e-02   1.04245e-01   4.72095e-03   5.64463e-02   1.10995e-01  -3.07501e-02   1.17116e-02   4.05592e-02   1.10876e-03  -9.78193e-03   7.65658e-02   5.24715e-02   5.76227e-02   3.33378e-02  -1.14702e-02   5.82231e-03
T12    1.81168e+00  -1.40326e-02  -9.87506e-03  -4.53813e-03   1.04677e-02  -5.56434e-02  -8.80159e-03   7.70183e-03  -1.01645e-02  -3.34702e-02  -3.09920e-02  -1.72821e-02   1.10876e-03  -2.44251e-01  -4.04629e-02  -4.98947e-03  -2.50146e-03  -3.62843e-03  -1.72412e-02  -1.44976e-02  -1.63088e-02
T13    1.21997e+00  -1.13862e-05  -7.42859e-03  -1.00247e-04   1.85995e-02  -4.80886e-02  -5.44343e-03   3.42023e-03   1.13515e-02  -2.72834e-02  -5.59179e-02  -4.84532e-02  -9.78193e-03  -4.04629e-02  -9.97269e-02   3.69578e-03  -1.48018e-02  -1.23573e-02  -6.00111e-02  -5.69316e-02  -4.12826e-02
T14   -6.83132e-01   7.48216e-03   6.75867e-03   3.33300e-02   3.12265e-02  -8.84806e-03   2.22992e-02   5.56420e-02  -8.80962e-03  -1.77813e-03   2.92571e-02   1.32927e-02   7.65658e-02  -4.98947e-03   3.69578e-03  -4.66618e-02   3.08917e-02   1.79509e-02  -4.61802e-02  -2.01973e-02   9.22440e-03
T15   -6.30693e-01   1.33323e-02   4.15509e-02  -1.14772e-02   2.93690e-02  -2.91098e-02   1.60367e-02   6.20234e-02  -4.79213e-03   5.74072e-03  -6.65116e-03  -7.26974e-04   5.24715e-02  -2.50146e-03  -1.48018e-02   3.08917e-02  -3.95775e-02  -1.03752e-02  -1.00878e-02  -8.61085e-03   5.97508e-04
T16   -3.79437e-01  -1.99670e-03   4.95361e-02  -1.07072e-03   2.13881e-02  -1.34245e-03   2.04448e-02   5.67510e-02  -8.76503e-03   1.09350e-02  -1.53529e-02  -5.75270e-04   5.76227e-02  -3.62843e-03  -1.23573e-02   1.79509e-02  -1.03752e-02  -4.29267e-02  -9.38428e-03  -9.84169e-03  -2.29951e-02
T17    1.95830e+00  -2.02638e-03  -2.14884e-02  -1.06444e-03  -1.15711e-02  -4.98836e-02  -2.75358e-02   3.11631e-03  -4.02460e-03  -5.04032e-02   7.77068e-03  -1.94422e-02   3.33378e-02  -1.72412e-02  -6.00111e-02  -4.61802e-02  -1.00878e-02  -9.38428e-03  -1.90186e-01  -6.22839e-02  -4.96625e-03
T18    7.93036e-01   1.41298e-02   7.10041e-03  -2.63297e-02  -2.77688e-03  -1.89578e-02  -4.99511e-03   1.41157e-03   4.92507e-03  -2.59859e-02  -2.53947e-02  -7.03601e-03  -1.14702e-02  -1.44976e-02  -5.69316e-02  -2.01973e-02  -8.61085e-03  -9.84169e-03  -6.22839e-02  -7.39363e-02  -5.58603e-03
T19    4.81414e-01  -2.90813e-02   3.83339e-03   2.77247e-02   2.24144e-02  -3.16371e-02   1.59558e-02   1.27143e-02  -5.33556e-03   7.60711e-03  -6.00556e-02  -4.88917e-02   5.82231e-03  -1.63088e-02  -4.12826e-02   9.22440e-03   5.97508e-04  -2.29951e-02  -4.96625e-03  -5.58603e-03  -8.61905e-02
