T0   -7.16986e-01  -1.94156e-01   1.26840e-01   1.72076e-01   2.17715e-01  -1.03113e-01   1.51664e-01   2.89624e-01  -6.06872e-02   1.00750e-01  -1.20318e-01  -1.19292e-01   3.05921e-01  -9.32385e-02  -1.15336e-01   7.36142e-02   6.39927e-02   2.50312e-02  -1.02273e-01  -3.77141e-02  -1.49288e-01
T1   -6.31630e-01   1.26840e-01   3.31847e-01   1.41965e-01  -3.43506e-01   1.97245e-02   1.66713e-01  -3.08288e-01   1.78438e-03   1.36070e-01   1.55466e-01   1.03385e-01   6.53453e-01   1.35662e-01   4.74229e-02   2.07656e-02   6.98258e-02   7.77385e-02  -9.85699e-02  -1.56206e-02   8.01545e-02
T2   -5.97554e-01   1.72076e-01   1.41965e-01  -1.93312e-01   2.29470e-02   2.06832e-02   7.71369e-02   2.04673e-01  -7.09073e-02   3.99150e-02   1.95520e-01   3.07283e-01   9.86986e-02   1.28541e-01   1.07005e-01   4.74729e-02  -4.81727e-02  -2.66200e-02   3.94780e-02  -1.18087e-03   1.85808e-01
T3   -1.12086e+00   2.17715e-01  -3.43506e-01   2.29470e-02   3.21149e-01   1.21758e-01   2.23991e-01   5.78467e-01  -1.59080e-02  -1.60650e-01   3.29035e-01   4.06300e-01  -2.19213e-01   2.69168e-01   2.62896e-01   1.19657e-01   2.86252e-02   6.99023e-02   6.73383e-02   7.51123e-03   2.47951e-01
T4    2.14113e+00  -1.03113e-01   1.97245e-02   2.06832e-02   1.21758e-01  -1.29577e+00   4.14191e-02   1.89532e-01  -9.64545e-02  -1.47880e-01  -1.99469e-01  -1.97852e-01   9.81595e-02  -2.46291e-01  -3.20409e-01  -1.04510e-01  -9.07116e-02  -4.56853e-02  -3.22086e-01  -1.92038e-01  -2.21899e-01
T5   -6.37901e-01   1.51664e-01   1.66713e-01   7.71369e-02   2.23991e-01   4.14191e-02   1.04046e-01   3.55553e-01   3.66011e-02   1.06858e-01   1.46079e-01   1.78675e-01   2.96824e-01   1.10296e-01   7.91147e-02   6.41523e-02   4.67480e-02   3.69173e-02  -9.14309e-02   1.02436e-02   1.13497e-01
T6   -1.43588e+00   2.89624e-01  -3.08288e-01   2.04673e-01   5.78467e-01   1.89532e-01   3.55553e-01   6.44929e-01   1.49112e-01  -5.32052e-02   2.45828e-01   3.47438e-01  -1.85645e-01   2.90307e-01   2.13879e-01   2.18729e-01   1.38562e-01   1.60370e-01   5.24314e-02   7.66609e-03   1.87775e-01
T7   -6.23830e-01  -6.06872e-02   1.78438e-03  -7.09073e-02  -1.59080e-02  -9.64545e-02   3.66011e-02   1.49112e-01  -1.88927e-01  -3.83762e-02   8.68820e-02   1.30717e-01   1.05637e-01  -2.12148e-02   2.07900e-02  -4.32398e-02  -6.87446e-02  -2.85081e-02  -2.98839e-02  -7.62605e-03   2.73619e-02
T8    4.48854e-01   1.00750e-01   1.36070e-01   3.99150e-02  -1.60650e-01  -1.47880e-01   1.06858e-01  -5.32052e-02  -3.83762e-02  -3.18145e-01   7.09638e-02   8.96860e-02   3.64782e-01  -4.75171e-02  -6.59205e-02  -5.55172e-03  -4.94994e-02  -1.23400e-02  -2.08458e-01  -1.45158e-01   4.39388e-02
T9    4.98508e-01  -1.20318e-01   1.55466e-01   1.95520e-01   3.29035e-01  -1.99469e-01   1.46079e-01   2.45828e-01   8.68820e-02   7.09638e-02  -5.32481e-01  -4.00084e-01   1.45643e-01  -2.66754e-01  -4.20712e-01   1.40029e-01   9.10769e-02  -3.75042e-02  -2.69145e-01  -2.91174e-01  -3.90388e-01
T10   -2.79289e-01  -1.19292e-01   1.03385e-01   3.07283e-01   4.06300e-01  -1.97852e-01   1.78675e-01   3.47438e-01   1.30717e-01   8.96860e-02  -4.00084e-01  -4.38647e-01   2.78273e-01  -2.13615e-01  -3.93776e-01   1.05431e-01   1.44769e-01   5.58014e-02  -3.08918e-01  -2.33395e-01  -3.47272e-01
T11   -1.22820e+00   3.05921e-01   6.53453e-01   9.86986e-02  -2.19213e-01   9.81595e-02   2.96824e-01  -1.85645e-01   1.05637e-01   3.64782e-01   1.45643e-01   2.78273e-01   4.88970e-01   2.60679e-01   1.58611e-01   2.94790e-01   1.28541e-01   1.41592e-01   1.16222e-01  -5.07701e-03   1.47764e-01
T12    1.32696e+00  -9.32385e-02   1.35662e-01   1.28541e-01   2.69168e-01  -2.46291e-01   1.10296e-01   2.90307e-01  -2.12148e-02  -4.75171e-02  -2.66754e-01  -2.13615e-01   2.60679e-01  -5.51487e-01  -3.75459e-01   5.47657e-03   6.10346e-02   4.13900e-03  -3.36783e-01  -2.39458e-01  -2.14123e-01
T13    1.08525e+00  -1.15336e-01   4.74229e-02   1.07005e-01   2.62896e-01  -3.20409e-01   7.91147e-02   2.13879e-01   2.07900e-02  -6.59205e-02  -4.20712e-01  -3.93776e-01   1.58611e-01  -3.75459e-01  -5.67872e-01  -2.80985e-02   6.72364e-03  -4.25548e-02  -4.53246e-01  -3.85775e-01  -3.34619e-01
T14   -4.57957e-01   7.36142e-02   2.07656e-02   4.74729e-02   1.19657e-01  -1.04510e-01   6.41523e-02   2.18729e-01  -4.32398e-02  -5.55172e-03   1.40029e-01   1.05431e-01   2.94790e-01   5.47657e-03  -2.80985e-02  -7.27805e-02   6.73891e-02   4.84883e-02  -2.88161e-01  -1.83738e-01   7.28591e-02
T15   -6.65477e-01   6.39927e-02   6.98258e-02  -4.81727e-02   2.86252e-02  -9.07116e-02   4.67480e-02   1.38562e-01  -6.87446e-02  -4.94994e-02   9.10769e-02   1.44769e-01   1.28541e-01   6.10346e-02   6.72364e-03   6.73891e-02  -8.51923e-02  -2.62867e-02  -2.05524e-02  -2.47271e-04   5.99267e-02
T16   -4.19538e-01   2.50312e-02   7.77385e-02  -2.66200e-02   6.99023e-02  -4.56853e-02   3.69173e-02   1.60370e-01  -2.85081e-02  -1.23400e-02  -3.75042e-02   5.58014e-02   1.41592e-01   4.13900e-03  -4.25548e-02   4.84883e-02  -2.62867e-02  -9.39533e-02  -4.89452e-02  -3.97614e-02  -7.52713e-02
T17    2.14354e+00  -1.02273e-01  -9.85699e-02   3.94780e-02   6.73383e-02  -3.22086e-01  -9.14309e-02   5.24314e-02  -2.98839e-02  -2.08458e-01  -2.69145e-01  -3.08918e-01   1.16222e-01  -3.36783e-01  -4.53246e-01  -2.88161e-01  -2.05524e-02  -4.89452e-02  -5.95691e-01  -3.61685e-01  -2.31867e-01
T18    9.41810e-01  -3.77141e-02  -1.56206e-02  -1.18087e-03   7.51123e-03  -1.92038e-01   1.02436e-02   7.66609e-03  -7.62605e-03  -1.45158e-01  -2.91174e-01  -2.33395e-01  -5.07701e-03  -2.39458e-01  -3.85775e-01  -1.83738e-01  -2.47271e-04  -3.97614e-02  -3.61685e-01  -2.94788e-01  -2.06150e-01
T19    2.29052e-01  -1.49288e-01   8.01545e-02   1.85808e-01   2.47951e-01  -2.21899e-01   1.13497e-01   1.87775e-01   2.73619e-02   4.39388e-02  -3.90388e-01  -3.47272e-01   1.47764e-01  -2.14123e-01  -3.34619e-01   7.28591e-02   5.99267e-02  -7.52713e-02  -2.31867e-01  -2.06150e-01  -4.19358e-01
