T0   -4.18333e-01  -5.93573e-02   5.92930e-03   2.87111e-02   8.02383e-03   7.04815e-03   6.52833e-03   2.00312e-02  -1.62258e-02   1.02124e-02  -3.27707e-03  -1.91434e-02   4.33626e-02  -9.43098e-03   3.74071e-03   6.26050e-03   1.17654e-02  -1.80627e-03   1.08502e-03   1.42688e-02  -2.17685e-02
T1   -9.82608e-01   5.92930e-03   3.20420e-02   6.64723e-02  -2.56016e-02  -4.94038e-03   5.82687e-02  -2.03332e-02   1.52924e-02   3.24139e-02   1.37121e-02  -1.55092e-02   1.60252e-01  -1.22637e-02  -6.92951e-03   5.67667e-03   3.45188e-02   4.16842e-02  -2.02847e-02   7.80423e-03  -5.23144e-04
T2   -6.81462e-01   2.87111e-02   6.64723e-02  -6.21366e-02   1.89470e-02   1.00621e-02   1.81181e-02   5.94253e-02  -2.14240e-03   2.74860e-02  -6.77613e-03   2.72483e-02   2.70514e-02  -3.89121e-03  -1.00284e-03   3.20771e-02  -1.02883e-02  -1.83174e-03  -4.53573e-03  -2.65865e-02   2.26368e-02
T3   -1.24954e+00   8.02383e-03  -2.56016e-02   1.89470e-02   4.01430e-02   3.16314e-02   4.78756e-02   9.15446e-02   2.79291e-03   1.61307e-03   1.07905e-02   2.16958e-02   2.00100e-04   6.21274e-03   1.33864e-02   2.89896e-02   2.77068e-02   1.92915e-02  -1.45698e-02  -8.32840e-03   1.60363e-02
T4    2.16686e+00   7.04815e-03  -4.94038e-03   1.00621e-02   3.16314e-02  -3.69304e-01  -4.63061e-03   3.35677e-02   1.71747e-03  -5.43377e-02  -2.22619e-02  -1.92157e-02   8.88301e-03  -4.33454e-02  -3.69936e-02  -6.82886e-03  -2.47253e-02  -5.60360e-04  -3.58895e-02  -1.31252e-02  -2.41416e-02
T5   -7.61874e-01   6.52833e-03   5.82687e-02   1.81181e-02   4.78756e-02  -4.63061e-03  -3.70370e-02   7.61418e-02   3.04826e-02   2.54350e-02   3.54079e-03  -1.42102e-02   8.80807e-02  -1.12525e-02  -6.08741e-03   2.17560e-02   1.52450e-02   1.63338e-02  -2.91992e-02  -4.53759e-03   1.27910e-02
T6   -1.67263e+00   2.00312e-02  -2.03332e-02   5.94253e-02   9.15446e-02   3.35677e-02   7.61418e-02   6.29036e-02   3.63376e-02   1.37751e-02  -8.41883e-03  -3.33586e-03   1.81788e-03   5.35960e-03  -9.06622e-04   4.90593e-02   5.45819e-02   4.82544e-02   7.81750e-04  -1.58201e-03   8.61299e-03
T7   -6.37243e-01  -1.62258e-02   1.52924e-02  -2.14240e-03   2.79291e-03   1.71747e-03   3.04826e-02   3.63376e-02  -5.13017e-02  -7.58637e-03   8.78202e-03   2.23783e-02   4.99273e-02  -7.67456e-03   9.17836e-03  -7.05946e-03  -3.30539e-03  -6.84389e-03  -6.02164e-03   4.97863e-03  -5.38112e-03
T8    4.52106e-01   1.02124e-02   3.24139e-02   2.74860e-02   1.61307e-03  -5.43377e-02   2.54350e-02   1.37751e-02  -7.58637e-03  -1.02007e-01   3.01394e-03  -4.17055e-03   9.40792e-02  -2.95639e-02  -2.49251e-02  -3.28618e-03   6.51659e-03   1.06375e-02  -4.37856e-02  -2.10409e-02   6.13308e-03
T9    8.56552e-01  -3.27707e-03   1.37121e-02  -6.77613e-03   1.07905e-02  -2.22619e-02   3.54079e-03  -8.41883e-03   8.78202e-03   3.01394e-03  -9.51841e-02  -4.12482e-02  -3.16071e-02  -2.20999e-02  -4.22254e-02   2.39423e-02  -6.51610e-03  -1.26182e-02   1.34495e-02  -1.76085e-02  -4.53335e-02
T10    1.03796e-01  -1.91434e-02  -1.55092e-02   2.72483e-02   2.16958e-02  -1.92157e-02  -1.42102e-02  -3.33586e-03   2.23783e-02  -4.17055e-03  -4.12482e-02  -6.97385e-02   7.62878e-03  -1.01058e-02  -3.74271e-02   9.27056e-03  -1.36207e-03   1.22590e-03  -1.08495e-02  -3.32787e-03  -3.65844e-02
T11   -1.63899e+00   4.33626e-02   1.60252e-01   2.70514e-02   2.00100e-04   8.88301e-03   8.80807e-02   1.81788e-03   4.99273e-02   9.40792e-02  -3.16071e-02   7.62878e-03   2.43281e-02  -6.09516e-03  -9.90467e-03   6.69817e-02   4.57423e-02   4.90240e-02   2.52233e-02  -9.23423e-03   1.54823e-03
T12    1.78549e+00  -9.43098e-03  -1.22637e-02  -3.89121e-03   6.21274e-03  -4.33454e-02  -1.12525e-02   5.35960e-03  -7.67456e-03  -2.95639e-02  -2.20999e-02  -1.01058e-02  -6.09516e-03  -2.23450e-01  -2.66956e-02  -7.13546e-03  -9.49769e-04  -2.12577e-03  -1.31538e-02  -7.50553e-03  -7.90475e-03
T13    1.17636e+00   3.74071e-03  -6.92951e-03  -1.00284e-03   1.33864e-02  -3.69936e-02  -6.08741e-03  -9.06622e-04   9.17836e-03  -2.49251e-02  -4.22254e-02  -3.74271e-02  -9.90467e-03  -2.66956e-02  -8.32163e-02  -1.15242e-03  -1.41077e-02  -9.42030e-03  -4.43474e-02  -4.61859e-02  -3.00792e-02
T14   -6.71739e-01   6.26050e-03   5.67667e-03   3.20771e-02   2.89896e-02  -6.82886e-03   2.17560e-02   4.90593e-02  -7.05946e-03  -3.28618e-03   2.39423e-02   9.27056e-03   6.69817e-02  -7.13546e-03  -1.15242e-03  -4.06681e-02   2.90388e-02   1.62164e-02  -4.05729e-02  -1.85200e-02   5.73705e-03
T15   -6.13467e-01   1.17654e-02   3.45188e-02  -1.02883e-02   2.77068e-02  -2.47253e-02   1.52450e-02   5.45819e-02  -3.30539e-03   6.51659e-03  -6.51610e-03  -1.36207e-03   4.57423e-02  -9.49769e-04  -1.41077e-02   2.90388e-02  -3.73520e-02  -9.11248e-03  -1.03604e-02  -9.07003e-03  -4.96007e-04
T16   -3.63878e-01  -1.80627e-03   4.16842e-02  -1.83174e-03   1.92915e-02  -5.60360e-04   1.63338e-02   4.82544e-02  -6.84389e-03   1.06375e-02  -1.26182e-02   1.22590e-03   4.90240e-02  -2.12577e-03  -9.42030e-03   1.62164e-02  -9.11248e-03  -4.18753e-02  -7.51813e-03  -9.01273e-03  -1.97974e-02
T17    1.93507e+00   1.08502e-03  -2.02847e-02  -4.53573e-03  -1.45698e-02  -3.58895e-02  -2.91992e-02   7.81750e-04  -6.02164e-03  -4.37856e-02   1.34495e-02  -1.08495e-02   2.52233e-02  -1.31538e-02  -4.43474e-02  -4.05729e-02  -1.03604e-02  -7.51813e-03  -1.69897e-01  -4.86218e-02   2.18389e-03
T18    7.82581e-01   1.42688e-02   7.80423e-03  -2.65865e-02  -8.32840e-03  -1.31252e-02  -4.53759e-03  -1.58201e-03   4.97863e-03  -2.10409e-02  -1.76085e-02  -3.32787e-03  -9.23423e-03  -7.50553e-03  -4.61859e-02  -1.85200e-02  -9.07003e-03  -9.01273e-03  -4.86218e-02  -6.28992e-02  -3.37013e-04
T19    4.32954e-01  -2.17685e-02  -5.23144e-04   2.26368e-02   1.60363e-02  -2.41416e-02   1.27910e-02   8.61299e-03  -5.38112e-03   6.13308e-03  -4.53335e-02  -3.65844e-02   1.54823e-03  -7.90475e-03  -3.00792e-02   5.73705e-03  -4.96007e-04  -1.97974e-02   2.18389e-03  -3.37013e-04  -7.14410e-02
