T0   -4.75155e-01  -1.10033e-01   3.10854e-02   7.99529e-02   6.39551e-02  -2.32689e-02   3.87841e-02   8.91595e-02  -2.28973e-02   2.72023e-02  -5.64641e-02  -7.75329e-02   1.20176e-01  -5.03312e-02  -4.16709e-02   2.05811e-02   3.58217e-02   4.68112e-03  -3.72809e-02  -6.36462e-03  -7.93043e-02
T1   -1.02826e+00   3.10854e-02   1.22791e-01   1.12880e-01  -1.19156e-01   1.55703e-03   1.03867e-01  -1.01195e-01   2.21517e-02   6.61642e-02   7.73132e-02   3.54769e-02   3.49815e-01   3.57955e-02   3.86152e-02   2.43463e-02   5.73060e-02   7.33649e-02  -7.63427e-03   2.73579e-02   3.72152e-02
T2   -7.92063e-01   7.99529e-02   1.12880e-01  -9.98223e-02   4.10221e-02   7.72209e-03   5.23050e-02   1.32167e-01  -8.19572e-03   3.60732e-02   2.76130e-02   9.14897e-02   6.10693e-02   1.55213e-02   1.44637e-02   5.76691e-02  -1.14044e-02   3.07197e-03   4.66706e-03  -3.12216e-02   6.90363e-02
T3   -1.37238e+00   6.39551e-02  -1.19156e-01   4.10221e-02   1.54680e-01   5.65131e-02   1.16306e-01   2.42069e-01   9.29814e-03  -3.90064e-02   7.68539e-02   9.47321e-02  -4.25066e-02   6.17031e-02   6.04307e-02   6.71369e-02   5.59368e-02   4.98852e-02   5.22630e-03  -8.26170e-03   7.44169e-02
T4    2.44584e+00  -2.32689e-02   1.55703e-03   7.72209e-03   5.65131e-02  -6.93855e-01  -7.86987e-03   6.88538e-02  -2.97153e-02  -8.29484e-02  -9.20943e-02  -8.77707e-02   3.12926e-02  -1.38243e-01  -1.30047e-01  -4.10090e-02  -5.97020e-02  -2.52855e-02  -1.19717e-01  -7.40791e-02  -9.51521e-02
T5   -8.37469e-01   3.87841e-02   1.03867e-01   5.23050e-02   1.16306e-01  -7.86987e-03   4.78135e-03   1.69797e-01   5.51535e-02   5.69809e-02   3.59344e-02   1.42602e-02   1.73560e-01   5.96495e-04   1.31878e-02   4.98364e-02   3.81473e-02   3.39828e-02  -3.81563e-02  -3.12259e-03   4.00098e-02
T6   -1.75645e+00   8.91595e-02  -1.01195e-01   1.32167e-01   2.42069e-01   6.88538e-02   1.69797e-01   2.10445e-01   9.62304e-02   1.04035e-02   4.04631e-02   5.34947e-02  -3.30060e-02   6.22098e-02   4.12384e-02   1.24144e-01   1.18071e-01   1.11839e-01   2.89698e-02   2.96408e-03   5.15883e-02
T7   -7.45472e-01  -2.28973e-02   2.21517e-02  -8.19572e-03   9.29814e-03  -2.97153e-02   5.51535e-02   9.62304e-02  -9.21609e-02  -2.26461e-02   3.09852e-02   5.03575e-02   9.21786e-02  -1.27209e-02   1.51354e-02  -1.18722e-02  -1.38557e-02  -1.24172e-02  -1.23759e-02   4.49233e-03   7.09268e-04
T8    3.56677e-01   2.72023e-02   6.61642e-02   3.60732e-02  -3.90064e-02  -8.29484e-02   5.69809e-02   1.04035e-02  -2.26461e-02  -2.03616e-01   3.41247e-02   2.40329e-02   1.87065e-01  -3.55596e-02  -2.34748e-02   7.59269e-03  -1.18067e-02   7.72670e-03  -8.17727e-02  -3.25275e-02   2.24993e-02
T9    9.63339e-01  -5.64641e-02   7.73132e-02   2.76130e-02   7.68539e-02  -9.20943e-02   3.59344e-02   4.04631e-02   3.09852e-02   3.41247e-02  -2.57810e-01  -1.70251e-01   6.02859e-03  -1.15659e-01  -1.69106e-01   5.69456e-02   3.81481e-04  -3.69159e-02  -5.88071e-02  -9.13772e-02  -1.67991e-01
T10    1.87831e-01  -7.75329e-02   3.54769e-02   9.14897e-02   9.47321e-02  -8.77707e-02   1.42602e-02   5.34947e-02   5.03575e-02   2.40329e-02  -1.70251e-01  -2.10102e-01   7.57550e-02  -8.86377e-02  -1.52907e-01   3.44521e-02   1.76138e-02  -6.04979e-04  -9.29421e-02  -5.94686e-02  -1.42598e-01
T11   -1.65470e+00   1.20176e-01   3.49815e-01   6.10693e-02  -4.25066e-02   3.12926e-02   1.73560e-01  -3.30060e-02   9.21786e-02   1.87065e-01   6.02859e-03   7.57550e-02   1.45084e-01   6.55961e-02   3.47263e-02   1.52502e-01   9.36786e-02   1.02014e-01   9.60778e-02  -1.25177e-04   4.45289e-02
T12    1.76043e+00  -5.03312e-02   3.57955e-02   1.55213e-02   6.17031e-02  -1.38243e-01   5.96495e-04   6.22098e-02  -1.27209e-02  -3.55596e-02  -1.15659e-01  -8.86377e-02   6.55961e-02  -3.78477e-01  -1.43131e-01   4.32354e-03   2.36273e-03  -1.26800e-02  -1.01489e-01  -7.36842e-02  -8.55769e-02
T13    1.30378e+00  -4.16709e-02   3.86152e-02   1.44637e-02   6.04307e-02  -1.30047e-01   1.31878e-02   4.12384e-02   1.51354e-02  -2.34748e-02  -1.69106e-01  -1.52907e-01   3.47263e-02  -1.43131e-01  -2.30924e-01   1.29007e-02  -2.62164e-02  -2.84767e-02  -1.59222e-01  -1.35252e-01  -1.26339e-01
T14   -6.92863e-01   2.05811e-02   2.43463e-02   5.76691e-02   6.71369e-02  -4.10090e-02   4.98364e-02   1.24144e-01  -1.18722e-02   7.59269e-03   5.69456e-02   3.44521e-02   1.52502e-01   4.32354e-03   1.29007e-02  -6.29769e-02   4.86786e-02   4.14956e-02  -9.13533e-02  -5.64251e-02   2.01360e-02
T15   -7.28892e-01   3.58217e-02   5.73060e-02  -1.14044e-02   5.59368e-02  -5.97020e-02   3.81473e-02   1.18071e-01  -1.38557e-02  -1.18067e-02   3.81481e-04   1.76138e-02   9.36786e-02   2.36273e-03  -2.62164e-02   4.86786e-02  -4.24540e-02  -7.67943e-03  -2.28308e-02  -1.83329e-02   1.02007e-02
T16   -4.36592e-01   4.68112e-03   7.33649e-02   3.07197e-03   4.98852e-02  -2.52855e-02   3.39828e-02   1.11839e-01  -1.24172e-02   7.72670e-03  -3.69159e-02  -6.04979e-04   1.02014e-01  -1.26800e-02  -2.84767e-02   4.14956e-02  -7.67943e-03  -5.52473e-02  -2.04431e-02  -2.49478e-02  -4.62001e-02
T17    2.04217e+00  -3.72809e-02  -7.63427e-03   4.66706e-03   5.22630e-03  -1.19717e-01  -3.81563e-02   2.89698e-02  -1.23759e-02  -8.17727e-02  -5.88071e-02  -9.29421e-02   9.60778e-02  -1.01489e-01  -1.59222e-01  -9.13533e-02  -2.28308e-02  -2.04431e-02  -3.15230e-01  -1.27440e-01  -5.92877e-02
T18    9.03231e-01  -6.36462e-03   2.73579e-02  -3.12216e-02  -8.26170e-03  -7.40791e-02  -3.12259e-03   2.96408e-03   4.49233e-03  -3.25275e-02  -9.13772e-02  -5.94686e-02  -1.25177e-04  -7.36842e-02  -1.35252e-01  -5.64251e-02  -1.83329e-02  -2.49478e-02  -1.27440e-01  -1.16848e-01  -5.77052e-02
T19    5.57000e-01  -7.93043e-02   3.72152e-02   6.90363e-02   7.44169e-02  -9.51521e-02   4.00098e-02   5.15883e-02   7.09268e-04   2.24993e-02  -1.67991e-01  -1.42598e-01   4.45289e-02  -8.55769e-02  -1.26339e-01   2.01360e-02   1.02007e-02  -4.62001e-02  -5.92877e-02  -5.77052e-02  -1.97791e-01
