T0   -6.84583e-01  -1.88330e-01   1.09789e-01   1.61573e-01   1.98424e-01  -1.02436e-01   1.35036e-01   2.65726e-01  -5.88387e-02   8.79240e-02  -1.10771e-01  -1.16297e-01   2.86780e-01  -9.56847e-02  -1.09391e-01   6.27508e-02   5.34732e-02   1.67335e-02  -9.48781e-02  -3.98871e-02  -1.50043e-01
T1   -6.56450e-01   1.09789e-01   3.09386e-01   1.39078e-01  -3.25631e-01   2.55736e-02   1.58750e-01  -2.92159e-01   4.31354e-04   1.28673e-01   1.54873e-01   1.08154e-01   6.30525e-01   1.33973e-01   5.14250e-02   1.26883e-02   6.51474e-02   7.79687e-02  -8.41503e-02  -8.77801e-03   8.11886e-02
T2   -6.12636e-01   1.61573e-01   1.39078e-01  -1.80414e-01   2.51301e-02   8.97151e-03   7.37177e-02   2.00505e-01  -6.79670e-02   3.97593e-02   1.84118e-01   2.92324e-01   9.00829e-02   1.19020e-01   1.01797e-01   4.55153e-02  -4.80713e-02  -2.71352e-02   3.35966e-02  -4.09071e-03   1.74635e-01
T3   -1.14165e+00   1.98424e-01  -3.25631e-01   2.51301e-02   3.02522e-01   1.07743e-01   2.11947e-01   5.32789e-01  -1.48153e-02  -1.47653e-01   3.11938e-01   3.77496e-01  -2.03465e-01   2.45114e-01   2.47495e-01   1.05335e-01   3.02618e-02   6.58464e-02   6.46406e-02   6.75738e-03   2.32187e-01
T4    2.19250e+00  -1.02436e-01   2.55736e-02   8.97151e-03   1.07743e-01  -1.24172e+00   3.14029e-02   1.75353e-01  -9.48659e-02  -1.46976e-01  -1.87539e-01  -1.90695e-01   9.27660e-02  -2.38046e-01  -3.04173e-01  -1.03152e-01  -9.80113e-02  -4.84673e-02  -3.00026e-01  -1.76302e-01  -2.13256e-01
T5   -6.64879e-01   1.35036e-01   1.58750e-01   7.37177e-02   2.11947e-01   3.14029e-02   9.88925e-02   3.38514e-01   3.15150e-02   1.01765e-01   1.51473e-01   1.73020e-01   2.90793e-01   1.13785e-01   7.80577e-02   5.64823e-02   4.01720e-02   3.39907e-02  -8.37908e-02   9.22610e-03   1.11091e-01
T6   -1.47511e+00   2.65726e-01  -2.92159e-01   2.00505e-01   5.32789e-01   1.75353e-01   3.38514e-01   5.96379e-01   1.34654e-01  -4.31140e-02   2.38857e-01   3.33821e-01  -1.68690e-01   2.74781e-01   2.09513e-01   1.97946e-01   1.33247e-01   1.51782e-01   4.68168e-02   8.52720e-03   1.82691e-01
T7   -5.99900e-01  -5.88387e-02   4.31354e-04  -6.79670e-02  -1.48153e-02  -9.48659e-02   3.15150e-02   1.34654e-01  -1.77097e-01  -4.10501e-02   7.54451e-02   1.17739e-01   9.47867e-02  -2.81393e-02   1.51520e-02  -4.42791e-02  -6.39236e-02  -2.97419e-02  -2.65381e-02  -1.10672e-02   1.70174e-02
T8    4.33796e-01   8.79240e-02   1.28673e-01   3.97593e-02  -1.47653e-01  -1.46976e-01   1.01765e-01  -4.31140e-02  -4.10501e-02  -3.13740e-01   7.45676e-02   9.34658e-02   3.47496e-01  -4.02691e-02  -5.65264e-02  -8.81600e-03  -4.50274e-02  -5.69855e-03  -1.86696e-01  -1.34073e-01   5.04210e-02
T9    4.96062e-01  -1.10771e-01   1.54873e-01   1.84118e-01   3.11938e-01  -1.87539e-01   1.51473e-01   2.38857e-01   7.54451e-02   7.45676e-02  -5.06095e-01  -3.78259e-01   1.48157e-01  -2.49369e-01  -3.98662e-01   1.40068e-01   7.82758e-02  -3.21132e-02  -2.58090e-01  -2.68095e-01  -3.65623e-01
T10   -2.70105e-01  -1.16297e-01   1.08154e-01   2.92324e-01   3.77496e-01  -1.90695e-01   1.73020e-01   3.33821e-01   1.17739e-01   9.34658e-02  -3.78259e-01  -4.22154e-01   2.73928e-01  -2.03418e-01  -3.74319e-01   1.03453e-01   1.28823e-01   5.34233e-02  -2.92820e-01  -2.14440e-01  -3.25297e-01
T11   -1.27439e+00   2.86780e-01   6.30525e-01   9.00829e-02  -2.03465e-01   9.27660e-02   2.90793e-01  -1.68690e-01   9.47867e-02   3.47496e-01   1.48157e-01   2.73928e-01   4.55120e-01   2.56939e-01   1.53126e-01   2.75627e-01   1.17780e-01   1.37005e-01   1.21463e-01  -2.31479e-04   1.44082e-01
T12    1.35002e+00  -9.56847e-02   1.33973e-01   1.19020e-01   2.45114e-01  -2.38046e-01   1.13785e-01   2.74781e-01  -2.81393e-02  -4.02691e-02  -2.49369e-01  -2.03418e-01   2.56939e-01  -5.40797e-01  -3.56477e-01   1.06829e-02   4.66659e-02   2.31845e-03  -3.11758e-01  -2.23868e-01  -2.02982e-01
T13    1.09777e+00  -1.09391e-01   5.14250e-02   1.01797e-01   2.47495e-01  -3.04173e-01   7.80577e-02   2.09513e-01   1.51520e-02  -5.65264e-02  -3.98662e-01  -3.74319e-01   1.53126e-01  -3.56477e-01  -5.38482e-01  -1.59602e-02   7.45429e-03  -3.59107e-02  -4.33852e-01  -3.61703e-01  -3.14121e-01
T14   -4.65680e-01   6.27508e-02   1.26883e-02   4.55153e-02   1.05335e-01  -1.03152e-01   5.64823e-02   1.97946e-01  -4.42791e-02  -8.81600e-03   1.40068e-01   1.03453e-01   2.75627e-01   1.06829e-02  -1.59602e-02  -7.15854e-02   6.15452e-02   5.00601e-02  -2.66705e-01  -1.67583e-01   7.31706e-02
T15   -6.50079e-01   5.34732e-02   6.51474e-02  -4.80713e-02   3.02618e-02  -9.80113e-02   4.01720e-02   1.33247e-01  -6.39236e-02  -4.50274e-02   7.82758e-02   1.28823e-01   1.17780e-01   4.66659e-02   7.45429e-03   6.15452e-02  -8.25844e-02  -2.99593e-02  -2.05915e-02  -5.59603e-03   5.30875e-02
T16   -4.19059e-01   1.67335e-02   7.79687e-02  -2.71352e-02   6.58464e-02  -4.84673e-02   3.39907e-02   1.51782e-01  -2.97419e-02  -5.69855e-03  -3.21132e-02   5.34233e-02   1.37005e-01   2.31845e-03  -3.59107e-02   5.00601e-02  -2.99593e-02  -9.17974e-02  -4.28398e-02  -3.44018e-02  -6.87827e-02
T17    2.16601e+00  -9.48781e-02  -8.41503e-02   3.35966e-02   6.46406e-02  -3.00026e-01  -8.37908e-02   4.68168e-02  -2.65381e-02  -1.86696e-01  -2.58090e-01  -2.92820e-01   1.21463e-01  -3.11758e-01  -4.33852e-01  -2.66705e-01  -2.05915e-02  -4.28398e-02  -5.73492e-01  -3.42720e-01  -2.20414e-01
T18    9.44754e-01  -3.98871e-02  -8.77801e-03  -4.09071e-03   6.75738e-03  -1.76302e-01   9.22610e-03   8.52720e-03  -1.10672e-02  -1.34073e-01  -2.68095e-01  -2.14440e-01  -2.31479e-04  -2.23868e-01  -3.61703e-01  -1.67583e-01  -5.59603e-03  -3.44018e-02  -3.42720e-01  -2.78613e-01  -1.85010e-01
T19    2.33602e-01  -1.50043e-01   8.11886e-02   1.74635e-01   2.32187e-01  -2.13256e-01   1.11091e-01   1.82691e-01   1.70174e-02   5.04210e-02  -3.65623e-01  -3.25297e-01   1.44082e-01  -2.02982e-01  -3.14121e-01   7.31706e-02   5.30875e-02  -6.87827e-02  -2.20414e-01  -1.85010e-01  -3.90572e-01
