T0   -5.66100e-01  -4.15407e-01   1.03806e-01   1.65071e-01   4.01018e-01  -3.71015e-01   2.44025e-01   5.13459e-01  -3.16551e-01   4.33345e-02  -2.97713e-01  -2.10878e-01   4.64957e-01  -2.18247e-01  -3.47332e-01   1.26323e-01  -4.56306e-02  -7.16944e-02  -1.82296e-01  -3.02687e-01  -4.22843e-01
T1   -2.25076e-01   1.03806e-01   4.74343e-01   1.96430e-01  -3.62705e-01  -1.12774e-02   1.80333e-01  -2.44854e-01  -1.23080e-01   3.02668e-02   2.17101e-01   1.25318e-01   9.97866e-01   1.33116e-01  -1.67484e-01   1.31515e-01   8.74373e-02   9.51133e-02  -7.04315e-01  -4.16754e-01   1.56295e-01
T2   -1.26488e-01   1.65071e-01   1.96430e-01  -3.75696e-01   3.55342e-02  -6.90706e-02   1.66646e-01   4.13761e-01  -2.88022e-01   4.73641e-02   3.98716e-01   4.91513e-01   1.80479e-01   2.33755e-01   1.70362e-01   1.87982e-01  -1.84836e-01  -1.17764e-01   6.60493e-02   3.66891e-02   3.19853e-01
T3   -5.87147e-01   4.01018e-01  -3.62705e-01   3.55342e-02   6.16153e-01   2.25741e-01   5.31985e-01   1.08165e+00  -4.78766e-02  -1.31736e-01   6.52807e-01   7.42658e-01  -1.74986e-01   4.76419e-01   5.93740e-01   4.61252e-01  -4.02630e-02  -1.74606e-02   7.55884e-01   5.18660e-01   4.94933e-01
T4    1.76448e+00  -3.71015e-01  -1.12774e-02  -6.90706e-02   2.25741e-01  -2.88918e+00   5.22765e-02   3.88871e-01  -5.35195e-01  -3.10186e-01  -4.00444e-01  -3.45550e-01   3.12013e-01  -5.36982e-01  -6.89695e-01  -3.52028e-02  -3.24558e-01  -2.59831e-01  -7.85456e-01  -5.00146e-01  -5.43079e-01
T5   -9.11171e-02   2.44025e-01   1.80333e-01   1.66646e-01   5.31985e-01   5.22765e-02   2.86412e-01   7.16228e-01   1.85191e-02   1.64134e-01   2.81278e-01   3.68878e-01   3.61654e-01   1.81970e-01   4.52434e-02   2.19806e-01   7.60836e-02   4.18470e-02  -1.46772e-01  -3.84823e-02   2.15669e-01
T6   -7.83730e-01   5.13459e-01  -2.44854e-01   4.13761e-01   1.08165e+00   3.88871e-01   7.16228e-01   1.22671e+00   2.54238e-01   1.45045e-01   5.90517e-01   8.12870e-01  -1.47720e-01   5.34087e-01   4.28088e-01   5.48172e-01   3.06114e-01   2.40594e-01   4.65117e-01   3.16903e-01   4.60734e-01
T7   -2.82321e-01  -3.16551e-01  -1.23080e-01  -2.88022e-01  -4.78766e-02  -5.35195e-01   1.85191e-02   2.54238e-01  -5.15543e-01  -2.62342e-01  -2.23925e-01  -6.17219e-02   1.16885e-01  -2.81841e-01  -3.87732e-01  -2.34554e-01  -3.12760e-01  -2.81292e-01  -4.10291e-01  -4.04165e-01  -3.42836e-01
T8    6.13359e-01   4.33345e-02   3.02668e-02   4.73641e-02  -1.31736e-01  -3.10186e-01   1.64134e-01   1.45045e-01  -2.62342e-01  -5.11552e-01   1.81562e-01   2.05355e-01   3.79912e-01  -6.95649e-02  -2.34613e-01   5.06093e-02  -1.89592e-01  -1.31146e-01  -5.23431e-01  -3.54032e-01   1.01653e-01
T9   -2.07729e-01  -2.97713e-01   2.17101e-01   3.98716e-01   6.52807e-01  -4.00444e-01   2.81278e-01   5.90517e-01  -2.23925e-01   1.81562e-01  -6.78007e-01  -3.35076e-01   4.32645e-01  -3.58739e-01  -4.34616e-01   5.93792e-01   1.20626e-01   1.47411e-01  -2.10717e-01  -2.69493e-01  -5.58231e-01
T10   -8.11802e-01  -2.10878e-01   1.25318e-01   4.91513e-01   7.42658e-01  -3.45550e-01   3.68878e-01   8.12870e-01  -6.17219e-02   2.05355e-01  -3.35076e-01  -3.12257e-01   5.47635e-01  -1.60510e-01  -4.11299e-01   4.37987e-01   2.15402e-01   3.16230e-01  -3.92864e-01  -3.07549e-01  -3.03325e-01
T11   -5.27315e-01   4.64957e-01   9.97866e-01   1.80479e-01  -1.74986e-01   3.12013e-01   3.61654e-01  -1.47720e-01   1.16885e-01   3.79912e-01   4.32645e-01   5.47635e-01   9.95335e-01   4.98786e-01   1.84456e-01   6.42247e-01   2.11785e-01   1.99394e-01  -2.55000e-01  -3.38449e-01   3.42039e-01
T12    1.02518e+00  -2.18247e-01   1.33116e-01   2.33755e-01   4.76419e-01  -5.36982e-01   1.81970e-01   5.34087e-01  -2.81841e-01  -6.95649e-02  -3.58739e-01  -1.60510e-01   4.98786e-01  -7.69428e-01  -6.40239e-01   1.45496e-01   3.52561e-02   5.14242e-02  -6.09777e-01  -5.03685e-01  -3.62670e-01
T13    2.76667e-01  -3.47332e-01  -1.67484e-01   1.70362e-01   5.93740e-01  -6.89695e-01   4.52434e-02   4.28088e-01  -3.87732e-01  -2.34613e-01  -4.34616e-01  -4.11299e-01   1.84456e-01  -6.40239e-01  -8.33726e-01  -1.07620e-01  -2.65164e-02   1.72203e-01  -6.48594e-01  -6.81548e-01  -3.91023e-01
T14   -2.67320e-01   1.26323e-01   1.31515e-01   1.87982e-01   4.61252e-01  -3.52028e-02   2.19806e-01   5.48172e-01  -2.34554e-01   5.06093e-02   5.93792e-01   4.37987e-01   6.42247e-01   1.45496e-01  -1.07620e-01   2.75910e-01   1.89330e-01   3.41283e-01  -6.27302e-01  -3.70506e-01   4.37905e-01
T15   -3.31104e-01  -4.56306e-02   8.74373e-02  -1.84836e-01  -4.02630e-02  -3.24558e-01   7.60836e-02   3.06114e-01  -3.12760e-01  -1.89592e-01   1.20626e-01   2.15402e-01   2.11785e-01   3.52561e-02  -2.65164e-02   1.89330e-01  -3.11409e-01  -2.31380e-01  -7.93791e-03  -2.01227e-02  -8.32314e-02
T16   -2.78467e-01  -7.16944e-02   9.51133e-02  -1.17764e-01  -1.74606e-02  -2.59831e-01   4.18470e-02   2.40594e-01  -2.81292e-01  -1.31146e-01   1.47411e-01   3.16230e-01   1.99394e-01   5.14242e-02   1.72203e-01   3.41283e-01  -2.31380e-01  -3.87950e-01   3.88869e-01   1.32531e-01  -9.13243e-02
T17    1.32078e+00  -1.82296e-01  -7.04315e-01   6.60493e-02   7.55884e-01  -7.85456e-01  -1.46772e-01   4.65117e-01  -4.10291e-01  -5.23431e-01  -2.10717e-01  -3.92864e-01  -2.55000e-01  -6.09777e-01  -6.48594e-01  -6.27302e-01  -7.93791e-03   3.88869e-01  -7.09530e-01  -5.98251e-01  -1.53768e-01
T18    4.18151e-01  -3.02687e-01  -4.16754e-01   3.66891e-02   5.18660e-01  -5.00146e-01  -3.84823e-02   3.16903e-01  -4.04165e-01  -3.54032e-01  -2.69493e-01  -3.07549e-01  -3.38449e-01  -5.03685e-01  -6.81548e-01  -3.70506e-01  -2.01227e-02   1.32531e-01  -5.98251e-01  -6.77426e-01  -2.66668e-01
T19   -3.32897e-01  -4.22843e-01   1.56295e-01   3.19853e-01   4.94933e-01  -5.43079e-01   2.15669e-01   4.60734e-01  -3.42836e-01   1.01653e-01  -5.58231e-01  -3.03325e-01   3.42039e-01  -3.62670e-01  -3.91023e-01   4.37905e-01  -8.32314e-02  -9.13243e-02  -1.53768e-01  -2.66668e-01  -7.12443e-01
