T0   -6.20298e-01  -1.01273e+00  -5.94377e-01   5.23742e-01   7.95298e-01  -1.20377e+00   2.05411e-01   4.28794e-01  -1.27711e+00  -1.84705e-02  -1.09038e+00  -4.26647e-01   3.91121e-01  -7.21705e-01  -3.31448e-01   1.62105e+00  -5.31061e-01  -5.12932e-01  -4.69204e-01  -1.88766e-01  -1.13449e+00
T1   -1.27607e-01  -5.94377e-01  -3.62105e-01  -3.63641e-01  -1.19941e+00  -1.98853e-01  -7.47392e-01  -1.28480e+00  -1.30094e+00  -9.05461e-01  -5.71092e-02  -1.49576e-01   4.43322e-01  -5.39545e-01  -5.65399e-01   6.53253e-01  -5.24643e-01  -2.42444e-01  -1.92465e+00  -1.12345e+00  -1.48534e-01
T2   -1.07979e-02   5.23742e-01  -3.63641e-01  -1.95417e-01   6.02373e-01   4.55018e-01   1.87461e-01   2.62811e-01  -1.09883e+00   4.53115e-02   8.69130e-01   1.90967e+00   1.61021e-01   8.52647e-01   8.46953e-02   2.40590e+00  -4.21957e-01   2.23589e-01  -8.86787e-01  -2.94140e-01   1.25508e+00
T3   -3.37401e-01   7.95298e-01  -1.19941e+00   6.02373e-01   1.53578e+00   4.16008e-01   7.98314e-01   1.19409e+00  -5.98662e-01   3.44866e-01   1.60817e+00   2.17153e+00  -1.95916e-01   8.67191e-01   1.23327e+00   2.72137e+00  -1.71804e-01   6.02757e-01   1.08208e+00   6.52384e-01   1.59973e+00
T4    1.30466e+00  -1.20377e+00  -1.98853e-01   4.55018e-01   4.16008e-01  -3.37293e+00  -4.74227e-03   7.79923e-01  -1.94187e+00  -4.91651e-01  -1.23939e+00  -6.24526e-01   1.53957e-01  -6.60154e-01  -1.44758e+00   1.84553e+00  -1.09869e+00  -4.43666e-01  -1.46548e+00  -9.34132e-01  -1.02138e+00
T5    1.23448e-01   2.05411e-01  -7.47392e-01   1.87461e-01   7.98314e-01  -4.74227e-03  -2.34383e-01   4.99585e-01  -7.71953e-01   8.16933e-03   3.05085e-01   9.53278e-01  -2.65694e-01   3.27890e-01   3.12260e-01   1.48461e+00  -1.41475e-01   9.64358e-02  -9.72286e-01  -2.88769e-01   4.05463e-01
T6   -4.39917e-01   4.28794e-01  -1.28480e+00   2.62811e-01   1.19409e+00   7.79923e-01   4.99585e-01   1.39105e+00  -5.33896e-01   1.12308e-01   4.32025e-01   1.43707e+00  -9.46769e-01   4.48093e-01   1.14978e+00   2.19214e+00   1.44602e-01   2.52868e-01   2.53210e-02   6.32572e-01   4.69279e-01
T7   -4.17844e-01  -1.27711e+00  -1.30094e+00  -1.09883e+00  -5.98662e-01  -1.94187e+00  -7.71953e-01  -5.33896e-01  -1.98725e+00  -1.15585e+00  -1.17783e+00  -7.72737e-01  -5.12732e-01  -1.25129e+00  -1.70804e+00   1.80774e-01  -1.24838e+00  -1.15767e+00  -2.05979e+00  -1.83072e+00  -1.54255e+00
T8    6.19491e-01  -1.84705e-02  -9.05461e-01   4.53115e-02   3.44866e-01  -4.91651e-01   8.16933e-03   1.12308e-01  -1.15585e+00  -1.41273e+00   4.39135e-01   9.94829e-01   3.22737e-02   2.90389e-01  -1.44983e-01   1.19330e+00  -5.43246e-01   1.90769e-01  -1.46900e+00  -8.62137e-01   1.87667e-01
T9   -2.54571e-01  -1.09038e+00  -5.71092e-02   8.69130e-01   1.60817e+00  -1.23939e+00   3.05085e-01   4.32025e-01  -1.17783e+00   4.39135e-01  -1.37069e+00  -6.04251e-01   6.50660e-01  -9.01287e-01  -6.37066e-01   2.32951e+00  -3.21668e-01  -2.02928e-02  -3.39049e-01  -4.01790e-02  -7.80251e-01
T10   -7.77670e-01  -4.26647e-01  -1.49576e-01   1.90967e+00   2.17153e+00  -6.24526e-01   9.53278e-01   1.43707e+00  -7.72737e-01   9.94829e-01  -6.04251e-01   8.73551e-01   1.40964e+00  -8.25961e-02   4.41262e-01   2.53444e+00   4.09882e-01   9.68054e-01   1.87819e-02   6.31333e-01  -3.30596e-01
T11   -2.76557e-01   3.91121e-01   4.43322e-01   1.61021e-01  -1.95916e-01   1.53957e-01  -2.65694e-01  -9.46769e-01  -5.12732e-01   3.22737e-02   6.50660e-01   1.40964e+00   1.10479e+00   3.39509e-01   3.72521e-01   2.57320e+00  -5.31444e-02   2.01024e-01  -1.28275e+00  -8.01285e-01   5.91160e-01
T12    9.51929e-01  -7.21705e-01  -5.39545e-01   8.52647e-01   8.67191e-01  -6.60154e-01   3.27890e-01   4.48093e-01  -1.25129e+00   2.90389e-01  -9.01287e-01  -8.25961e-02   3.39509e-01  -1.29694e+00  -2.92910e-01   2.17980e+00   3.83131e-03   1.57811e-01  -9.42004e-01  -2.97218e-01  -8.50340e-01
T13    6.18132e-02  -3.31448e-01  -5.65399e-01   8.46953e-02   1.23327e+00  -1.44758e+00   3.12260e-01   1.14978e+00  -1.70804e+00  -1.44983e-01  -6.37066e-01   4.41262e-01   3.72521e-01  -2.92910e-01  -1.89296e-01   1.70605e+00   1.20158e-01   5.31875e-01  -4.61872e-01   4.70307e-02  -9.54719e-01
T14   -9.85275e-02   1.62105e+00   6.53253e-01   2.40590e+00   2.72137e+00   1.84553e+00   1.48461e+00   2.19214e+00   1.80774e-01   1.19330e+00   2.32951e+00   2.53444e+00   2.57320e+00   2.17980e+00   1.70605e+00   3.28879e+00   1.93079e+00   2.24118e+00  -3.65857e-01   5.82128e-01   2.29166e+00
T15   -3.08784e-01  -5.31061e-01  -5.24643e-01  -4.21957e-01  -1.71804e-01  -1.09869e+00  -1.41475e-01   1.44602e-01  -1.24838e+00  -5.43246e-01  -3.21668e-01   4.09882e-01  -5.31444e-02   3.83131e-03   1.20158e-01   1.93079e+00  -1.21668e+00  -1.00945e+00  -7.59069e-01  -2.37206e-01  -5.37427e-01
T16   -2.42118e-01  -5.12932e-01  -2.42444e-01   2.23589e-01   6.02757e-01  -4.43666e-01   9.64358e-02   2.52868e-01  -1.15767e+00   1.90769e-01  -2.02928e-02   9.68054e-01   2.01024e-01   1.57811e-01   5.31875e-01   2.24118e+00  -1.00945e+00  -7.29757e-01   5.81402e-02   7.43193e-02   2.31541e-01
T17    1.11723e+00  -4.69204e-01  -1.92465e+00  -8.86787e-01   1.08208e+00  -1.46548e+00  -9.72286e-01   2.53210e-02  -2.05979e+00  -1.46900e+00  -3.39049e-01   1.87819e-02  -1.28275e+00  -9.42004e-01  -4.61872e-01  -3.65857e-01  -7.59069e-01   5.81402e-02  -4.57249e-01  -1.48644e-01  -5.15115e-01
T18    1.95975e-01  -1.88766e-01  -1.12345e+00  -2.94140e-01   6.52384e-01  -9.34132e-01  -2.88769e-01   6.32572e-01  -1.83072e+00  -8.62137e-01  -4.01790e-02   6.31333e-01  -8.01285e-01  -2.97218e-01   4.70307e-02   5.82128e-01  -2.37206e-01   7.43193e-02  -1.48644e-01   2.95572e-01  -6.96169e-01
T19   -4.62454e-01  -1.13449e+00  -1.48534e-01   1.25508e+00   1.59973e+00  -1.02138e+00   4.05463e-01   4.69279e-01  -1.54255e+00   1.87667e-01  -7.80251e-01  -3.30596e-01   5.91160e-01  -8.50340e-01  -9.54719e-01   2.29166e+00  -5.37427e-01   2.31541e-01  -5.15115e-01  -6.96169e-01  -3.22145e-01
