T0   -7.98615e-01  -1.15182e-01   1.97972e-01   2.43195e-01   3.48747e-01  -1.03373e-01   2.40942e-01   4.23057e-01   2.07775e-03   1.17887e-01  -1.81796e-01  -1.71073e-01   4.14927e-01  -9.48841e-02  -1.72950e-01   9.37580e-02   1.45456e-01   3.39265e-02  -1.24195e-01  -7.60422e-02  -2.31915e-01
T1   -5.76926e-01   1.97972e-01   4.26159e-01   1.89020e-01  -3.74717e-01   2.65550e-02   2.03194e-01  -3.21489e-01   2.05857e-02   2.02309e-01   1.48655e-01   9.77495e-02   8.15530e-01   1.44667e-01   3.65277e-02   8.62558e-02   1.16629e-01   1.03012e-01  -1.69315e-01  -4.51659e-02   7.54247e-02
T2   -4.97296e-01   2.43195e-01   1.89020e-01  -2.31166e-01   2.74973e-02   1.68427e-02   1.00833e-01   2.45288e-01  -6.95258e-02   6.19966e-02   1.81129e-01   3.42198e-01   1.52561e-01   1.66170e-01   1.33417e-01   6.31032e-02  -4.66028e-02  -2.87390e-02   5.58515e-02   1.02436e-02   1.81638e-01
T3   -1.02398e+00   3.48747e-01  -3.74717e-01   2.74973e-02   5.07324e-01   1.94537e-01   2.91912e-01   7.91321e-01   3.72663e-02  -2.18557e-01   3.45410e-01   4.81656e-01  -2.37521e-01   3.41583e-01   3.31706e-01   1.81777e-01   3.93052e-02   7.27125e-02   1.12538e-01   4.73372e-02   2.69506e-01
T4    2.02046e+00  -1.03373e-01   2.65550e-02   1.68427e-02   1.94537e-01  -1.58413e+00   3.62690e-02   2.35230e-01  -1.03781e-01  -2.07315e-01  -2.85905e-01  -2.55014e-01   1.24080e-01  -3.05333e-01  -4.03644e-01  -1.33054e-01  -7.19343e-02  -6.54530e-02  -4.08120e-01  -2.69684e-01  -3.02491e-01
T5   -4.90064e-01   2.40942e-01   2.03194e-01   1.00833e-01   2.91912e-01   3.62690e-02   1.50564e-01   4.28581e-01   9.30633e-02   1.48437e-01   1.08392e-01   1.70179e-01   3.48546e-01   1.35148e-01   6.63305e-02   9.67414e-02   7.75319e-02   3.38556e-02  -8.63522e-02   2.53316e-02   7.67932e-02
T6   -1.26015e+00   4.23057e-01  -3.21489e-01   2.45288e-01   7.91321e-01   2.35230e-01   4.28581e-01   8.69284e-01   2.39086e-01  -5.74828e-02   2.35277e-01   3.75381e-01  -1.96560e-01   3.27942e-01   2.54654e-01   2.88010e-01   1.75580e-01   1.63000e-01   1.05564e-01   7.69086e-02   1.72173e-01
T7   -7.25224e-01   2.07775e-03   2.05857e-02  -6.95258e-02   3.72663e-02  -1.03781e-01   9.30633e-02   2.39086e-01  -1.94773e-01  -2.44572e-02   1.20353e-01   1.80042e-01   1.62222e-01   4.56107e-04   4.16416e-03  -3.04561e-02  -6.21814e-02  -2.39353e-02  -6.54702e-02  -1.73034e-02   4.28669e-02
T8    5.13578e-01   1.17887e-01   2.02309e-01   6.19966e-02  -2.18557e-01  -2.07315e-01   1.48437e-01  -5.74828e-02  -2.44572e-02  -3.68114e-01   3.09493e-02   6.13203e-02   4.50563e-01  -5.39377e-02  -1.01459e-01  -1.36357e-02  -7.46273e-02  -4.92463e-02  -2.39364e-01  -1.80254e-01  -5.44102e-03
T9    4.80800e-01  -1.81796e-01   1.48655e-01   1.81129e-01   3.45410e-01  -2.85905e-01   1.08392e-01   2.35277e-01   1.20353e-01   3.09493e-02  -6.41082e-01  -4.73672e-01   1.36169e-01  -3.33147e-01  -4.87784e-01   1.08942e-01   7.77874e-02  -1.00328e-01  -2.86725e-01  -3.88989e-01  -5.24075e-01
T10   -3.48803e-01  -1.71073e-01   9.77495e-02   3.42198e-01   4.81656e-01  -2.55014e-01   1.70179e-01   3.75381e-01   1.80042e-01   6.13203e-02  -4.73672e-01  -4.84305e-01   2.87030e-01  -2.63092e-01  -4.60987e-01   9.36842e-02   1.56350e-01   3.73528e-02  -3.50428e-01  -3.15304e-01  -4.28492e-01
T11   -1.04617e+00   4.14927e-01   8.15530e-01   1.52561e-01  -2.37521e-01   1.24080e-01   3.48546e-01  -1.96560e-01   1.62222e-01   4.50563e-01   1.36169e-01   2.87030e-01   6.77615e-01   3.02634e-01   1.79107e-01   3.99007e-01   1.91215e-01   1.48362e-01   1.10484e-01  -1.60678e-02   1.23626e-01
T12    1.24649e+00  -9.48841e-02   1.44667e-01   1.66170e-01   3.41583e-01  -3.05333e-01   1.35148e-01   3.27942e-01   4.56107e-04  -5.39377e-02  -3.33147e-01  -2.63092e-01   3.02634e-01  -6.50085e-01  -4.63166e-01   8.57498e-03   6.94727e-02   2.26918e-02  -4.05655e-01  -3.04722e-01  -2.86651e-01
T13    8.99619e-01  -1.72950e-01   3.65277e-02   1.33417e-01   3.31706e-01  -4.03644e-01   6.63305e-02   2.54654e-01   4.16416e-03  -1.01459e-01  -4.87784e-01  -4.60987e-01   1.79107e-01  -4.63166e-01  -6.62532e-01  -7.33858e-02   3.19851e-03  -5.14083e-02  -5.10840e-01  -4.73086e-01  -4.19230e-01
T14   -3.74699e-01   9.37580e-02   8.62558e-02   6.31032e-02   1.81777e-01  -1.33054e-01   9.67414e-02   2.88010e-01  -3.04561e-02  -1.36357e-02   1.08942e-01   9.36842e-02   3.99007e-01   8.57498e-03  -7.33858e-02  -8.85238e-02   9.07287e-02   4.59646e-02  -3.81921e-01  -2.52923e-01   3.01350e-02
T15   -6.44676e-01   1.45456e-01   1.16629e-01  -4.66028e-02   3.93052e-02  -7.19343e-02   7.75319e-02   1.75580e-01  -6.21814e-02  -7.46273e-02   7.77874e-02   1.56350e-01   1.91215e-01   6.94727e-02   3.19851e-03   9.07287e-02  -7.09973e-02  -3.17744e-02  -4.30260e-02   1.01982e-03   2.62110e-02
T16   -3.43621e-01   3.39265e-02   1.03012e-01  -2.87390e-02   7.27125e-02  -6.54530e-02   3.38556e-02   1.63000e-01  -2.39353e-02  -4.92463e-02  -1.00328e-01   3.73528e-02   1.48362e-01   2.26918e-02  -5.14083e-02   4.59646e-02  -3.17744e-02  -1.43129e-01  -8.20807e-03  -5.54689e-02  -1.53999e-01
T17    1.83351e+00  -1.24195e-01  -1.69315e-01   5.58515e-02   1.12538e-01  -4.08120e-01  -8.63522e-02   1.05564e-01  -6.54702e-02  -2.39364e-01  -2.86725e-01  -3.50428e-01   1.10484e-01  -4.05655e-01  -5.10840e-01  -3.81921e-01  -4.30260e-02  -8.20807e-03  -6.36048e-01  -3.75376e-01  -2.50008e-01
T18    8.44360e-01  -7.60422e-02  -4.51659e-02   1.02436e-02   4.73372e-02  -2.69684e-01   2.53316e-02   7.69086e-02  -1.73034e-02  -1.80254e-01  -3.88989e-01  -3.15304e-01  -1.60678e-02  -3.04722e-01  -4.73086e-01  -2.52923e-01   1.01982e-03  -5.54689e-02  -3.75376e-01  -3.63214e-01  -3.09914e-01
T19    2.91408e-01  -2.31915e-01   7.54247e-02   1.81638e-01   2.69506e-01  -3.02491e-01   7.67932e-02   1.72173e-01   4.28669e-02  -5.44102e-03  -5.24075e-01  -4.28492e-01   1.23626e-01  -2.86651e-01  -4.19230e-01   3.01350e-02   2.62110e-02  -1.53999e-01  -2.50008e-01  -3.09914e-01  -5.66784e-01
