T0   -4.44868e-01  -5.06607e-02   4.69520e-03   2.34744e-02   5.01864e-03   1.13905e-02   3.91302e-03   1.44569e-02  -1.45677e-02   6.81491e-03   1.63000e-03  -1.31757e-02   3.51717e-02  -3.14061e-03   6.27438e-03   4.37201e-03   1.02781e-02  -9.49205e-04   2.86168e-03   1.40359e-02  -1.53386e-02
T1   -9.07352e-01   4.69520e-03   2.17405e-02   5.59225e-02  -2.02042e-02  -9.14231e-03   4.62558e-02  -1.69612e-02   1.33342e-02   2.54773e-02   9.17678e-03  -1.60523e-02   1.34652e-01  -1.38009e-02  -6.76175e-03   6.75197e-03   2.81820e-02   3.39007e-02  -1.69234e-02   5.76141e-03  -4.42566e-03
T2   -6.23935e-01   2.34744e-02   5.59225e-02  -5.55807e-02   1.51253e-02   9.94771e-03   1.25299e-02   5.00890e-02  -1.07414e-03   2.42287e-02  -8.93739e-03   2.33715e-02   2.18449e-02  -6.24661e-03  -3.18402e-03   2.98649e-02  -8.26350e-03  -2.59720e-03  -6.63426e-03  -2.46146e-02   1.70408e-02
T3   -1.18635e+00   5.01864e-03  -2.02042e-02   1.51253e-02   2.98915e-02   2.61857e-02   3.97427e-02   7.58633e-02   3.85360e-03   3.74975e-03   6.69733e-03   1.67760e-02   6.55354e-04   3.23275e-03   8.19806e-03   2.51191e-02   2.42552e-02   1.56077e-02  -1.50396e-02  -9.97101e-03   1.01126e-02
T4    2.08438e+00   1.13905e-02  -9.14231e-03   9.94771e-03   2.61857e-02  -3.26838e-01  -4.31956e-03   2.71016e-02   1.54668e-03  -4.88970e-02  -1.51894e-02  -1.29038e-02   5.74135e-03  -3.12421e-02  -2.50216e-02  -6.05266e-03  -2.16969e-02   7.59328e-04  -2.65766e-02  -7.08618e-03  -1.42938e-02
T5   -7.03228e-01   3.91302e-03   4.62558e-02   1.25299e-02   3.97427e-02  -4.31956e-03  -3.85527e-02   6.34158e-02   2.72323e-02   1.97132e-02   1.61143e-03  -1.30333e-02   7.35689e-02  -8.61194e-03  -5.98728e-03   2.10467e-02   1.15634e-02   1.24801e-02  -2.69511e-02  -5.16493e-03   9.75864e-03
T6   -1.60774e+00   1.44569e-02  -1.69612e-02   5.00890e-02   7.58633e-02   2.71016e-02   6.34158e-02   4.87684e-02   3.00797e-02   1.10455e-02  -9.52906e-03  -3.51576e-03   3.85785e-04   1.10626e-03  -3.57428e-03   4.21750e-02   4.65448e-02   3.94418e-02  -2.64239e-03  -4.83163e-03   4.75214e-03
T7   -6.05592e-01  -1.45677e-02   1.33342e-02  -1.07414e-03   3.85360e-03   1.54668e-03   2.72323e-02   3.00797e-02  -4.37223e-02  -2.74999e-03   5.72631e-03   1.86738e-02   4.23592e-02  -7.56062e-03   6.48838e-03  -6.41680e-03  -1.12780e-04  -5.31044e-03  -6.36568e-03   2.89579e-03  -6.61493e-03
T8    5.10627e-01   6.81491e-03   2.54773e-02   2.42287e-02   3.74975e-03  -4.88970e-02   1.97132e-02   1.10455e-02  -2.74999e-03  -8.60566e-02  -7.51823e-04  -6.20813e-03   7.79195e-02  -2.71154e-02  -2.16765e-02  -4.09791e-03   9.32447e-03   9.29843e-03  -3.82024e-02  -1.84687e-02   2.47299e-03
T9    7.55262e-01   1.63000e-03   9.17678e-03  -8.93739e-03   6.69733e-03  -1.51894e-02   1.61143e-03  -9.52906e-03   5.72631e-03  -7.51823e-04  -7.62081e-02  -2.81524e-02  -3.04307e-02  -1.18643e-02  -2.93235e-02   1.79374e-02  -6.38944e-03  -9.22344e-03   1.86481e-02  -9.19472e-03  -3.07297e-02
T10    8.85287e-03  -1.31757e-02  -1.60523e-02   2.33715e-02   1.67760e-02  -1.29038e-02  -1.30333e-02  -3.51576e-03   1.86738e-02  -6.20813e-03  -2.81524e-02  -5.58994e-02   5.48137e-03  -3.87538e-03  -2.64754e-02   6.55703e-03  -1.73843e-03   2.15093e-03  -3.94129e-03   1.07446e-03  -2.48784e-02
T11   -1.56579e+00   3.51717e-02   1.34652e-01   2.18449e-02   6.55354e-04   5.74135e-03   7.35689e-02   3.85785e-04   4.23592e-02   7.79195e-02  -3.04307e-02   5.48137e-03   1.26157e-02  -1.10733e-02  -1.13323e-02   5.89408e-02   3.83291e-02   3.98778e-02   1.91840e-02  -1.15761e-02  -2.38169e-03
T12    1.73897e+00  -3.14061e-03  -1.38009e-02  -6.24661e-03   3.23275e-03  -3.12421e-02  -8.61194e-03   1.10626e-03  -7.56062e-03  -2.71154e-02  -1.18643e-02  -3.87538e-03  -1.10733e-02  -2.05246e-01  -1.61098e-02  -7.32026e-03  -2.75589e-04   3.75853e-05  -3.35021e-03   3.19968e-04  -1.91296e-03
T13    1.10567e+00   6.27438e-03  -6.76175e-03  -3.18402e-03   8.19806e-03  -2.50216e-02  -5.98728e-03  -3.57428e-03   6.48838e-03  -2.16765e-02  -2.93235e-02  -2.64754e-02  -1.13323e-02  -1.61098e-02  -6.69798e-02  -3.57463e-03  -1.45073e-02  -6.30320e-03  -3.11794e-02  -3.37170e-02  -1.92719e-02
T14   -6.41890e-01   4.37201e-03   6.75197e-03   2.98649e-02   2.51191e-02  -6.05266e-03   2.10467e-02   4.21750e-02  -6.41680e-03  -4.09791e-03   1.79374e-02   6.55703e-03   5.89408e-02  -7.32026e-03  -3.57463e-03  -3.66640e-02   2.57405e-02   1.20557e-02  -3.92762e-02  -1.53891e-02   3.59814e-03
T15   -5.80761e-01   1.02781e-02   2.81820e-02  -8.26350e-03   2.42552e-02  -2.16969e-02   1.15634e-02   4.65448e-02  -1.12780e-04   9.32447e-03  -6.38944e-03  -1.73843e-03   3.83291e-02  -2.75589e-04  -1.45073e-02   2.57405e-02  -3.46152e-02  -7.68352e-03  -1.01103e-02  -9.87123e-03  -1.85950e-03
T16   -3.46872e-01  -9.49205e-04   3.39007e-02  -2.59720e-03   1.56077e-02   7.59328e-04   1.24801e-02   3.94418e-02  -5.31044e-03   9.29843e-03  -9.22344e-03   2.15093e-03   3.98778e-02   3.75853e-05  -6.30320e-03   1.20557e-02  -7.68352e-03  -3.79997e-02  -6.30957e-03  -8.49411e-03  -1.51568e-02
T17    1.89590e+00   2.86168e-03  -1.69234e-02  -6.63426e-03  -1.50396e-02  -2.65766e-02  -2.69511e-02  -2.64239e-03  -6.36568e-03  -3.82024e-02   1.86481e-02  -3.94129e-03   1.91840e-02  -3.35021e-03  -3.11794e-02  -3.92762e-02  -1.01103e-02  -6.30957e-03  -1.44900e-01  -3.80610e-02   7.97169e-03
T18    7.66376e-01   1.40359e-02   5.76141e-03  -2.46146e-02  -9.97101e-03  -7.08618e-03  -5.16493e-03  -4.83163e-03   2.89579e-03  -1.84687e-02  -9.19472e-03   1.07446e-03  -1.15761e-02   3.19968e-04  -3.37170e-02  -1.53891e-02  -9.87123e-03  -8.49411e-03  -3.80610e-02  -5.35621e-02   4.83685e-03
T19    3.48340e-01  -1.53386e-02  -4.42566e-03   1.70408e-02   1.01126e-02  -1.42938e-02   9.75864e-03   4.75214e-03  -6.61493e-03   2.47299e-03  -3.07297e-02  -2.48784e-02  -2.38169e-03  -1.91296e-03  -1.92719e-02   3.59814e-03  -1.85950e-03  -1.51568e-02   7.97169e-03   4.83685e-03  -5.50749e-02
