T0   -4.45763e-01  -5.02758e-02   4.45564e-03   2.29314e-02   4.80594e-03   1.17170e-02   3.78483e-03   1.43329e-02  -1.45044e-02   6.57749e-03   1.92730e-03  -1.27876e-02   3.46060e-02  -2.86776e-03   6.56129e-03   4.20009e-03   1.00103e-02  -1.00706e-03   3.24189e-03   1.41914e-02  -1.48774e-02
T1   -9.02926e-01   4.45564e-03   2.11659e-02   5.54411e-02  -2.02246e-02  -9.05573e-03   4.58576e-02  -1.68646e-02   1.33169e-02   2.52623e-02   8.92879e-03  -1.56637e-02   1.33185e-01  -1.34315e-02  -7.13712e-03   6.82242e-03   2.77349e-02   3.34842e-02  -1.76143e-02   5.38685e-03  -4.62093e-03
T2   -6.19573e-01   2.29314e-02   5.54411e-02  -5.54330e-02   1.47859e-02   9.73248e-03   1.21775e-02   4.92735e-02  -8.52323e-04   2.42926e-02  -8.98032e-03   2.32349e-02   2.14373e-02  -6.28788e-03  -3.19087e-03   2.97234e-02  -8.10921e-03  -2.43140e-03  -6.54751e-03  -2.46999e-02   1.66245e-02
T3   -1.18097e+00   4.80594e-03  -2.02246e-02   1.47859e-02   2.94321e-02   2.58936e-02   3.91673e-02   7.48386e-02   4.15607e-03   3.75284e-03   6.12980e-03   1.64257e-02   5.15744e-04   3.26044e-03   7.93136e-03   2.46905e-02   2.42637e-02   1.52471e-02  -1.50901e-02  -9.94722e-03   9.98857e-03
T4    2.08050e+00   1.17170e-02  -9.05573e-03   9.73248e-03   2.58936e-02  -3.24015e-01  -4.43368e-03   2.59741e-02   1.40221e-03  -4.86724e-02  -1.47429e-02  -1.27334e-02   6.13876e-03  -3.06496e-02  -2.46089e-02  -6.07839e-03  -2.14915e-02   7.93812e-04  -2.55524e-02  -6.76732e-03  -1.35226e-02
T5   -7.00161e-01   3.78483e-03   4.58576e-02   1.21775e-02   3.91673e-02  -4.43368e-03  -3.96248e-02   6.30261e-02   2.69663e-02   1.95404e-02   1.38213e-03  -1.30017e-02   7.28770e-02  -8.78000e-03  -6.26849e-03   2.11171e-02   1.15661e-02   1.24947e-02  -2.59255e-02  -5.51835e-03   9.72794e-03
T6   -1.60319e+00   1.43329e-02  -1.68646e-02   4.92735e-02   7.48386e-02   2.59741e-02   6.30261e-02   4.79225e-02   2.97649e-02   1.11001e-02  -9.67399e-03  -3.71047e-03   5.52713e-04   7.35138e-04  -3.51679e-03   4.18358e-02   4.59748e-02   3.89229e-02  -2.62199e-03  -5.18418e-03   4.47175e-03
T7   -6.03079e-01  -1.45044e-02   1.33169e-02  -8.52323e-04   4.15607e-03   1.40221e-03   2.69663e-02   2.97649e-02  -4.32059e-02  -2.78299e-03   5.37396e-03   1.85030e-02   4.21187e-02  -7.55407e-03   5.90860e-03  -6.40575e-03   6.94564e-05  -4.99165e-03  -6.68322e-03   2.93394e-03  -6.96033e-03
T8    5.13598e-01   6.57749e-03   2.52623e-02   2.42926e-02   3.75284e-03  -4.86724e-02   1.95404e-02   1.11001e-02  -2.78299e-03  -8.52466e-02  -9.37974e-04  -6.27464e-03   7.69425e-02  -2.73513e-02  -2.18199e-02  -4.13172e-03   9.62318e-03   9.13412e-03  -3.74155e-02  -1.82307e-02   2.45630e-03
T9    7.47609e-01   1.92730e-03   8.92879e-03  -8.98032e-03   6.12980e-03  -1.47429e-02   1.38213e-03  -9.67399e-03   5.37396e-03  -9.37974e-04  -7.51460e-02  -2.73352e-02  -3.00684e-02  -1.16578e-02  -2.85360e-02   1.78025e-02  -6.32059e-03  -8.83709e-03   1.84782e-02  -8.68827e-03  -2.97054e-02
T10    2.88010e-03  -1.27876e-02  -1.56637e-02   2.32349e-02   1.64257e-02  -1.27334e-02  -1.30017e-02  -3.71047e-03   1.85030e-02  -6.27464e-03  -2.73352e-02  -5.50496e-02   4.97058e-03  -3.80860e-03  -2.55426e-02   6.15880e-03  -1.87289e-03   2.24164e-03  -3.53531e-03   1.42848e-03  -2.43432e-02
T11   -1.56138e+00   3.46060e-02   1.33185e-01   2.14373e-02   5.15744e-04   6.13876e-03   7.28770e-02   5.52713e-04   4.21187e-02   7.69425e-02  -3.00684e-02   4.97058e-03   1.25424e-02  -1.10758e-02  -1.18865e-02   5.85067e-02   3.76386e-02   3.95113e-02   1.94215e-02  -1.20433e-02  -2.68368e-03
T12    1.73609e+00  -2.86776e-03  -1.34315e-02  -6.28788e-03   3.26044e-03  -3.06496e-02  -8.78000e-03   7.35138e-04  -7.55407e-03  -2.73513e-02  -1.16578e-02  -3.80860e-03  -1.10758e-02  -2.04024e-01  -1.49809e-02  -7.43656e-03  -3.50120e-04  -1.62437e-04  -2.89297e-03   1.14085e-03  -1.21843e-03
T13    1.10054e+00   6.56129e-03  -7.13712e-03  -3.19087e-03   7.93136e-03  -2.46089e-02  -6.26849e-03  -3.51679e-03   5.90860e-03  -2.18199e-02  -2.85360e-02  -2.55426e-02  -1.18865e-02  -1.49809e-02  -6.57063e-02  -3.61347e-03  -1.43776e-02  -6.33519e-03  -3.07400e-02  -3.27459e-02  -1.86731e-02
T14   -6.39528e-01   4.20009e-03   6.82242e-03   2.97234e-02   2.46905e-02  -6.07839e-03   2.11171e-02   4.18358e-02  -6.40575e-03  -4.13172e-03   1.78025e-02   6.15880e-03   5.85067e-02  -7.43656e-03  -3.61347e-03  -3.59983e-02   2.59390e-02   1.18106e-02  -3.90308e-02  -1.55442e-02   3.14094e-03
T15   -5.78006e-01   1.00103e-02   2.77349e-02  -8.10921e-03   2.42637e-02  -2.14915e-02   1.15661e-02   4.59748e-02   6.94564e-05   9.62318e-03  -6.32059e-03  -1.87289e-03   3.76386e-02  -3.50120e-04  -1.43776e-02   2.59390e-02  -3.44749e-02  -7.72159e-03  -1.04373e-02  -9.97378e-03  -1.93105e-03
T16   -3.46144e-01  -1.00706e-03   3.34842e-02  -2.43140e-03   1.52471e-02   7.93812e-04   1.24947e-02   3.89229e-02  -4.99165e-03   9.13412e-03  -8.83709e-03   2.24164e-03   3.95113e-02  -1.62437e-04  -6.33519e-03   1.18106e-02  -7.72159e-03  -3.77910e-02  -6.20491e-03  -8.52879e-03  -1.50225e-02
T17    1.89073e+00   3.24189e-03  -1.76143e-02  -6.54751e-03  -1.50901e-02  -2.55524e-02  -2.59255e-02  -2.62199e-03  -6.68322e-03  -3.74155e-02   1.84782e-02  -3.53531e-03   1.94215e-02  -2.89297e-03  -3.07400e-02  -3.90308e-02  -1.04373e-02  -6.20491e-03  -1.43938e-01  -3.70783e-02   8.69589e-03
T18    7.66213e-01   1.41914e-02   5.38685e-03  -2.46999e-02  -9.94722e-03  -6.76732e-03  -5.51835e-03  -5.18418e-03   2.93394e-03  -1.82307e-02  -8.68827e-03   1.42848e-03  -1.20433e-02   1.14085e-03  -3.27459e-02  -1.55442e-02  -9.97378e-03  -8.52879e-03  -3.70783e-02  -5.31361e-02   5.09300e-03
T19    3.42562e-01  -1.48774e-02  -4.62093e-03   1.66245e-02   9.98857e-03  -1.35226e-02   9.72794e-03   4.47175e-03  -6.96033e-03   2.45630e-03  -2.97054e-02  -2.43432e-02  -2.68368e-03  -1.21843e-03  -1.86731e-02   3.14094e-03  -1.93105e-03  -1.50225e-02   8.69589e-03   5.09300e-03  -5.39687e-02
