T0   -5.12224e-01  -1.46069e-01   9.08163e-02   1.10826e-01   1.09728e-01  -7.39381e-02   7.72453e-02   1.63701e-01  -5.30778e-02   5.11089e-02  -9.69892e-02  -1.13941e-01   2.29447e-01  -8.29792e-02  -7.35848e-02   2.28267e-02   3.49577e-02  -7.06093e-03  -4.20978e-02  -1.63653e-02  -1.30336e-01
T1   -9.07882e-01   9.08163e-02   2.05138e-01   1.00347e-01  -2.60743e-01   3.10566e-02   1.11046e-01  -2.34879e-01  -3.59245e-03   8.30115e-02   1.66333e-01   1.13984e-01   4.77099e-01   1.09918e-01   7.59954e-02   5.53413e-03   4.41989e-02   7.57509e-02  -1.03676e-02   3.34371e-02   1.03850e-01
T2   -6.53411e-01   1.10826e-01   1.00347e-01  -1.64260e-01   7.42624e-03  -1.05050e-03   2.79655e-02   1.28674e-01  -3.19676e-02   2.60096e-02   1.01090e-01   1.79403e-01   4.30444e-02   4.83782e-02   5.66111e-02   4.62129e-02  -3.68037e-02  -1.51483e-02   1.46815e-02  -2.13050e-02   1.13124e-01
T3   -1.17469e+00   1.09728e-01  -2.60743e-01   7.42624e-03   1.82000e-01   7.20584e-02   9.65679e-02   2.92170e-01   1.49129e-02  -1.16881e-01   1.86197e-01   2.14179e-01  -1.83129e-01   1.21512e-01   1.57333e-01   7.14559e-02   3.57583e-02   4.67525e-02   3.09902e-02  -7.42063e-03   1.43136e-01
T4    2.53126e+00  -7.39381e-02   3.10566e-02  -1.05050e-03   7.20584e-02  -8.84374e-01   1.70683e-02   1.16307e-01  -7.93202e-02  -1.07770e-01  -1.55731e-01  -1.55868e-01   8.51078e-02  -1.98951e-01  -2.09608e-01  -7.54396e-02  -8.98607e-02  -6.23252e-02  -1.91323e-01  -1.08837e-01  -1.68073e-01
T5   -7.69242e-01   7.72453e-02   1.11046e-01   2.79655e-02   9.65679e-02   1.70683e-02   1.24855e-02   1.98636e-01   3.75134e-02   5.33316e-02   1.21885e-01   1.15572e-01   2.11974e-01   4.47559e-02   6.09591e-02   3.73273e-02   1.44138e-02   2.38083e-02  -3.35821e-02   1.40448e-02   9.21562e-02
T6   -1.59293e+00   1.63701e-01  -2.34879e-01   1.28674e-01   2.92170e-01   1.16307e-01   1.98636e-01   2.66114e-01   1.24260e-01  -5.07577e-02   1.60167e-01   2.06545e-01  -1.52224e-01   1.60042e-01   1.41967e-01   1.43282e-01   1.07161e-01   1.16397e-01   4.30830e-02   3.03141e-03   1.33284e-01
T7   -5.40033e-01  -5.30778e-02  -3.59245e-03  -3.19676e-02   1.49129e-02  -7.93202e-02   3.75134e-02   1.24260e-01  -1.09361e-01  -3.72410e-02   1.37882e-02   3.34846e-02   7.77059e-02  -4.18328e-02  -4.30002e-03  -2.16521e-02  -3.09339e-02  -2.90654e-02  -3.16411e-02  -8.92177e-03  -2.56545e-02
T8    3.98103e-01   5.11089e-02   8.30115e-02   2.60096e-02  -1.16881e-01  -1.07770e-01   5.33316e-02  -5.07577e-02  -3.72410e-02  -2.89691e-01   7.81401e-02   7.52860e-02   2.35009e-01  -3.20350e-02  -2.64196e-02   6.07456e-03  -3.73202e-02   3.98344e-05  -1.07348e-01  -6.66155e-02   4.93153e-02
T9    6.29215e-01  -9.69892e-02   1.66333e-01   1.01090e-01   1.86197e-01  -1.55731e-01   1.21885e-01   1.60167e-01   1.37882e-02   7.81401e-02  -3.41274e-01  -2.44753e-01   1.34874e-01  -1.72657e-01  -2.48105e-01   8.57602e-02   2.46381e-02  -2.64007e-02  -1.23118e-01  -1.39678e-01  -2.36236e-01
T10   -1.00828e-01  -1.13941e-01   1.13984e-01   1.79403e-01   2.14179e-01  -1.55868e-01   1.15572e-01   2.06545e-01   3.34846e-02   7.52860e-02  -2.44753e-01  -2.88131e-01   2.33428e-01  -1.45894e-01  -2.32220e-01   5.46911e-02   5.01612e-02   2.12102e-02  -1.62486e-01  -9.76865e-02  -2.09239e-01
T11   -1.56554e+00   2.29447e-01   4.77099e-01   4.30444e-02  -1.83129e-01   8.51078e-02   2.11974e-01  -1.52224e-01   7.77059e-02   2.35009e-01   1.34874e-01   2.33428e-01   2.87709e-01   1.95260e-01   1.33733e-01   1.95245e-01   8.40704e-02   1.17748e-01   1.50875e-01   1.27057e-02   1.37060e-01
T12    1.59101e+00  -8.29792e-02   1.09918e-01   4.83782e-02   1.21512e-01  -1.98951e-01   4.47559e-02   1.60042e-01  -4.18328e-02  -3.20350e-02  -1.72657e-01  -1.45894e-01   1.95260e-01  -4.48538e-01  -2.26212e-01   4.20108e-04  -6.10935e-04  -1.91222e-02  -1.74793e-01  -1.08132e-01  -1.38119e-01
T13    1.10418e+00  -7.35848e-02   7.59954e-02   5.66111e-02   1.57333e-01  -2.09608e-01   6.09591e-02   1.41967e-01  -4.30002e-03  -2.64196e-02  -2.48105e-01  -2.32220e-01   1.33733e-01  -2.26212e-01  -3.35103e-01   6.40760e-04  -1.29904e-02  -1.68790e-02  -2.41506e-01  -1.96942e-01  -1.89811e-01
T14   -5.31816e-01   2.28267e-02   5.53413e-03   4.62129e-02   7.14559e-02  -7.54396e-02   3.73273e-02   1.43282e-01  -2.16521e-02   6.07456e-03   8.57602e-02   5.46911e-02   1.95245e-01   4.20108e-04   6.40760e-04  -8.30839e-02   4.64024e-02   4.77245e-02  -1.44214e-01  -9.52638e-02   3.90373e-02
T15   -6.21069e-01   3.49577e-02   4.41989e-02  -3.68037e-02   3.57583e-02  -8.98607e-02   1.44138e-02   1.07161e-01  -3.09339e-02  -3.73202e-02   2.46381e-02   5.01612e-02   8.40704e-02  -6.10935e-04  -1.29904e-02   4.64024e-02  -6.85308e-02  -2.90667e-02  -1.18315e-02  -1.68705e-02   2.19099e-02
T16   -4.13960e-01  -7.06093e-03   7.57509e-02  -1.51483e-02   4.67525e-02  -6.23252e-02   2.38083e-02   1.16397e-01  -2.90654e-02   3.98344e-05  -2.64007e-02   2.12102e-02   1.17748e-01  -1.91222e-02  -1.68790e-02   4.77245e-02  -2.90667e-02  -8.07834e-02  -3.97806e-03  -2.52241e-02  -5.21613e-02
T17    1.97044e+00  -4.20978e-02  -1.03676e-02   1.46815e-02   3.09902e-02  -1.91323e-01  -3.35821e-02   4.30830e-02  -3.16411e-02  -1.07348e-01  -1.23118e-01  -1.62486e-01   1.50875e-01  -1.74793e-01  -2.41506e-01  -1.44214e-01  -1.18315e-02  -3.97806e-03  -4.15678e-01  -1.79529e-01  -1.09551e-01
T18    7.92682e-01  -1.63653e-02   3.34371e-02  -2.13050e-02  -7.42063e-03  -1.08837e-01   1.40448e-02   3.03141e-03  -8.92177e-03  -6.66155e-02  -1.39678e-01  -9.76865e-02   1.27057e-02  -1.08132e-01  -1.96942e-01  -9.52638e-02  -1.68705e-02  -2.52241e-02  -1.79529e-01  -1.54160e-01  -9.14937e-02
T19    3.66737e-01  -1.30336e-01   1.03850e-01   1.13124e-01   1.43136e-01  -1.68073e-01   9.21562e-02   1.33284e-01  -2.56545e-02   4.93153e-02  -2.36236e-01  -2.09239e-01   1.37060e-01  -1.38119e-01  -1.89811e-01   3.90373e-02   2.19099e-02  -5.21613e-02  -1.09551e-01  -9.14937e-02  -2.67009e-01
