T0   -4.05186e-01  -1.21161e-01   3.95770e-02   7.51346e-02   6.38030e-02  -4.00221e-02   4.26874e-02   9.37733e-02  -2.63597e-02   3.38614e-02  -6.86076e-02  -8.68492e-02   1.40680e-01  -5.92584e-02  -4.13992e-02   1.49316e-02   2.63914e-02  -6.18527e-03  -3.36735e-02   3.58045e-04  -9.30309e-02
T1   -1.05213e+00   3.95770e-02   1.28987e-01   8.97822e-02  -1.67319e-01   8.67631e-03   9.56014e-02  -1.40058e-01   5.74160e-03   5.52454e-02   1.15719e-01   7.33878e-02   3.62694e-01   6.96019e-02   6.13909e-02   9.66531e-03   4.29201e-02   6.90143e-02   2.22599e-03   3.76668e-02   5.76226e-02
T2   -7.41950e-01   7.51346e-02   8.97822e-02  -1.15928e-01   2.15435e-02   3.51790e-03   3.23954e-02   1.13762e-01  -1.23859e-02   2.14664e-02   4.47066e-02   1.08588e-01   3.93764e-02   1.38064e-02   2.85793e-02   4.85281e-02  -2.07752e-02  -2.12296e-03   9.16113e-03  -2.61930e-02   7.97220e-02
T3   -1.30597e+00   6.38030e-02  -1.67319e-01   2.15435e-02   1.33967e-01   5.61595e-02   9.12415e-02   2.21064e-01   8.73842e-03  -6.84130e-02   1.07974e-01   1.19896e-01  -9.83140e-02   7.11376e-02   9.27634e-02   5.48426e-02   4.15819e-02   4.25598e-02   1.57217e-02  -2.16488e-03   9.98042e-02
T4    2.57702e+00  -4.00221e-02   8.67631e-03   3.51790e-03   5.61595e-02  -6.87597e-01   4.34858e-04   7.80708e-02  -3.52320e-02  -8.58684e-02  -1.08826e-01  -1.06346e-01   4.60988e-02  -1.41912e-01  -1.43925e-01  -5.16382e-02  -6.22671e-02  -3.55350e-02  -1.26441e-01  -7.25289e-02  -1.13720e-01
T5   -8.56338e-01   4.26874e-02   9.56014e-02   3.23954e-02   9.12415e-02   4.34858e-04  -1.99468e-03   1.58550e-01   3.83902e-02   5.08351e-02   6.63054e-02   4.54147e-02   1.77312e-01   1.72970e-02   3.73414e-02   2.95313e-02   2.38157e-02   2.71771e-02  -2.53165e-02   6.50479e-03   5.91272e-02
T6   -1.74323e+00   9.37733e-02  -1.40058e-01   1.13762e-01   2.21064e-01   7.80708e-02   1.58550e-01   1.84508e-01   9.30191e-02  -1.16258e-02   8.33266e-02   9.93944e-02  -7.36341e-02   8.22299e-02   8.06283e-02   1.09690e-01   9.85132e-02   1.07151e-01   3.29964e-02   7.84173e-03   8.09779e-02
T7   -6.12307e-01  -2.63597e-02   5.74160e-03  -1.23859e-02   8.73842e-03  -3.52320e-02   3.83902e-02   9.30191e-02  -9.08745e-02  -3.70010e-02   1.78631e-02   2.98975e-02   7.54798e-02  -2.92713e-02  -5.28780e-03  -1.20342e-02  -1.46063e-02  -1.24626e-02  -2.26144e-02  -6.94709e-03  -1.29349e-02
T8    3.34412e-01   3.38614e-02   5.52454e-02   2.14664e-02  -6.84130e-02  -8.58684e-02   5.08351e-02  -1.16258e-02  -3.70010e-02  -2.14092e-01   5.63658e-02   4.45225e-02   1.90437e-01  -3.11938e-02  -1.79667e-02   1.06432e-02  -1.84586e-02   5.11485e-03  -8.09460e-02  -3.91560e-02   3.81216e-02
T9    8.69919e-01  -6.86076e-02   1.15719e-01   4.47066e-02   1.07974e-01  -1.08826e-01   6.63054e-02   8.33266e-02   1.78631e-02   5.63658e-02  -2.62668e-01  -1.78092e-01   5.80466e-02  -1.20049e-01  -1.75083e-01   5.23912e-02   2.27634e-03  -3.57635e-02  -6.80834e-02  -8.84550e-02  -1.73853e-01
T10    1.27617e-01  -8.68492e-02   7.33878e-02   1.08588e-01   1.19896e-01  -1.06346e-01   4.54147e-02   9.93944e-02   2.98975e-02   4.45225e-02  -1.78092e-01  -2.17922e-01   1.39032e-01  -1.00626e-01  -1.59694e-01   3.33142e-02   1.71518e-02  -2.87255e-03  -9.92479e-02  -5.46749e-02  -1.51668e-01
T11   -1.74581e+00   1.40680e-01   3.62694e-01   3.93764e-02  -9.83140e-02   4.60988e-02   1.77312e-01  -7.36341e-02   7.54798e-02   1.90437e-01   5.80466e-02   1.39032e-01   1.70656e-01   1.06537e-01   7.95175e-02   1.45116e-01   7.93478e-02   1.01976e-01   1.26767e-01   1.72862e-02   7.72446e-02
T12    1.75593e+00  -5.92584e-02   6.96019e-02   1.38064e-02   7.11376e-02  -1.41912e-01   1.72970e-02   8.22299e-02  -2.92713e-02  -3.11938e-02  -1.20049e-01  -1.00626e-01   1.06537e-01  -3.78027e-01  -1.49834e-01  -2.90554e-03  -2.92810e-03  -2.29950e-02  -9.75510e-02  -7.13967e-02  -9.36818e-02
T13    1.18907e+00  -4.13992e-02   6.13909e-02   2.85793e-02   9.27634e-02  -1.43925e-01   3.73414e-02   8.06283e-02  -5.28780e-03  -1.79667e-02  -1.75083e-01  -1.59694e-01   7.95175e-02  -1.49834e-01  -2.39578e-01   1.67747e-02  -1.64722e-02  -1.79091e-02  -1.69977e-01  -1.38419e-01  -1.30362e-01
T14   -6.04115e-01   1.49316e-02   9.66531e-03   4.85281e-02   5.48426e-02  -5.16382e-02   2.95313e-02   1.09690e-01  -1.20342e-02   1.06432e-02   5.23912e-02   3.33142e-02   1.45116e-01  -2.90554e-03   1.67747e-02  -7.93045e-02   4.28340e-02   3.87565e-02  -9.18184e-02  -5.51951e-02   1.93848e-02
T15   -6.56503e-01   2.63914e-02   4.29201e-02  -2.07752e-02   4.15819e-02  -6.22671e-02   2.38157e-02   9.85132e-02  -1.46063e-02  -1.84586e-02   2.27634e-03   1.71518e-02   7.93478e-02  -2.92810e-03  -1.64722e-02   4.28340e-02  -5.34903e-02  -1.41655e-02  -1.81961e-02  -1.27713e-02   9.99222e-03
T16   -4.04137e-01  -6.18527e-03   6.90143e-02  -2.12296e-03   4.25598e-02  -3.55350e-02   2.71771e-02   1.07151e-01  -1.24626e-02   5.11485e-03  -3.57635e-02  -2.87255e-03   1.01976e-01  -2.29950e-02  -1.79091e-02   3.87565e-02  -1.41655e-02  -6.37332e-02  -1.08062e-02  -1.63071e-02  -5.10228e-02
T17    1.98370e+00  -3.36735e-02   2.22599e-03   9.16113e-03   1.57217e-02  -1.26441e-01  -2.53165e-02   3.29964e-02  -2.26144e-02  -8.09460e-02  -6.80834e-02  -9.92479e-02   1.26767e-01  -9.75510e-02  -1.69977e-01  -9.18184e-02  -1.81961e-02  -1.08062e-02  -3.29656e-01  -1.28193e-01  -6.57533e-02
T18    7.58092e-01   3.58045e-04   3.76668e-02  -2.61930e-02  -2.16488e-03  -7.25289e-02   6.50479e-03   7.84173e-03  -6.94709e-03  -3.91560e-02  -8.84550e-02  -5.46749e-02   1.72862e-02  -7.13967e-02  -1.38419e-01  -5.51951e-02  -1.27713e-02  -1.63071e-02  -1.28193e-01  -1.14897e-01  -5.33479e-02
T19    5.31917e-01  -9.30309e-02   5.76226e-02   7.97220e-02   9.98042e-02  -1.13720e-01   5.91272e-02   8.09779e-02  -1.29349e-02   3.81216e-02  -1.73853e-01  -1.51668e-01   7.72446e-02  -9.36818e-02  -1.30362e-01   1.93848e-02   9.99222e-03  -5.10228e-02  -6.57533e-02  -5.33479e-02  -2.03114e-01
