T0   -7.88732e-01  -1.76350e-01   2.26938e-01   2.04014e-01   2.63871e-01  -1.50732e-01   1.97082e-01   3.65035e-01  -4.41955e-02   1.07916e-01  -1.65417e-01  -1.45290e-01   4.24908e-01  -1.06956e-01  -1.34173e-01   5.81320e-02   7.58484e-02   2.41150e-02  -1.03056e-01  -3.09795e-02  -2.10092e-01
T1   -6.80950e-01   2.26938e-01   4.14345e-01   1.75402e-01  -4.43547e-01   9.11950e-02   1.50193e-01  -4.43512e-01   3.39403e-02   1.85181e-01   1.97161e-01   1.09937e-01   8.19625e-01   1.34702e-01   4.24681e-02   4.97012e-02   1.08233e-01   1.21500e-01  -1.64098e-01  -5.76038e-02   1.86296e-01
T2   -6.24814e-01   2.04014e-01   1.75402e-01  -1.93859e-01   3.83300e-02   6.13641e-03   8.28810e-02   2.13145e-01  -5.80748e-02   5.40603e-02   2.24309e-01   3.28977e-01   1.39849e-01   1.41747e-01   1.22104e-01   5.55322e-02  -3.46186e-02  -5.94563e-03   1.95906e-02  -1.41577e-02   2.07939e-01
T3   -1.09504e+00   2.63871e-01  -4.43547e-01   3.83300e-02   3.86325e-01   1.57914e-01   2.18942e-01   6.16793e-01   4.49989e-02  -2.14566e-01   3.91285e-01   4.67163e-01  -3.14888e-01   2.92216e-01   3.03099e-01   1.81018e-01   4.19895e-02   1.03601e-01   4.86504e-02  -3.77638e-02   3.08111e-01
T4    2.21253e+00  -1.50732e-01   9.11950e-02   6.13641e-03   1.57914e-01  -1.37759e+00   5.92481e-02   2.54902e-01  -1.53272e-01  -1.90827e-01  -2.86486e-01  -2.66735e-01   1.85750e-01  -3.24838e-01  -3.84783e-01  -1.27400e-01  -1.08165e-01  -7.88837e-02  -3.56690e-01  -2.06481e-01  -3.01035e-01
T5   -6.51907e-01   1.97082e-01   1.50193e-01   8.28810e-02   2.18942e-01   5.92481e-02   8.50034e-02   3.46269e-01   6.54807e-02   1.25680e-01   1.85628e-01   1.99091e-01   3.13430e-01   9.10870e-02   9.42659e-02   7.12355e-02   7.00500e-02   6.25400e-02  -1.06913e-01  -2.51280e-03   1.77620e-01
T6   -1.38343e+00   3.65035e-01  -4.43512e-01   2.13145e-01   6.16793e-01   2.54902e-01   3.46269e-01   6.50728e-01   2.32117e-01  -1.09068e-01   3.22640e-01   3.91667e-01  -2.95930e-01   2.85976e-01   2.48904e-01   2.83670e-01   1.72947e-01   2.04765e-01   1.61233e-02  -2.96871e-02   2.84016e-01
T7   -7.38900e-01  -4.41955e-02   3.39403e-02  -5.80748e-02   4.49989e-02  -1.53272e-01   6.54807e-02   2.32117e-01  -1.57566e-01  -3.30461e-02   7.74184e-02   1.44183e-01   1.53946e-01  -2.42099e-02  -7.71466e-03  -3.35496e-02  -5.35015e-02  -1.90915e-02  -4.67754e-02  -2.96634e-02   1.28248e-02
T8    4.12957e-01   1.07916e-01   1.85181e-01   5.40603e-02  -2.14566e-01  -1.90827e-01   1.25680e-01  -1.09068e-01  -3.30461e-02  -3.77811e-01   9.57436e-02   9.28093e-02   4.33059e-01  -4.52050e-02  -6.83030e-02   1.19006e-02  -4.69082e-02   6.53142e-04  -2.47120e-01  -1.83510e-01   8.09644e-02
T9    5.47955e-01  -1.65417e-01   1.97161e-01   2.24309e-01   3.91285e-01  -2.86486e-01   1.85628e-01   3.22640e-01   7.74184e-02   9.57436e-02  -5.83974e-01  -4.68555e-01   2.43067e-01  -3.42326e-01  -4.78670e-01   1.12238e-01   7.38564e-02  -5.55710e-02  -3.35865e-01  -3.16666e-01  -4.32469e-01
T10   -1.58505e-01  -1.45290e-01   1.09937e-01   3.28977e-01   4.67163e-01  -2.66735e-01   1.99091e-01   3.91667e-01   1.44183e-01   9.28093e-02  -4.68555e-01  -5.18693e-01   3.39352e-01  -3.06149e-01  -4.70133e-01   1.00660e-01   1.58249e-01   4.37845e-02  -4.10763e-01  -2.66679e-01  -3.87131e-01
T11   -1.28997e+00   4.24908e-01   8.19625e-01   1.39849e-01  -3.14888e-01   1.85750e-01   3.13430e-01  -2.95930e-01   1.53946e-01   4.33059e-01   2.43067e-01   3.39352e-01   6.98469e-01   2.92434e-01   2.31962e-01   3.53284e-01   1.74285e-01   1.94997e-01   1.34148e-01  -1.36284e-02   2.62409e-01
T12    1.46104e+00  -1.06956e-01   1.34702e-01   1.41747e-01   2.92216e-01  -3.24838e-01   9.10870e-02   2.85976e-01  -2.42099e-02  -4.52050e-02  -3.42326e-01  -3.06149e-01   2.92434e-01  -6.57105e-01  -4.65467e-01  -8.87519e-04   5.56285e-02  -4.33611e-03  -4.42831e-01  -2.84194e-01  -2.60826e-01
T13    1.12326e+00  -1.34173e-01   4.24681e-02   1.22104e-01   3.03099e-01  -3.84783e-01   9.42659e-02   2.48904e-01  -7.71466e-03  -6.83030e-02  -4.78670e-01  -4.70133e-01   2.31962e-01  -4.65467e-01  -6.45252e-01  -3.98794e-02   1.08145e-02  -3.33363e-02  -5.51910e-01  -4.39365e-01  -3.68913e-01
T14   -4.77747e-01   5.81320e-02   4.97012e-02   5.55322e-02   1.81018e-01  -1.27400e-01   7.12355e-02   2.83670e-01  -3.35496e-02   1.19006e-02   1.12238e-01   1.00660e-01   3.53284e-01  -8.87519e-04  -3.98794e-02  -6.51989e-02   7.13696e-02   5.76341e-02  -3.35120e-01  -2.26374e-01   5.79266e-02
T15   -7.04333e-01   7.58484e-02   1.08233e-01  -3.46186e-02   4.19895e-02  -1.08165e-01   7.00500e-02   1.72947e-01  -5.35015e-02  -4.69082e-02   7.38564e-02   1.58249e-01   1.74285e-01   5.56285e-02   1.08145e-02   7.13696e-02  -1.05074e-01  -3.36104e-02  -1.86658e-02   4.47738e-03   3.37613e-02
T16   -4.84682e-01   2.41150e-02   1.21500e-01  -5.94563e-03   1.03601e-01  -7.88837e-02   6.25400e-02   2.04765e-01  -1.90915e-02   6.53142e-04  -5.55710e-02   4.37845e-02   1.94997e-01  -4.33611e-03  -3.33363e-02   5.76341e-02  -3.36104e-02  -1.13617e-01  -3.18131e-02  -1.81369e-02  -1.05678e-01
T17    2.23990e+00  -1.03056e-01  -1.64098e-01   1.95906e-02   4.86504e-02  -3.56690e-01  -1.06913e-01   1.61233e-02  -4.67754e-02  -2.47120e-01  -3.35865e-01  -4.10763e-01   1.34148e-01  -4.42831e-01  -5.51910e-01  -3.35120e-01  -1.86658e-02  -3.18131e-02  -7.34483e-01  -4.06914e-01  -2.78747e-01
T18    8.85252e-01  -3.09795e-02  -5.76038e-02  -1.41577e-02  -3.77638e-02  -2.06481e-01  -2.51280e-03  -2.96871e-02  -2.96634e-02  -1.83510e-01  -3.16666e-01  -2.66679e-01  -1.36284e-02  -2.84194e-01  -4.39365e-01  -2.26374e-01   4.47738e-03  -1.81369e-02  -4.06914e-01  -3.05642e-01  -2.11743e-01
T19    1.96121e-01  -2.10092e-01   1.86296e-01   2.07939e-01   3.08111e-01  -3.01035e-01   1.77620e-01   2.84016e-01   1.28248e-02   8.09644e-02  -4.32469e-01  -3.87131e-01   2.62409e-01  -2.60826e-01  -3.68913e-01   5.79266e-02   3.37613e-02  -1.05678e-01  -2.78747e-01  -2.11743e-01  -4.77445e-01
