T0   -4.41027e-01  -8.75757e-02   1.97867e-02   6.21573e-02   3.96478e-02  -1.05873e-02   2.57559e-02   5.62331e-02  -2.28765e-02   2.08136e-02  -3.42600e-02  -5.25681e-02   9.52632e-02  -3.49374e-02  -2.44848e-02   1.35122e-02   2.46658e-02   1.87401e-03  -2.20282e-02   3.37982e-03  -5.37364e-02
T1   -1.06752e+00   1.97867e-02   7.15033e-02   8.27224e-02  -8.89879e-02   4.38544e-03   7.43697e-02  -7.60069e-02   2.21687e-02   4.19689e-02   5.68876e-02   1.58286e-02   2.67680e-01   1.30110e-02   2.00493e-02   3.90582e-03   4.50904e-02   6.46353e-02  -7.17366e-03   2.31138e-02   2.73293e-02
T2   -7.89420e-01   6.21573e-02   8.27224e-02  -8.97204e-02   2.29567e-02   1.31690e-02   3.06304e-02   9.01193e-02  -5.18538e-03   2.56869e-02   1.62368e-02   6.14205e-02   4.00159e-02  -1.19712e-03   7.78774e-03   3.73061e-02  -1.39111e-02   2.97354e-03  -1.06877e-03  -2.98244e-02   5.33433e-02
T3   -1.36891e+00   3.96478e-02  -8.89879e-02   2.29567e-02   8.91266e-02   5.56613e-02   7.68908e-02   1.62392e-01  -3.08378e-04  -2.91680e-02   5.17972e-02   6.31520e-02  -3.73034e-02   3.09784e-02   4.67799e-02   4.03243e-02   3.85223e-02   3.43616e-02  -8.82111e-04   6.82907e-04   5.59537e-02
T4    2.43038e+00  -1.05873e-02   4.38544e-03   1.31690e-02   5.56613e-02  -5.24941e-01   3.42482e-03   5.96714e-02  -1.71743e-02  -6.35651e-02  -6.29535e-02  -6.27590e-02   2.76439e-02  -9.48761e-02  -9.37047e-02  -2.20015e-02  -4.03673e-02  -1.05920e-02  -8.29939e-02  -4.60815e-02  -6.54301e-02
T5   -8.75008e-01   2.57559e-02   7.43697e-02   3.06304e-02   7.68908e-02   3.42482e-03  -1.88875e-02   1.21263e-01   4.33156e-02   3.94334e-02   2.92961e-02   1.73839e-03   1.38104e-01  -7.32321e-03   8.44192e-03   2.64038e-02   2.50880e-02   2.89260e-02  -3.79250e-02  -2.59141e-03   3.84518e-02
T6   -1.79430e+00   5.62331e-02  -7.60069e-02   9.01193e-02   1.62392e-01   5.96714e-02   1.21263e-01   1.30268e-01   6.17021e-02   8.76752e-03   2.69005e-02   3.19096e-02  -2.31936e-02   2.03415e-02   2.89499e-02   8.07210e-02   8.54767e-02   8.65953e-02   1.69906e-02   6.68365e-03   4.51782e-02
T7   -6.67203e-01  -2.28765e-02   2.21687e-02  -5.18538e-03  -3.08378e-04  -1.71743e-02   4.33156e-02   6.17021e-02  -7.49445e-02  -2.09478e-02   1.72350e-02   2.63697e-02   7.75742e-02  -1.78458e-02   9.54922e-03  -1.41735e-02  -1.04594e-02  -1.06070e-02  -7.18174e-03   7.75866e-03  -4.07958e-03
T8    3.61984e-01   2.08136e-02   4.19689e-02   2.56869e-02  -2.91680e-02  -6.35651e-02   3.94334e-02   8.76752e-03  -2.09478e-02  -1.62902e-01   2.68781e-02   1.48177e-02   1.46996e-01  -3.27045e-02  -2.67905e-02   4.75523e-04  -5.97798e-03   1.09531e-02  -6.17969e-02  -2.81276e-02   2.35569e-02
T9    9.69931e-01  -3.42600e-02   5.68876e-02   1.62368e-02   5.17972e-02  -6.29535e-02   2.92961e-02   2.69005e-02   1.72350e-02   2.68781e-02  -1.83904e-01  -1.09926e-01  -5.40780e-03  -7.02255e-02  -1.10578e-01   4.22863e-02  -4.11533e-03  -2.50989e-02  -2.68622e-02  -5.55147e-02  -1.10499e-01
T10    2.53910e-01  -5.25681e-02   1.58286e-02   6.14205e-02   6.31520e-02  -6.27590e-02   1.73839e-03   3.19096e-02   2.63697e-02   1.48177e-02  -1.09926e-01  -1.45077e-01   5.24107e-02  -5.26080e-02  -9.92886e-02   2.24225e-02   4.89216e-03  -4.74129e-03  -5.72250e-02  -2.87273e-02  -9.45891e-02
T11   -1.80489e+00   9.52632e-02   2.67680e-01   4.00159e-02  -3.73034e-02   2.76439e-02   1.38104e-01  -2.31936e-02   7.75742e-02   1.46996e-01  -5.40780e-03   5.24107e-02   9.44180e-02   3.45876e-02   2.13867e-02   1.09395e-01   7.67555e-02   9.05158e-02   6.75436e-02  -2.84748e-03   3.52312e-02
T12    1.88901e+00  -3.49374e-02   1.30110e-02  -1.19712e-03   3.09784e-02  -9.48761e-02  -7.32321e-03   2.03415e-02  -1.78458e-02  -3.27045e-02  -7.02255e-02  -5.26080e-02   3.45876e-02  -3.06897e-01  -8.27548e-02   2.78862e-03  -7.54028e-03  -1.21791e-02  -4.87021e-02  -4.32038e-02  -5.07720e-02
T13    1.32572e+00  -2.44848e-02   2.00493e-02   7.78774e-03   4.67799e-02  -9.37047e-02   8.44192e-03   2.89499e-02   9.54922e-03  -2.67905e-02  -1.10578e-01  -9.92886e-02   2.13867e-02  -8.27548e-02  -1.58322e-01   1.10432e-02  -1.91970e-02  -2.19635e-02  -1.08414e-01  -9.21466e-02  -8.28660e-02
T14   -6.59813e-01   1.35122e-02   3.90582e-03   3.73061e-02   4.03243e-02  -2.20015e-02   2.64038e-02   8.07210e-02  -1.41735e-02   4.75523e-04   4.22863e-02   2.24225e-02   1.09395e-01   2.78862e-03   1.10432e-02  -6.48244e-02   3.74068e-02   2.80499e-02  -6.34336e-02  -3.86662e-02   1.65939e-02
T15   -7.14704e-01   2.46658e-02   4.50904e-02  -1.39111e-02   3.85223e-02  -4.03673e-02   2.50880e-02   8.54767e-02  -1.04594e-02  -5.97798e-03  -4.11533e-03   4.89216e-03   7.67555e-02  -7.54028e-03  -1.91970e-02   3.74068e-02  -4.00897e-02  -5.81182e-03  -1.89088e-02  -1.24841e-02   1.01931e-02
T16   -4.69974e-01   1.87401e-03   6.46353e-02   2.97354e-03   3.43616e-02  -1.05920e-02   2.89260e-02   8.65953e-02  -1.06070e-02   1.09531e-02  -2.50989e-02  -4.74129e-03   9.05158e-02  -1.21791e-02  -2.19635e-02   2.80499e-02  -5.81182e-03  -4.20778e-02  -1.08985e-02  -1.62826e-02  -3.19107e-02
T17    2.08064e+00  -2.20282e-02  -7.17366e-03  -1.06877e-03  -8.82111e-04  -8.29939e-02  -3.79250e-02   1.69906e-02  -7.18174e-03  -6.17969e-02  -2.68622e-02  -5.72250e-02   6.75436e-02  -4.87021e-02  -1.08414e-01  -6.34336e-02  -1.89088e-02  -1.08985e-02  -2.49418e-01  -8.80893e-02  -4.00213e-02
T18    8.31703e-01   3.37982e-03   2.31138e-02  -2.98244e-02   6.82907e-04  -4.60815e-02  -2.59141e-03   6.68365e-03   7.75866e-03  -2.81276e-02  -5.55147e-02  -2.87273e-02  -2.84748e-03  -4.32038e-02  -9.21466e-02  -3.86662e-02  -1.24841e-02  -1.62826e-02  -8.80893e-02  -9.20160e-02  -3.07216e-02
T19    5.09496e-01  -5.37364e-02   2.73293e-02   5.33433e-02   5.59537e-02  -6.54301e-02   3.84518e-02   4.51782e-02  -4.07958e-03   2.35569e-02  -1.10499e-01  -9.45891e-02   3.52312e-02  -5.07720e-02  -8.28660e-02   1.65939e-02   1.01931e-02  -3.19107e-02  -4.00213e-02  -3.07216e-02  -1.36762e-01
