T0   -4.08677e-01  -6.90197e-02   1.64570e-02   3.75693e-02   1.50230e-02  -8.81714e-07   1.39184e-02   3.14419e-02  -2.23208e-02   1.38642e-02  -1.28038e-02  -2.98501e-02   6.47171e-02  -1.77840e-02  -2.95172e-03   4.13519e-03   1.27561e-02  -4.15845e-03  -4.91990e-03   1.30152e-02  -3.16548e-02
T1   -1.07043e+00   1.64570e-02   3.87139e-02   7.47472e-02  -4.20417e-02   1.05691e-03   6.42826e-02  -3.57965e-02   2.06581e-02   3.29254e-02   2.61896e-02  -1.06001e-02   1.96552e-01  -1.23721e-02  -8.62690e-03   7.45485e-03   4.74315e-02   5.51163e-02  -2.55957e-02   6.03854e-03   7.97824e-03
T2   -7.72786e-01   3.75693e-02   7.47472e-02  -7.12329e-02   1.88851e-02   1.27375e-02   2.37443e-02   7.30445e-02  -6.31074e-03   2.69223e-02  -3.76135e-04   3.69240e-02   3.70822e-02  -3.25608e-03   6.03906e-04   3.03039e-02  -1.22546e-02   6.72667e-04  -1.11101e-03  -2.55876e-02   3.22250e-02
T3   -1.36241e+00   1.50230e-02  -4.20417e-02   1.88851e-02   5.55376e-02   4.05921e-02   5.82633e-02   1.17488e-01  -1.16561e-03  -6.22392e-03   2.31690e-02   3.38595e-02  -5.35039e-03   1.55246e-02   2.24884e-02   2.58946e-02   2.98295e-02   2.47107e-02  -9.23789e-03  -2.49979e-04   3.01450e-02
T4    2.30745e+00  -8.81714e-07   1.05691e-03   1.27375e-02   4.05921e-02  -4.05966e-01   1.07364e-03   4.53400e-02  -5.54693e-03  -5.25041e-02  -3.68541e-02  -3.51051e-02   1.85747e-02  -5.89005e-02  -5.20257e-02  -1.19219e-02  -3.20589e-02  -4.24713e-03  -5.34498e-02  -2.10917e-02  -3.77039e-02
T5   -8.74620e-01   1.39184e-02   6.42826e-02   2.37443e-02   5.82633e-02   1.07364e-03  -2.63347e-02   9.26627e-02   3.29991e-02   3.37907e-02   9.52917e-03  -1.12075e-02   1.12618e-01  -1.31510e-02  -6.80018e-03   1.97908e-02   2.18336e-02   2.52190e-02  -3.44059e-02  -6.53566e-03   2.19854e-02
T6   -1.80730e+00   3.14419e-02  -3.57965e-02   7.30445e-02   1.17488e-01   4.53400e-02   9.26627e-02   9.24168e-02   4.15717e-02   1.21209e-02   2.19996e-04   5.25415e-03   3.26096e-04   6.93485e-03   3.89330e-03   5.39741e-02   6.69272e-02   6.50557e-02   2.00839e-03   1.50911e-03   2.09570e-02
T7   -5.87168e-01  -2.23208e-02   2.06581e-02  -6.31074e-03  -1.16561e-03  -5.54693e-03   3.29991e-02   4.15717e-02  -5.75303e-02  -1.31972e-02   7.84437e-03   1.99774e-02   6.07905e-02  -1.08981e-02   9.40875e-03  -1.08350e-02  -8.47983e-03  -1.15176e-02  -1.57387e-03   8.13630e-03  -8.82947e-03
T8    3.83925e-01   1.38642e-02   3.29254e-02   2.69223e-02  -6.22392e-03  -5.25041e-02   3.37907e-02   1.21209e-02  -1.31972e-02  -1.15213e-01   9.61255e-03   9.80704e-04   1.17792e-01  -3.54177e-02  -2.80954e-02  -4.18944e-03   6.29336e-03   1.17600e-02  -4.96817e-02  -2.47919e-02   1.21007e-02
T9    9.54212e-01  -1.28038e-02   2.61896e-02  -3.76135e-04   2.31690e-02  -3.68541e-02   9.52917e-03   2.19996e-04   7.84437e-03   9.61255e-03  -1.21468e-01  -6.08431e-02  -2.42391e-02  -3.75102e-02  -6.23080e-02   2.91310e-02  -5.99561e-03  -1.72362e-02   7.75866e-04  -3.05579e-02  -6.52296e-02
T10    2.51305e-01  -2.98501e-02  -1.06001e-02   3.69240e-02   3.38595e-02  -3.51051e-02  -1.12075e-02   5.25415e-03   1.99774e-02   9.80704e-04  -6.08431e-02  -9.21161e-02   1.74670e-02  -2.19565e-02  -5.64281e-02   1.27904e-02  -1.69577e-03  -2.77105e-03  -2.63653e-02  -1.30785e-02  -5.51801e-02
T11   -1.83484e+00   6.47171e-02   1.96552e-01   3.70822e-02  -5.35039e-03   1.85747e-02   1.12618e-01   3.26096e-04   6.07905e-02   1.17792e-01  -2.42391e-02   1.74670e-02   5.53626e-02   1.29684e-03  -9.94882e-03   7.70784e-02   6.45937e-02   6.85585e-02   3.17072e-02  -1.45785e-02   1.27380e-02
T12    1.90186e+00  -1.77840e-02  -1.23721e-02  -3.25608e-03   1.55246e-02  -5.89005e-02  -1.31510e-02   6.93485e-03  -1.08981e-02  -3.54177e-02  -3.75102e-02  -2.19565e-02   1.29684e-03  -2.47362e-01  -4.30357e-02  -4.78985e-03  -5.48983e-03  -6.75086e-03  -2.40013e-02  -1.77099e-02  -2.07122e-02
T13    1.32221e+00  -2.95172e-03  -8.62690e-03   6.03906e-04   2.24884e-02  -5.20257e-02  -6.80018e-03   3.89330e-03   9.40875e-03  -2.80954e-02  -6.23080e-02  -5.64281e-02  -9.94882e-03  -4.30357e-02  -1.03843e-01   4.52686e-03  -1.57044e-02  -1.44661e-02  -6.19338e-02  -6.01952e-02  -4.62704e-02
T14   -6.25996e-01   4.13519e-03   7.45485e-03   3.03039e-02   2.58946e-02  -1.19219e-02   1.97908e-02   5.39741e-02  -1.08350e-02  -4.18944e-03   2.91310e-02   1.27904e-02   7.70784e-02  -4.78985e-03   4.52686e-03  -5.34996e-02   2.78192e-02   1.78061e-02  -4.43778e-02  -1.88828e-02   8.92836e-03
T15   -6.83058e-01   1.27561e-02   4.74315e-02  -1.22546e-02   2.98295e-02  -3.20589e-02   2.18336e-02   6.69272e-02  -8.47983e-03   6.29336e-03  -5.99561e-03  -1.69577e-03   6.45937e-02  -5.48983e-03  -1.57044e-02   2.78192e-02  -3.95668e-02  -8.11158e-03  -1.34030e-02  -7.24840e-03   2.89736e-03
T16   -4.38634e-01  -4.15845e-03   5.51163e-02   6.72667e-04   2.47107e-02  -4.24713e-03   2.52190e-02   6.50557e-02  -1.15176e-02   1.17600e-02  -1.72362e-02  -2.77105e-03   6.85585e-02  -6.75086e-03  -1.44661e-02   1.78061e-02  -8.11158e-03  -3.87499e-02  -7.28567e-03  -9.73117e-03  -2.33303e-02
T17    2.04205e+00  -4.91990e-03  -2.55957e-02  -1.11101e-03  -9.23789e-03  -5.34498e-02  -3.44059e-02   2.00839e-03  -1.57387e-03  -4.96817e-02   7.75866e-04  -2.63653e-02   3.17072e-02  -2.40013e-02  -6.19338e-02  -4.43778e-02  -1.34030e-02  -7.28567e-03  -1.93733e-01  -6.42039e-02  -1.09682e-02
T18    8.09517e-01   1.30152e-02   6.03854e-03  -2.55876e-02  -2.49979e-04  -2.10917e-02  -6.53566e-03   1.50911e-03   8.13630e-03  -2.47919e-02  -3.05579e-02  -1.30785e-02  -1.45785e-02  -1.77099e-02  -6.01952e-02  -1.88828e-02  -7.24840e-03  -9.73117e-03  -6.42039e-02  -7.57631e-02  -9.35807e-03
T19    4.93388e-01  -3.16548e-02   7.97824e-03   3.22250e-02   3.01450e-02  -3.77039e-02   2.19854e-02   2.09570e-02  -8.82947e-03   1.21007e-02  -6.52296e-02  -5.51801e-02   1.27380e-02  -2.07122e-02  -4.62704e-02   8.92836e-03   2.89736e-03  -2.33303e-02  -1.09682e-02  -9.35807e-03  -9.04665e-02
