T0   -9.25557e-01  -1.24992e-01   3.50749e-01   3.66253e-01   5.12808e-01  -1.58499e-01   3.78547e-01   6.23197e-01   4.78728e-02   2.22929e-01  -2.79326e-01  -2.65434e-01   6.67098e-01  -1.86354e-01  -2.84334e-01   1.72409e-01   1.89754e-01   8.29096e-02  -2.48777e-01  -1.06894e-01  -2.80491e-01
T1   -6.29791e-01   3.50749e-01   6.17261e-01   2.84004e-01  -5.30528e-01   1.11688e-01   2.44422e-01  -5.23752e-01   1.34214e-01   2.84492e-01   1.35932e-01   2.35111e-02   1.18709e+00   7.33462e-02  -6.65649e-02   2.01268e-01   2.45004e-01   1.93712e-01  -2.97131e-01  -1.51367e-01   1.66761e-01
T2   -6.75098e-01   3.66253e-01   2.84004e-01  -1.52806e-01   1.05039e-01   7.61937e-02   1.86016e-01   3.55575e-01   6.65722e-03   1.38050e-01   2.50833e-01   3.42312e-01   3.23102e-01   1.57822e-01   9.22253e-02   1.97088e-01   3.58912e-02   5.77759e-02  -1.72955e-02  -3.74427e-02   2.93104e-01
T3   -1.12266e+00   5.12808e-01  -5.30528e-01   1.05039e-01   6.54729e-01   3.25033e-01   3.97330e-01   1.00288e+00   2.07401e-01  -2.56177e-01   4.96657e-01   5.46312e-01  -3.12665e-01   3.94219e-01   3.42391e-01   4.24228e-01   1.19597e-01   1.93503e-01   1.00049e-01  -7.39545e-02   5.02471e-01
T4    1.99077e+00  -1.58499e-01   1.11688e-01   7.61937e-02   3.25033e-01  -1.78817e+00   1.32058e-01   3.91310e-01  -1.42207e-01  -2.65089e-01  -4.22919e-01  -4.24900e-01   2.92085e-01  -4.43271e-01  -5.93505e-01  -1.71214e-01  -6.90029e-02  -5.01977e-02  -5.46917e-01  -3.36036e-01  -4.11822e-01
T5   -6.09919e-01   3.78547e-01   2.44422e-01   1.86016e-01   3.97330e-01   1.32058e-01   1.88198e-01   5.18161e-01   2.21547e-01   1.90125e-01   1.08545e-01   1.04055e-01   4.86423e-01   4.95804e-02  -2.25611e-02   2.27515e-01   1.99883e-01   1.19807e-01  -1.97655e-01  -5.75574e-02   1.70248e-01
T6   -1.30890e+00   6.23197e-01  -5.23752e-01   3.55575e-01   1.00288e+00   3.91310e-01   5.18161e-01   1.10878e+00   5.04498e-01  -1.22468e-01   3.14123e-01   3.54541e-01  -2.89600e-01   3.18901e-01   1.89727e-01   4.77870e-01   2.87902e-01   2.98702e-01   7.21199e-04  -8.94557e-02   3.55080e-01
T7   -9.62837e-01   4.78728e-02   1.34214e-01   6.65722e-03   2.07401e-01  -1.42207e-01   2.21547e-01   5.04498e-01  -1.31975e-01   5.65412e-02   9.78719e-02   2.00662e-01   3.41309e-01   1.35130e-02  -3.03777e-02   7.69162e-02  -4.08631e-03   3.25100e-02  -9.97787e-02  -2.36539e-02   1.91214e-02
T8    3.93194e-01   2.22929e-01   2.84492e-01   1.38050e-01  -2.56177e-01  -2.65089e-01   1.90125e-01  -1.22468e-01   5.65412e-02  -4.08258e-01   3.14814e-02  -5.42248e-03   6.22812e-01  -1.53537e-01  -2.15986e-01   1.20878e-01  -1.81938e-02   1.00002e-02  -3.74986e-01  -3.40183e-01   6.27575e-02
T9    7.09188e-01  -2.79326e-01   1.35932e-01   2.50833e-01   4.96657e-01  -4.22919e-01   1.08545e-01   3.14123e-01   9.78719e-02   3.14814e-02  -8.51738e-01  -7.46823e-01   2.10832e-01  -5.70441e-01  -7.34662e-01   4.43234e-02   1.28640e-01  -9.61976e-02  -4.72249e-01  -5.07492e-01  -6.55005e-01
T10    1.62353e-01  -2.65434e-01   2.35111e-02   3.42312e-01   5.46312e-01  -4.24900e-01   1.04055e-01   3.54541e-01   2.00662e-01  -5.42248e-03  -7.46823e-01  -8.21799e-01   2.75641e-01  -5.44368e-01  -7.49782e-01  -9.51566e-04   1.93442e-01  -1.50830e-02  -5.64771e-01  -4.86057e-01  -6.30220e-01
T11   -1.21270e+00   6.67098e-01   1.18709e+00   3.23102e-01  -3.12665e-01   2.92085e-01   4.86423e-01  -2.89600e-01   3.41309e-01   6.22812e-01   2.10832e-01   2.75641e-01   1.34173e+00   3.00586e-01   1.43750e-01   6.86454e-01   3.76870e-01   3.21856e-01   3.75325e-02  -1.10080e-01   2.93023e-01
T12    1.61617e+00  -1.86354e-01   7.33462e-02   1.57822e-01   3.94219e-01  -4.43271e-01   4.95804e-02   3.18901e-01   1.35130e-02  -1.53537e-01  -5.70441e-01  -5.44368e-01   3.00586e-01  -8.88651e-01  -7.44375e-01  -8.93519e-02   7.79683e-02  -4.84528e-02  -6.33599e-01  -4.97275e-01  -4.52939e-01
T13    1.35099e+00  -2.84334e-01  -6.65649e-02   9.22253e-02   3.42391e-01  -5.93505e-01  -2.25611e-02   1.89727e-01  -3.03777e-02  -2.15986e-01  -7.34662e-01  -7.49782e-01   1.43750e-01  -7.44375e-01  -9.53643e-01  -2.04956e-01  -1.42181e-02  -1.05317e-01  -7.30864e-01  -6.77651e-01  -6.11508e-01
T14   -5.60734e-01   1.72409e-01   2.01268e-01   1.97088e-01   4.24228e-01  -1.71214e-01   2.27515e-01   4.77870e-01   7.69162e-02   1.20878e-01   4.43234e-02  -9.51566e-04   6.86454e-01  -8.93519e-02  -2.04956e-01   6.66923e-02   1.80036e-01   1.29575e-01  -5.30824e-01  -3.68095e-01   5.03700e-02
T15   -8.71883e-01   1.89754e-01   2.45004e-01   3.58912e-02   1.19597e-01  -6.90029e-02   1.99883e-01   2.87902e-01  -4.08631e-03  -1.81938e-02   1.28640e-01   1.93442e-01   3.76870e-01   7.79683e-02  -1.42181e-02   1.80036e-01  -1.10046e-02   3.95503e-02  -6.11334e-02   2.07886e-02   1.10625e-01
T16   -5.87676e-01   8.29096e-02   1.93712e-01   5.77759e-02   1.93503e-01  -5.01977e-02   1.19807e-01   2.98702e-01   3.25100e-02   1.00002e-02  -9.61976e-02  -1.50830e-02   3.21856e-01  -4.84528e-02  -1.05317e-01   1.29575e-01   3.95503e-02  -1.12089e-01  -3.42774e-02  -2.06338e-02  -9.33892e-02
T17    2.10184e+00  -2.48777e-01  -2.97131e-01  -1.72955e-02   1.00049e-01  -5.46917e-01  -1.97655e-01   7.21199e-04  -9.97787e-02  -3.74986e-01  -4.72249e-01  -5.64771e-01   3.75325e-02  -6.33599e-01  -7.30864e-01  -5.30824e-01  -6.11334e-02  -3.42774e-02  -7.90834e-01  -5.28289e-01  -4.07612e-01
T18    9.52870e-01  -1.06894e-01  -1.51367e-01  -3.74427e-02  -7.39545e-02  -3.36036e-01  -5.75574e-02  -8.94557e-02  -2.36539e-02  -3.40183e-01  -5.07492e-01  -4.86057e-01  -1.10080e-01  -4.97275e-01  -6.77651e-01  -3.68095e-01   2.07886e-02  -2.06338e-02  -5.28289e-01  -4.63104e-01  -3.69360e-01
T19    1.90384e-01  -2.80491e-01   1.66761e-01   2.93104e-01   5.02471e-01  -4.11822e-01   1.70248e-01   3.55080e-01   1.91214e-02   6.27575e-02  -6.55005e-01  -6.30220e-01   2.93023e-01  -4.52939e-01  -6.11508e-01   5.03700e-02   1.10625e-01  -9.33892e-02  -4.07612e-01  -3.69360e-01  -6.45318e-01
