T0   -4.45795e-01  -8.29623e-02   1.95265e-02   5.62955e-02   3.35022e-02  -8.86666e-03   2.61144e-02   5.21891e-02  -2.43611e-02   2.15240e-02  -2.93391e-02  -4.79205e-02   9.06640e-02  -3.06693e-02  -1.85793e-02   1.08586e-02   2.25864e-02   1.12539e-03  -1.84115e-02   6.77745e-03  -4.83944e-02
T1   -1.06024e+00   1.95265e-02   6.26046e-02   8.19605e-02  -7.88054e-02   3.82932e-03   6.92925e-02  -6.68212e-02   2.24587e-02   3.82176e-02   4.96617e-02   8.73206e-03   2.51208e-01   7.50919e-03   1.18545e-02   4.72148e-03   4.61984e-02   6.30177e-02  -8.06191e-03   1.92071e-02   2.25549e-02
T2   -7.89197e-01   5.62955e-02   8.19605e-02  -8.57892e-02   2.16450e-02   1.36934e-02   2.99566e-02   8.71927e-02  -4.94657e-03   2.83411e-02   1.14544e-02   5.63195e-02   3.86669e-02  -3.46714e-03   5.86969e-03   3.72556e-02  -1.26390e-02   1.64283e-03  -2.10586e-04  -3.07337e-02   4.97672e-02
T3   -1.37087e+00   3.35022e-02  -7.88054e-02   2.16450e-02   8.41832e-02   5.64429e-02   7.40784e-02   1.55514e-01  -1.15938e-03  -2.29264e-02   4.43772e-02   5.59223e-02  -2.82371e-02   2.88316e-02   3.90642e-02   3.71920e-02   3.74997e-02   3.19366e-02  -2.51170e-03  -1.40664e-03   5.02056e-02
T4    2.40222e+00  -8.86666e-03   3.82932e-03   1.36934e-02   5.64429e-02  -4.98500e-01   2.93352e-03   6.07440e-02  -1.45381e-02  -6.19542e-02  -5.65961e-02  -5.67581e-02   2.44575e-02  -8.67801e-02  -8.35020e-02  -1.83689e-02  -3.79159e-02  -1.01933e-02  -7.72600e-02  -4.14424e-02  -5.99471e-02
T5   -8.76116e-01   2.61144e-02   6.92925e-02   2.99566e-02   7.40784e-02   2.93352e-03  -2.24418e-02   1.15440e-01   4.28066e-02   3.35772e-02   2.53781e-02  -1.01801e-03   1.31765e-01  -1.04687e-02   2.84896e-03   2.32486e-02   2.46238e-02   2.89307e-02  -3.91320e-02  -5.97638e-03   3.68309e-02
T6   -1.79768e+00   5.21891e-02  -6.68212e-02   8.71927e-02   1.55514e-01   6.07440e-02   1.15440e-01   1.20710e-01   5.83819e-02   9.16199e-03   2.11547e-02   2.57804e-02  -1.89318e-02   1.58520e-02   2.12187e-02   7.45208e-02   8.07435e-02   8.30751e-02   1.00265e-02   3.21969e-03   3.94142e-02
T7   -6.56750e-01  -2.43611e-02   2.24587e-02  -4.94657e-03  -1.15938e-03  -1.45381e-02   4.28066e-02   5.83819e-02  -7.18352e-02  -1.86434e-02   1.57800e-02   2.50668e-02   7.48875e-02  -1.69907e-02   1.06190e-02  -1.36427e-02  -1.12550e-02  -1.08421e-02  -4.27912e-03   9.40048e-03  -4.38856e-03
T8    3.69369e-01   2.15240e-02   3.82176e-02   2.83411e-02  -2.29264e-02  -6.19542e-02   3.35772e-02   9.16199e-03  -1.86434e-02  -1.54588e-01   2.35635e-02   1.07950e-02   1.39415e-01  -3.37933e-02  -2.80329e-02  -8.61156e-04  -2.18056e-03   1.17422e-02  -5.88745e-02  -2.89989e-02   2.14905e-02
T9    9.65654e-01  -2.93391e-02   4.96617e-02   1.14544e-02   4.43772e-02  -5.65961e-02   2.53781e-02   2.11547e-02   1.57800e-02   2.35635e-02  -1.69990e-01  -9.88513e-02  -1.02099e-02  -6.19032e-02  -1.00718e-01   3.97095e-02  -3.45599e-03  -2.27735e-02  -1.95382e-02  -5.06066e-02  -1.01118e-01
T10    2.56408e-01  -4.79205e-02   8.73206e-03   5.63195e-02   5.59223e-02  -5.67581e-02  -1.01801e-03   2.57804e-02   2.50668e-02   1.07950e-02  -9.88513e-02  -1.33217e-01   4.34215e-02  -4.48412e-02  -8.99359e-02   2.11382e-02   4.03561e-03  -4.07863e-03  -5.13650e-02  -2.62478e-02  -8.56717e-02
T11   -1.80971e+00   9.06640e-02   2.51208e-01   3.86669e-02  -2.82371e-02   2.44575e-02   1.31765e-01  -1.89318e-02   7.48875e-02   1.39415e-01  -1.02099e-02   4.34215e-02   8.22187e-02   2.62446e-02   1.30373e-02   1.00765e-01   7.58462e-02   8.75611e-02   5.82210e-02  -5.64232e-03   3.16459e-02
T12    1.89463e+00  -3.06693e-02   7.50919e-03  -3.46714e-03   2.88316e-02  -8.67801e-02  -1.04687e-02   1.58520e-02  -1.69907e-02  -3.37933e-02  -6.19032e-02  -4.48412e-02   2.62446e-02  -2.96705e-01  -7.48047e-02   3.54200e-03  -6.42184e-03  -1.17857e-02  -4.16706e-02  -3.80655e-02  -4.41744e-02
T13    1.33797e+00  -1.85793e-02   1.18545e-02   5.86969e-03   3.90642e-02  -8.35020e-02   2.84896e-03   2.12187e-02   1.06190e-02  -2.80329e-02  -1.00718e-01  -8.99359e-02   1.30373e-02  -7.48047e-02  -1.46194e-01   9.87523e-03  -1.80084e-02  -2.07983e-02  -9.75991e-02  -8.57755e-02  -7.44087e-02
T14   -6.56865e-01   1.08586e-02   4.72148e-03   3.72556e-02   3.71920e-02  -1.83689e-02   2.32486e-02   7.45208e-02  -1.36427e-02  -8.61156e-04   3.97095e-02   2.11382e-02   1.00765e-01   3.54200e-03   9.87523e-03  -6.21442e-02   3.38634e-02   2.71967e-02  -6.00959e-02  -3.30970e-02   1.53196e-02
T15   -7.15435e-01   2.25864e-02   4.61984e-02  -1.26390e-02   3.74997e-02  -3.79159e-02   2.46238e-02   8.07435e-02  -1.12550e-02  -2.18056e-03  -3.45599e-03   4.03561e-03   7.58462e-02  -6.42184e-03  -1.80084e-02   3.38634e-02  -4.04030e-02  -6.32446e-03  -1.71371e-02  -1.14054e-02   8.80793e-03
T16   -4.73638e-01   1.12539e-03   6.30177e-02   1.64283e-03   3.19366e-02  -1.01933e-02   2.89307e-02   8.30751e-02  -1.08421e-02   1.17422e-02  -2.27735e-02  -4.07863e-03   8.75611e-02  -1.17857e-02  -2.07983e-02   2.71967e-02  -6.32446e-03  -4.00370e-02  -1.10942e-02  -1.45075e-02  -2.98661e-02
T17    2.08604e+00  -1.84115e-02  -8.06191e-03  -2.10586e-04  -2.51170e-03  -7.72600e-02  -3.91320e-02   1.00265e-02  -4.27912e-03  -5.88745e-02  -1.95382e-02  -5.13650e-02   5.82210e-02  -4.16706e-02  -9.75991e-02  -6.00959e-02  -1.71371e-02  -1.10942e-02  -2.38516e-01  -8.24909e-02  -3.57302e-02
T18    8.41112e-01   6.77745e-03   1.92071e-02  -3.07337e-02  -1.40664e-03  -4.14424e-02  -5.97638e-03   3.21969e-03   9.40048e-03  -2.89989e-02  -5.06066e-02  -2.62478e-02  -5.64232e-03  -3.80655e-02  -8.57755e-02  -3.30970e-02  -1.14054e-02  -1.45075e-02  -8.24909e-02  -8.73349e-02  -2.57160e-02
T19    4.98897e-01  -4.83944e-02   2.25549e-02   4.97672e-02   5.02056e-02  -5.99471e-02   3.68309e-02   3.94142e-02  -4.38856e-03   2.14905e-02  -1.01118e-01  -8.56717e-02   3.16459e-02  -4.41744e-02  -7.44087e-02   1.53196e-02   8.80793e-03  -2.98661e-02  -3.57302e-02  -2.57160e-02  -1.26280e-01
