T0   -8.18232e-01  -1.73415e-01   2.45091e-01   2.21970e-01   2.95056e-01  -1.54838e-01   2.21324e-01   4.01426e-01  -3.91372e-02   1.21536e-01  -1.77825e-01  -1.52719e-01   4.54648e-01  -1.14048e-01  -1.48135e-01   6.95205e-02   8.67358e-02   2.72781e-02  -1.18666e-01  -3.45423e-02  -2.21445e-01
T1   -6.64898e-01   2.45091e-01   4.33942e-01   1.86161e-01  -4.60723e-01   9.76949e-02   1.65434e-01  -4.59310e-01   4.71687e-02   2.01279e-01   1.84195e-01   9.78953e-02   8.78191e-01   1.33856e-01   2.35916e-02   7.10790e-02   1.21378e-01   1.27339e-01  -1.90965e-01  -7.43596e-02   1.80283e-01
T2   -6.33664e-01   2.21970e-01   1.86161e-01  -1.92782e-01   4.35923e-02   6.48667e-03   9.50370e-02   2.32849e-01  -5.59504e-02   5.86027e-02   2.37597e-01   3.40486e-01   1.55396e-01   1.51909e-01   1.22117e-01   6.36654e-02  -2.72106e-02   1.46960e-03   1.86569e-02  -1.24762e-02   2.27902e-01
T3   -1.10218e+00   2.95056e-01  -4.60723e-01   4.35923e-02   4.22862e-01   1.79166e-01   2.43628e-01   6.76822e-01   5.31897e-02  -2.27665e-01   4.20072e-01   4.89036e-01  -3.28155e-01   3.08186e-01   3.13579e-01   2.12361e-01   5.15105e-02   1.21405e-01   4.91552e-02  -4.09237e-02   3.44891e-01
T4    2.16437e+00  -1.54838e-01   9.76949e-02   6.48667e-03   1.79166e-01  -1.44110e+00   7.70412e-02   2.89051e-01  -1.59810e-01  -1.88446e-01  -3.06061e-01  -2.84903e-01   2.07398e-01  -3.28114e-01  -4.10840e-01  -1.29779e-01  -1.03463e-01  -7.68351e-02  -3.86653e-01  -2.21381e-01  -3.17970e-01
T5   -6.51975e-01   2.21324e-01   1.65434e-01   9.50370e-02   2.43628e-01   7.70412e-02   1.03770e-01   3.65160e-01   7.59677e-02   1.35706e-01   1.82319e-01   1.98454e-01   3.41304e-01   1.01402e-01   8.09916e-02   9.02125e-02   8.70257e-02   7.18340e-02  -1.26063e-01  -1.13647e-02   1.86605e-01
T6   -1.37657e+00   4.01426e-01  -4.59310e-01   2.32849e-01   6.76822e-01   2.89051e-01   3.65160e-01   7.12325e-01   2.56246e-01  -1.15518e-01   3.34371e-01   4.02018e-01  -3.02066e-01   2.96434e-01   2.43506e-01   3.15848e-01   1.90796e-01   2.25175e-01  -6.23667e-03  -3.80758e-02   3.08764e-01
T7   -7.71254e-01  -3.91372e-02   4.71687e-02  -5.59504e-02   5.31897e-02  -1.59810e-01   7.59677e-02   2.56246e-01  -1.53584e-01  -2.36480e-02   8.01672e-02   1.60381e-01   1.72564e-01  -1.50189e-02  -5.19633e-03  -2.88709e-02  -5.25861e-02  -1.77115e-02  -5.22622e-02  -2.95699e-02   1.20071e-02
T8    4.03524e-01   1.21536e-01   2.01279e-01   5.86027e-02  -2.27665e-01  -1.88446e-01   1.35706e-01  -1.15518e-01  -2.36480e-02  -3.75297e-01   9.63522e-02   8.70051e-02   4.69765e-01  -5.73620e-02  -8.38700e-02   1.74763e-02  -4.48768e-02  -1.17939e-03  -2.68834e-01  -2.04760e-01   8.70852e-02
T9    5.62927e-01  -1.77825e-01   1.84195e-01   2.37597e-01   4.20072e-01  -3.06061e-01   1.82319e-01   3.34371e-01   8.01672e-02   9.63522e-02  -6.19213e-01  -5.05599e-01   2.44890e-01  -3.69145e-01  -5.19703e-01   1.09898e-01   8.17738e-02  -5.66938e-02  -3.70134e-01  -3.46264e-01  -4.57009e-01
T10   -1.21166e-01  -1.52719e-01   9.78953e-02   3.40486e-01   4.89036e-01  -2.84903e-01   1.98454e-01   4.02018e-01   1.60381e-01   8.70051e-02  -5.05599e-01  -5.58531e-01   3.40058e-01  -3.37436e-01  -5.12795e-01   9.52341e-02   1.68616e-01   4.05832e-02  -4.52215e-01  -2.98278e-01  -4.15833e-01
T11   -1.27821e+00   4.54648e-01   8.78191e-01   1.55396e-01  -3.28155e-01   2.07398e-01   3.41304e-01  -3.02066e-01   1.72564e-01   4.69765e-01   2.44890e-01   3.40058e-01   7.84771e-01   3.05565e-01   2.25537e-01   3.95940e-01   1.96742e-01   2.12283e-01   1.16327e-01  -2.74020e-02   2.74196e-01
T12    1.47090e+00  -1.14048e-01   1.33856e-01   1.51909e-01   3.08186e-01  -3.28114e-01   1.01402e-01   2.96434e-01  -1.50189e-02  -5.73620e-02  -3.69145e-01  -3.37436e-01   3.05565e-01  -6.94924e-01  -5.08743e-01  -1.00333e-03   6.44671e-02  -6.13535e-03  -4.85684e-01  -3.14288e-01  -2.82379e-01
T13    1.17378e+00  -1.48135e-01   2.35916e-02   1.22117e-01   3.13579e-01  -4.10840e-01   8.09916e-02   2.43506e-01  -5.19633e-03  -8.38700e-02  -5.19703e-01  -5.12795e-01   2.25537e-01  -5.08743e-01  -6.96276e-01  -5.81230e-02   1.05755e-02  -4.10035e-02  -5.99477e-01  -4.78376e-01  -4.01564e-01
T14   -4.95175e-01   6.95205e-02   7.10790e-02   6.36654e-02   2.12361e-01  -1.29779e-01   9.02125e-02   3.15848e-01  -2.88709e-02   1.74763e-02   1.09898e-01   9.52341e-02   3.95940e-01  -1.00333e-03  -5.81230e-02  -4.77752e-02   8.27391e-02   6.26086e-02  -3.65999e-01  -2.47119e-01   6.06301e-02
T15   -7.31710e-01   8.67358e-02   1.21378e-01  -2.72106e-02   5.15105e-02  -1.03463e-01   8.70257e-02   1.90796e-01  -5.25861e-02  -4.48768e-02   8.17738e-02   1.68616e-01   1.96742e-01   6.44671e-02   1.05755e-02   8.27391e-02  -9.51639e-02  -2.98356e-02  -2.63866e-02   5.55036e-03   3.82527e-02
T16   -5.03504e-01   2.72781e-02   1.27339e-01   1.46960e-03   1.21405e-01  -7.68351e-02   7.18340e-02   2.25175e-01  -1.77115e-02  -1.17939e-03  -5.66938e-02   4.05832e-02   2.12283e-01  -6.13535e-03  -4.10035e-02   6.26086e-02  -2.98356e-02  -1.12255e-01  -4.10463e-02  -1.91613e-02  -1.05899e-01
T17    2.28634e+00  -1.18666e-01  -1.90965e-01   1.86569e-02   4.91552e-02  -3.86653e-01  -1.26063e-01  -6.23667e-03  -5.22622e-02  -2.68834e-01  -3.70134e-01  -4.52215e-01   1.16327e-01  -4.85684e-01  -5.99477e-01  -3.65999e-01  -2.63866e-02  -4.10463e-02  -7.66947e-01  -4.46917e-01  -3.06808e-01
T18    9.05996e-01  -3.45423e-02  -7.43596e-02  -1.24762e-02  -4.09237e-02  -2.21381e-01  -1.13647e-02  -3.80758e-02  -2.95699e-02  -2.04760e-01  -3.46264e-01  -2.98278e-01  -2.74020e-02  -3.14288e-01  -4.78376e-01  -2.47119e-01   5.55036e-03  -1.91613e-02  -4.46917e-01  -3.32515e-01  -2.33556e-01
T19    1.80702e-01  -2.21445e-01   1.80283e-01   2.27902e-01   3.44891e-01  -3.17970e-01   1.86605e-01   3.08764e-01   1.20071e-02   8.70852e-02  -4.57009e-01  -4.15833e-01   2.74196e-01  -2.82379e-01  -4.01564e-01   6.06301e-02   3.82527e-02  -1.05899e-01  -3.06808e-01  -2.33556e-01  -5.00627e-01
