T0   -4.13263e-01  -1.33290e-01   4.90383e-02   8.13060e-02   7.05938e-02  -4.76878e-02   4.76904e-02   1.03768e-01  -2.74543e-02   4.21279e-02  -7.44989e-02  -9.14859e-02   1.53987e-01  -6.38770e-02  -4.53508e-02   1.89424e-02   2.40469e-02  -9.09245e-03  -3.42718e-02   2.52191e-05  -1.00906e-01
T1   -1.02994e+00   4.90383e-02   1.41704e-01   9.17435e-02  -1.83638e-01   1.24330e-02   1.01471e-01  -1.56920e-01   3.31259e-03   5.63810e-02   1.27250e-01   8.31229e-02   3.84919e-01   7.71560e-02   6.59304e-02   8.21278e-03   4.20563e-02   7.00117e-02  -3.26998e-03   3.82024e-02   6.43365e-02
T2   -7.27656e-01   8.13060e-02   9.17435e-02  -1.27334e-01   1.85057e-02   4.32573e-03   3.07192e-02   1.16705e-01  -1.64215e-02   2.12888e-02   5.58928e-02   1.20042e-01   4.13708e-02   2.02878e-02   3.40620e-02   4.83406e-02  -2.41280e-02  -2.97207e-03   9.91349e-03  -2.87381e-02   8.89870e-02
T3   -1.28447e+00   7.05938e-02  -1.83638e-01   1.85057e-02   1.38091e-01   6.06847e-02   9.30680e-02   2.31559e-01   7.39574e-03  -7.65818e-02   1.25488e-01   1.34592e-01  -1.13143e-01   7.94934e-02   1.01642e-01   5.70306e-02   4.18789e-02   4.62841e-02   1.82473e-02  -4.76766e-03   1.13710e-01
T4    2.58451e+00  -4.76878e-02   1.24330e-02   4.32573e-03   6.06847e-02  -7.23129e-01   1.41380e-03   8.11647e-02  -4.08548e-02  -8.98975e-02  -1.16435e-01  -1.16123e-01   4.70744e-02  -1.51607e-01  -1.54995e-01  -5.31332e-02  -6.94089e-02  -4.09700e-02  -1.37535e-01  -7.98267e-02  -1.24378e-01
T5   -8.45605e-01   4.76904e-02   1.01471e-01   3.07192e-02   9.30680e-02   1.41380e-03   1.94823e-03   1.66133e-01   3.77893e-02   4.94827e-02   7.45980e-02   5.94808e-02   1.82139e-01   2.44518e-02   4.39157e-02   3.04210e-02   2.28082e-02   2.57213e-02  -2.86030e-02   7.33837e-03   6.54913e-02
T6   -1.72014e+00   1.03768e-01  -1.56920e-01   1.16705e-01   2.31559e-01   8.11647e-02   1.66133e-01   1.97035e-01   9.78488e-02  -1.60707e-02   9.68596e-02   1.20882e-01  -8.84320e-02   9.70462e-02   9.46884e-02   1.13377e-01   1.00176e-01   1.08917e-01   3.55976e-02   7.71035e-03   9.08349e-02
T7   -5.92510e-01  -2.74543e-02   3.31259e-03  -1.64215e-02   7.39574e-03  -4.08548e-02   3.77893e-02   9.78488e-02  -9.70097e-02  -3.87810e-02   1.53510e-02   2.87500e-02   7.38785e-02  -3.22231e-02  -4.44398e-03  -1.50995e-02  -1.43919e-02  -1.33847e-02  -2.39685e-02  -4.32980e-03  -1.56398e-02
T8    3.39885e-01   4.21279e-02   5.63810e-02   2.12888e-02  -7.65818e-02  -8.98975e-02   4.94827e-02  -1.60707e-02  -3.87810e-02  -2.30807e-01   6.30778e-02   5.10790e-02   1.94169e-01  -2.85026e-02  -2.08802e-02   1.08203e-02  -2.06897e-02   2.92923e-03  -8.54807e-02  -4.13319e-02   4.07328e-02
T9    8.27283e-01  -7.44989e-02   1.27250e-01   5.58928e-02   1.25488e-01  -1.16435e-01   7.45980e-02   9.68596e-02   1.53510e-02   6.30778e-02  -2.78392e-01  -1.91806e-01   7.14596e-02  -1.29617e-01  -1.88105e-01   5.82553e-02   6.95193e-03  -3.73609e-02  -7.63300e-02  -9.60713e-02  -1.85628e-01
T10    8.14799e-02  -9.14859e-02   8.31229e-02   1.20042e-01   1.34592e-01  -1.16123e-01   5.94808e-02   1.20882e-01   2.87500e-02   5.10790e-02  -1.91806e-01  -2.31677e-01   1.59379e-01  -1.08455e-01  -1.72596e-01   3.78469e-02   2.21310e-02   2.60873e-04  -1.10353e-01  -6.12109e-02  -1.62643e-01
T11   -1.71824e+00   1.53987e-01   3.84919e-01   4.13708e-02  -1.13143e-01   4.70744e-02   1.82139e-01  -8.84320e-02   7.38785e-02   1.94169e-01   7.14596e-02   1.59379e-01   1.91945e-01   1.27367e-01   9.31780e-02   1.54453e-01   7.97074e-02   1.05904e-01   1.30874e-01   1.55316e-02   8.77767e-02
T12    1.72143e+00  -6.38770e-02   7.71560e-02   2.02878e-02   7.94934e-02  -1.51607e-01   2.44518e-02   9.70462e-02  -3.22231e-02  -2.85026e-02  -1.29617e-01  -1.08455e-01   1.27367e-01  -3.91814e-01  -1.63586e-01  -3.85100e-03  -1.17995e-03  -2.35983e-02  -1.08913e-01  -8.02965e-02  -1.03328e-01
T13    1.16609e+00  -4.53508e-02   6.59304e-02   3.40620e-02   1.01642e-01  -1.54995e-01   4.39157e-02   9.46884e-02  -4.44398e-03  -2.08802e-02  -1.88105e-01  -1.72596e-01   9.31780e-02  -1.63586e-01  -2.57097e-01   1.42070e-02  -1.57172e-02  -1.76537e-02  -1.82570e-01  -1.48314e-01  -1.41184e-01
T14   -5.91220e-01   1.89424e-02   8.21278e-03   4.83406e-02   5.70306e-02  -5.31332e-02   3.04210e-02   1.13377e-01  -1.50995e-02   1.08203e-02   5.82553e-02   3.78469e-02   1.54453e-01  -3.85100e-03   1.42070e-02  -8.28288e-02   4.50273e-02   3.97316e-02  -1.00197e-01  -6.28276e-02   2.31398e-02
T15   -6.44821e-01   2.40469e-02   4.20563e-02  -2.41280e-02   4.18789e-02  -6.94089e-02   2.28082e-02   1.00176e-01  -1.43919e-02  -2.06897e-02   6.95193e-03   2.21310e-02   7.97074e-02  -1.17995e-03  -1.57172e-02   4.50273e-02  -5.82227e-02  -1.74001e-02  -1.88350e-02  -1.55131e-02   1.14716e-02
T16   -4.01280e-01  -9.09245e-03   7.00117e-02  -2.97207e-03   4.62841e-02  -4.09700e-02   2.57213e-02   1.08917e-01  -1.33847e-02   2.92923e-03  -3.73609e-02   2.60873e-04   1.05904e-01  -2.35983e-02  -1.76537e-02   3.97316e-02  -1.74001e-02  -6.81395e-02  -8.64953e-03  -1.65516e-02  -5.14195e-02
T17    1.98047e+00  -3.42718e-02  -3.26998e-03   9.91349e-03   1.82473e-02  -1.37535e-01  -2.86030e-02   3.55976e-02  -2.39685e-02  -8.54807e-02  -7.63300e-02  -1.10353e-01   1.30874e-01  -1.08913e-01  -1.82570e-01  -1.00197e-01  -1.88350e-02  -8.64953e-03  -3.41316e-01  -1.37683e-01  -7.18713e-02
T18    7.62110e-01   2.52191e-05   3.82024e-02  -2.87381e-02  -4.76766e-03  -7.98267e-02   7.33837e-03   7.71035e-03  -4.32980e-03  -4.13319e-02  -9.60713e-02  -6.12109e-02   1.55316e-02  -8.02965e-02  -1.48314e-01  -6.28276e-02  -1.55131e-02  -1.65516e-02  -1.37683e-01  -1.22477e-01  -5.94088e-02
T19    5.05873e-01  -1.00906e-01   6.43365e-02   8.89870e-02   1.13710e-01  -1.24378e-01   6.54913e-02   9.08349e-02  -1.56398e-02   4.07328e-02  -1.85628e-01  -1.62643e-01   8.77767e-02  -1.03328e-01  -1.41184e-01   2.31398e-02   1.14716e-02  -5.14195e-02  -7.18713e-02  -5.94088e-02  -2.17260e-01
