T0   -4.31199e-01  -7.40725e-02   1.83920e-02   4.49391e-02   2.13200e-02  -1.81646e-03   1.77432e-02   3.84138e-02  -2.51954e-02   1.71997e-02  -1.76756e-02  -3.57915e-02   7.54141e-02  -2.26027e-02  -9.23641e-03   6.28510e-03   1.58441e-02  -1.25683e-03  -1.02518e-02   1.14058e-02  -3.67178e-02
T1   -1.05863e+00   1.83920e-02   4.56481e-02   7.78032e-02  -5.44652e-02  -2.14105e-04   6.58928e-02  -4.72283e-02   2.29100e-02   3.60538e-02   3.42473e-02  -5.60399e-03   2.15345e-01  -8.34860e-03  -1.64239e-03   5.80722e-03   4.83897e-02   5.97257e-02  -1.97182e-02   8.50384e-03   1.26488e-02
T2   -7.85468e-01   4.49391e-02   7.78032e-02  -7.83579e-02   2.01147e-02   1.55962e-02   2.54113e-02   8.03155e-02  -5.86022e-03   2.84383e-02   3.77157e-03   4.36398e-02   3.90545e-02  -2.89990e-03   1.91102e-03   3.31218e-02  -1.20085e-02   5.55855e-04  -7.92827e-04  -2.81325e-02   3.88105e-02
T3   -1.37146e+00   2.13200e-02  -5.44652e-02   2.01147e-02   6.48513e-02   4.81034e-02   6.51818e-02   1.32896e-01  -1.73211e-03  -1.20332e-02   3.11988e-02   4.14609e-02  -1.08963e-02   2.17345e-02   2.97131e-02   3.00567e-02   3.23325e-02   2.66174e-02  -8.79817e-03  -1.11985e-03   3.66328e-02
T4    2.34178e+00  -1.81646e-03  -2.14105e-04   1.55962e-02   4.81034e-02  -4.43119e-01   1.04175e-03   5.21554e-02  -9.35509e-03  -5.29208e-02  -4.47943e-02  -4.35488e-02   2.12755e-02  -6.89888e-02  -6.34076e-02  -1.21186e-02  -3.31948e-02  -6.98137e-03  -6.32277e-02  -2.74567e-02  -4.59361e-02
T5   -8.79139e-01   1.77432e-02   6.58928e-02   2.54113e-02   6.51818e-02   1.04175e-03  -2.41035e-02   1.03148e-01   3.64652e-02   3.49220e-02   1.50333e-02  -7.63640e-03   1.20440e-01  -1.25811e-02  -6.20211e-03   1.92210e-02   2.38365e-02   2.95708e-02  -3.38060e-02  -8.19138e-03   2.75060e-02
T6   -1.80747e+00   3.84138e-02  -4.72283e-02   8.03155e-02   1.32896e-01   5.21554e-02   1.03148e-01   1.04969e-01   4.84053e-02   1.22650e-02   7.31175e-03   1.22280e-02  -6.62356e-03   1.29488e-02   8.45604e-03   6.20410e-02   7.24979e-02   7.17080e-02   1.91766e-03  -2.47561e-04   2.62867e-02
T7   -6.11914e-01  -2.51954e-02   2.29100e-02  -5.86022e-03  -1.73211e-03  -9.35509e-03   3.64652e-02   4.84053e-02  -6.23548e-02  -1.43921e-02   1.02708e-02   2.13440e-02   6.87660e-02  -1.30673e-02   1.17714e-02  -1.26924e-02  -1.10594e-02  -1.21314e-02  -8.76910e-04   9.36887e-03  -8.02047e-03
T8    3.77618e-01   1.71997e-02   3.60538e-02   2.84383e-02  -1.20332e-02  -5.29208e-02   3.49220e-02   1.22650e-02  -1.43921e-02  -1.29902e-01   1.44334e-02   4.23916e-03   1.25688e-01  -3.62267e-02  -3.04363e-02  -1.99091e-03   2.42370e-03   1.14612e-02  -5.43428e-02  -2.74521e-02   1.50414e-02
T9    9.55326e-01  -1.76756e-02   3.42473e-02   3.77157e-03   3.11988e-02  -4.47943e-02   1.50333e-02   7.31175e-03   1.02708e-02   1.44334e-02  -1.39007e-01  -7.44918e-02  -1.96004e-02  -4.59871e-02  -7.61842e-02   3.31417e-02  -4.95228e-03  -1.88244e-02  -6.65999e-03  -3.88768e-02  -7.80632e-02
T10    2.54457e-01  -3.57915e-02  -5.60399e-03   4.36398e-02   4.14609e-02  -4.35488e-02  -7.63640e-03   1.22280e-02   2.13440e-02   4.23916e-03  -7.44918e-02  -1.06879e-01   2.60202e-02  -3.07477e-02  -6.92362e-02   1.63403e-02   1.94722e-03  -2.19933e-03  -3.61160e-02  -1.89152e-02  -6.60942e-02
T11   -1.82391e+00   7.54141e-02   2.15345e-01   3.90545e-02  -1.08963e-02   2.12755e-02   1.20440e-01  -6.62356e-03   6.87660e-02   1.25688e-01  -1.96004e-02   2.60202e-02   6.14419e-02   8.36867e-03  -6.00773e-03   8.61020e-02   6.96107e-02   7.65127e-02   3.99827e-02  -1.35462e-02   1.95569e-02
T12    1.89708e+00  -2.26027e-02  -8.34860e-03  -2.89990e-03   2.17345e-02  -6.89888e-02  -1.25811e-02   1.29488e-02  -1.30673e-02  -3.62267e-02  -4.59871e-02  -3.07477e-02   8.36867e-03  -2.64571e-01  -5.57682e-02   1.45667e-03  -6.24048e-03  -8.71234e-03  -3.20095e-02  -2.52904e-02  -2.80095e-02
T13    1.34426e+00  -9.23641e-03  -1.64239e-03   1.91102e-03   2.97131e-02  -6.34076e-02  -6.20211e-03   8.45604e-03   1.17714e-02  -3.04363e-02  -7.61842e-02  -6.92362e-02  -6.00773e-03  -5.57682e-02  -1.19768e-01   8.70540e-03  -1.55546e-02  -1.70435e-02  -7.37086e-02  -6.99401e-02  -5.68374e-02
T14   -6.39935e-01   6.28510e-03   5.80722e-03   3.31218e-02   3.00567e-02  -1.21186e-02   1.92210e-02   6.20410e-02  -1.26924e-02  -1.99091e-03   3.31417e-02   1.63403e-02   8.61020e-02   1.45667e-03   8.70540e-03  -5.95675e-02   2.91568e-02   2.06521e-02  -4.96902e-02  -2.24119e-02   1.07362e-02
T15   -7.04464e-01   1.58441e-02   4.83897e-02  -1.20085e-02   3.23325e-02  -3.31948e-02   2.38365e-02   7.24979e-02  -1.10594e-02   2.42370e-03  -4.95228e-03   1.94722e-03   6.96107e-02  -6.24048e-03  -1.55546e-02   2.91568e-02  -4.00711e-02  -7.61137e-03  -1.37336e-02  -8.45751e-03   5.12907e-03
T16   -4.62340e-01  -1.25683e-03   5.97257e-02   5.55855e-04   2.66174e-02  -6.98137e-03   2.95708e-02   7.17080e-02  -1.21314e-02   1.14612e-02  -1.88244e-02  -2.19933e-03   7.65127e-02  -8.71234e-03  -1.70435e-02   2.06521e-02  -7.61137e-03  -4.05991e-02  -9.56220e-03  -1.06553e-02  -2.54035e-02
T17    2.07427e+00  -1.02518e-02  -1.97182e-02  -7.92827e-04  -8.79817e-03  -6.32277e-02  -3.38060e-02   1.91766e-03  -8.76910e-04  -5.43428e-02  -6.65999e-03  -3.61160e-02   3.99827e-02  -3.20095e-02  -7.37086e-02  -4.96902e-02  -1.37336e-02  -9.56220e-03  -2.12342e-01  -7.12390e-02  -1.93749e-02
T18    8.37133e-01   1.14058e-02   8.50384e-03  -2.81325e-02  -1.11985e-03  -2.74567e-02  -8.19138e-03  -2.47561e-04   9.36887e-03  -2.74521e-02  -3.88768e-02  -1.89152e-02  -1.35462e-02  -2.52904e-02  -6.99401e-02  -2.24119e-02  -8.45751e-03  -1.06553e-02  -7.12390e-02  -8.06671e-02  -1.31180e-02
T19    4.94004e-01  -3.67178e-02   1.26488e-02   3.88105e-02   3.66328e-02  -4.59361e-02   2.75060e-02   2.62867e-02  -8.02047e-03   1.50414e-02  -7.80632e-02  -6.60942e-02   1.95569e-02  -2.80095e-02  -5.68374e-02   1.07362e-02   5.12907e-03  -2.54035e-02  -1.93749e-02  -1.31180e-02  -1.03611e-01
