T0   -6.80978e-01  -1.83580e-01   3.90893e-01   4.06810e-01   5.86845e-01  -2.92269e-01   3.63881e-01   6.30568e-01   1.13455e-01   1.66940e-01  -4.85096e-01  -4.96047e-01   7.60697e-01  -3.66715e-01  -4.72926e-01   1.67182e-01   2.47608e-01   3.86300e-02  -3.02345e-01  -2.41598e-01  -4.73155e-01
T1   -5.76289e-01   3.90893e-01   7.01724e-01   3.79029e-01  -5.76529e-01   4.34647e-02   3.07469e-01  -5.33793e-01   2.22257e-01   3.45999e-01   1.93275e-01   8.56171e-02   1.39376e+00   9.38035e-02  -3.98542e-02   3.62768e-01   3.22925e-01   2.96410e-01  -3.22118e-01  -1.76726e-01   1.79459e-01
T2   -5.49900e-01   4.06810e-01   3.79029e-01  -1.78763e-01   1.62352e-01   7.20152e-02   1.92813e-01   4.18994e-01   8.27706e-02   1.33300e-01   2.86398e-01   3.59945e-01   3.99332e-01   1.49392e-01   1.50617e-01   2.67273e-01   4.70188e-02   4.34742e-02   9.22033e-02  -3.45528e-02   2.81863e-01
T3   -9.83405e-01   5.86845e-01  -5.76529e-01   1.62352e-01   8.56511e-01   3.45445e-01   5.04181e-01   1.27542e+00   3.77017e-01  -3.34225e-01   5.75684e-01   6.13720e-01  -3.04046e-01   4.96682e-01   5.39222e-01   5.14957e-01   1.04887e-01   1.91465e-01   2.71183e-01  -1.26436e-01   5.25894e-01
T4    2.17084e+00  -2.92269e-01   4.34647e-02   7.20152e-02   3.45445e-01  -2.25387e+00   5.42020e-02   3.46979e-01  -1.89363e-01  -4.55637e-01  -6.47182e-01  -6.73531e-01   2.72620e-01  -6.60701e-01  -7.55945e-01  -2.99024e-01  -7.82497e-02  -1.46901e-01  -5.94674e-01  -4.45363e-01  -6.49766e-01
T5   -4.43463e-01   3.63881e-01   3.07469e-01   1.92813e-01   5.04181e-01   5.42020e-02   1.96451e-01   6.21456e-01   3.10068e-01   1.84094e-01   1.11300e-01   7.07254e-02   5.27057e-01   1.32375e-02   2.48282e-02   2.45117e-01   2.18677e-01   9.11399e-02  -7.04875e-02  -4.15924e-02   1.01977e-01
T6   -1.12885e+00   6.30568e-01  -5.33793e-01   4.18994e-01   1.27542e+00   3.46979e-01   6.21456e-01   1.39711e+00   6.36164e-01  -1.96518e-01   3.48870e-01   3.73957e-01  -3.14090e-01   3.50990e-01   3.41716e-01   5.26978e-01   2.85136e-01   2.88077e-01   1.75004e-01  -1.03238e-01   3.26761e-01
T7   -9.24586e-01   1.13455e-01   2.22257e-01   8.27706e-02   3.77017e-01  -1.89363e-01   3.10068e-01   6.36164e-01  -1.47512e-01   1.32878e-01   7.89131e-02   1.46038e-01   4.86182e-01  -5.49179e-02  -6.60848e-02   1.77345e-01   1.01120e-01   8.70977e-02  -8.52899e-02  -3.75096e-02   8.07517e-03
T8    4.91883e-01   1.66940e-01   3.45999e-01   1.33300e-01  -3.34225e-01  -4.55637e-01   1.84094e-01  -1.96518e-01   1.32878e-01  -5.19852e-01   5.54485e-02  -2.29257e-02   6.66678e-01  -1.98304e-01  -2.68617e-01   1.06295e-01  -6.59088e-02  -8.13983e-03  -3.61345e-01  -4.02948e-01   2.65059e-02
T9    5.16100e-01  -4.85096e-01   1.93275e-01   2.86398e-01   5.75684e-01  -6.47182e-01   1.11300e-01   3.48870e-01   7.89131e-02   5.54485e-02  -9.84959e-01  -8.80282e-01   2.98405e-01  -7.06237e-01  -7.28916e-01   1.69191e-02   1.00798e-01  -1.10351e-01  -3.72277e-01  -5.30073e-01  -8.43724e-01
T10    2.62061e-02  -4.96047e-01   8.56171e-02   3.59945e-01   6.13720e-01  -6.73531e-01   7.07254e-02   3.73957e-01   1.46038e-01  -2.29257e-02  -8.80282e-01  -9.54506e-01   3.18590e-01  -6.76625e-01  -7.30672e-01  -7.72075e-02   1.38351e-01  -5.22719e-02  -4.35626e-01  -5.31829e-01  -8.43194e-01
T11   -1.03929e+00   7.60697e-01   1.39376e+00   3.99332e-01  -3.04046e-01   2.72620e-01   5.27057e-01  -3.14090e-01   4.86182e-01   6.66678e-01   2.98405e-01   3.18590e-01   1.67201e+00   3.33055e-01   2.46348e-01   8.84630e-01   4.73910e-01   3.98074e-01   1.24653e-01  -1.23833e-01   3.01941e-01
T12    1.58283e+00  -3.66715e-01   9.38035e-02   1.49392e-01   4.96682e-01  -6.60701e-01   1.32375e-02   3.50990e-01  -5.49179e-02  -1.98304e-01  -7.06237e-01  -6.76625e-01   3.33055e-01  -1.08947e+00  -8.22573e-01  -2.14450e-01   3.36118e-02  -7.66950e-02  -6.19149e-01  -5.90289e-01  -6.37155e-01
T13    8.18826e-01  -4.72926e-01  -3.98542e-02   1.50617e-01   5.39222e-01  -7.55945e-01   2.48282e-02   3.41716e-01  -6.60848e-02  -2.68617e-01  -7.28916e-01  -7.30672e-01   2.46348e-01  -8.22573e-01  -9.65211e-01  -2.63998e-01  -2.68139e-02  -5.92171e-05  -6.31166e-01  -6.65983e-01  -6.65428e-01
T14   -4.56008e-01   1.67182e-01   3.62768e-01   2.67273e-01   5.14957e-01  -2.99024e-01   2.45117e-01   5.26978e-01   1.77345e-01   1.06295e-01   1.69191e-02  -7.72075e-02   8.84630e-01  -2.14450e-01  -2.63998e-01   1.41860e-01   2.64661e-01   1.84439e-01  -5.60569e-01  -4.73553e-01  -2.83120e-02
T15   -7.52433e-01   2.47608e-01   3.22925e-01   4.70188e-02   1.04887e-01  -7.82497e-02   2.18677e-01   2.85136e-01   1.01120e-01  -6.59088e-02   1.00798e-01   1.38351e-01   4.73910e-01   3.36118e-02  -2.68139e-02   2.64661e-01   1.19055e-02   2.38081e-02  -2.08649e-02   7.10519e-03   5.76789e-02
T16   -5.07994e-01   3.86300e-02   2.96410e-01   4.34742e-02   1.91465e-01  -1.46901e-01   9.11399e-02   2.88077e-01   8.70977e-02  -8.13983e-03  -1.10351e-01  -5.22719e-02   3.98074e-01  -7.66950e-02  -5.92171e-05   1.84439e-01   2.38081e-02  -1.78657e-01   1.73262e-01   1.19469e-03  -1.78316e-01
T17    1.45332e+00  -3.02345e-01  -3.22118e-01   9.22033e-02   2.71183e-01  -5.94674e-01  -7.04875e-02   1.75004e-01  -8.52899e-02  -3.61345e-01  -3.72277e-01  -4.35626e-01   1.24653e-01  -6.19149e-01  -6.31166e-01  -5.60569e-01  -2.08649e-02   1.73262e-01  -6.19526e-01  -3.32508e-01  -2.96844e-01
T18    7.29650e-01  -2.41598e-01  -1.76726e-01  -3.45528e-02  -1.26436e-01  -4.45363e-01  -4.15924e-02  -1.03238e-01  -3.75096e-02  -4.02948e-01  -5.30073e-01  -5.31829e-01  -1.23833e-01  -5.90289e-01  -6.65983e-01  -4.73553e-01   7.10519e-03   1.19469e-03  -3.32508e-01  -4.51234e-01  -4.36476e-01
T19    2.53548e-01  -4.73155e-01   1.79459e-01   2.81863e-01   5.25894e-01  -6.49766e-01   1.01977e-01   3.26761e-01   8.07517e-03   2.65059e-02  -8.43724e-01  -8.43194e-01   3.01941e-01  -6.37155e-01  -6.65428e-01  -2.83120e-02   5.76789e-02  -1.78316e-01  -2.96844e-01  -4.36476e-01  -8.89257e-01
