T0   -4.45412e-01  -7.94989e-02   1.89443e-02   5.29016e-02   2.98162e-02  -6.60812e-03   2.36032e-02   4.88269e-02  -2.60235e-02   2.12527e-02  -2.55268e-02  -4.40941e-02   8.68489e-02  -2.85232e-02  -1.57104e-02   9.62964e-03   2.09623e-02   5.29410e-04  -1.57799e-02   8.76144e-03  -4.51593e-02
T1   -1.05768e+00   1.89443e-02   5.58024e-02   8.09332e-02  -7.14661e-02   1.80526e-03   6.77139e-02  -5.98559e-02   2.35415e-02   3.79260e-02   4.44096e-02   3.52369e-03   2.40475e-01   2.34193e-03   6.80368e-03   5.39464e-03   4.73096e-02   6.20485e-02  -1.03122e-02   1.62196e-02   2.00248e-02
T2   -7.87882e-01   5.29016e-02   8.09332e-02  -8.33297e-02   2.10641e-02   1.50194e-02   2.79147e-02   8.54320e-02  -5.58492e-03   2.85005e-02   8.78966e-03   5.32416e-02   3.81408e-02  -3.34133e-03   4.31198e-03   3.67606e-02  -1.29311e-02   9.03598e-04  -6.86236e-04  -2.98728e-02   4.68552e-02
T3   -1.37191e+00   2.98162e-02  -7.14661e-02   2.10641e-02   7.82116e-02   5.60925e-02   7.13081e-02   1.49765e-01  -1.57122e-03  -1.88137e-02   4.01908e-02   5.13373e-02  -2.23041e-02   2.75381e-02   3.69469e-02   3.57231e-02   3.66812e-02   2.89938e-02  -6.10672e-03  -2.26888e-03   4.59879e-02
T4    2.37921e+00  -6.60812e-03   1.80526e-03   1.50194e-02   5.60925e-02  -4.82356e-01   2.50348e-03   5.99817e-02  -1.31251e-02  -6.00658e-02  -5.33841e-02  -5.20806e-02   2.37307e-02  -8.32332e-02  -7.67049e-02  -1.55317e-02  -3.55108e-02  -1.02255e-02  -7.50436e-02  -3.76293e-02  -5.52596e-02
T5   -8.75737e-01   2.36032e-02   6.77139e-02   2.79147e-02   7.13081e-02   2.50348e-03  -2.20944e-02   1.10002e-01   4.19411e-02   3.53561e-02   2.17539e-02  -2.34784e-03   1.28034e-01  -1.06674e-02  -3.04976e-03   2.18379e-02   2.47732e-02   3.01167e-02  -3.80570e-02  -5.91050e-03   3.41902e-02
T6   -1.80078e+00   4.88269e-02  -5.98559e-02   8.54320e-02   1.49765e-01   5.99817e-02   1.10002e-01   1.15824e-01   5.58319e-02   9.65885e-03   1.71573e-02   2.11938e-02  -1.52422e-02   1.49773e-02   1.72000e-02   7.12069e-02   7.73236e-02   7.99068e-02   6.66974e-03   5.45188e-04   3.55484e-02
T7   -6.46590e-01  -2.60235e-02   2.35415e-02  -5.58492e-03  -1.57122e-03  -1.31251e-02   4.19411e-02   5.58319e-02  -7.00096e-02  -1.68317e-02   1.38107e-02   2.41715e-02   7.40756e-02  -1.57610e-02   1.10604e-02  -1.33718e-02  -1.13356e-02  -1.01552e-02  -4.02428e-03   1.04815e-02  -4.52073e-03
T8    3.72408e-01   2.12527e-02   3.79260e-02   2.85005e-02  -1.88137e-02  -6.00658e-02   3.53561e-02   9.65885e-03  -1.68317e-02  -1.47997e-01   2.04694e-02   8.57017e-03   1.33306e-01  -3.57931e-02  -2.93880e-02  -2.54380e-03  -2.15695e-04   1.42505e-02  -5.85721e-02  -2.96563e-02   1.91681e-02
T9    9.63055e-01  -2.55268e-02   4.44096e-02   8.78966e-03   4.01908e-02  -5.33841e-02   2.17539e-02   1.71573e-02   1.38107e-02   2.04694e-02  -1.60488e-01  -9.15060e-02  -1.31875e-02  -5.67877e-02  -9.29178e-02   3.81170e-02  -3.84092e-03  -2.11949e-02  -1.50962e-02  -4.71908e-02  -9.42467e-02
T10    2.57024e-01  -4.40941e-02   3.52369e-03   5.32416e-02   5.13373e-02  -5.20806e-02  -2.34784e-03   2.11938e-02   2.41715e-02   8.57017e-03  -9.15060e-02  -1.24874e-01   3.70915e-02  -3.98922e-02  -8.38557e-02   2.00569e-02   3.06564e-03  -4.10246e-03  -4.65764e-02  -2.42308e-02  -7.97747e-02
T11   -1.81349e+00   8.68489e-02   2.40475e-01   3.81408e-02  -2.23041e-02   2.37307e-02   1.28034e-01  -1.52422e-02   7.40756e-02   1.33306e-01  -1.31875e-02   3.70915e-02   7.51576e-02   1.83151e-02   6.76694e-03   9.60375e-02   7.46568e-02   8.43803e-02   5.33488e-02  -7.32766e-03   2.87554e-02
T12    1.89849e+00  -2.85232e-02   2.34193e-03  -3.34133e-03   2.75381e-02  -8.32332e-02  -1.06674e-02   1.49773e-02  -1.57610e-02  -3.57931e-02  -5.67877e-02  -3.98922e-02   1.83151e-02  -2.88887e-01  -6.91922e-02   3.57925e-03  -5.51355e-03  -1.00697e-02  -3.88202e-02  -3.54335e-02  -3.92988e-02
T13    1.34447e+00  -1.57104e-02   6.80368e-03   4.31198e-03   3.69469e-02  -7.67049e-02  -3.04976e-03   1.72000e-02   1.10604e-02  -2.93880e-02  -9.29178e-02  -8.38557e-02   6.76694e-03  -6.91922e-02  -1.38647e-01   1.02943e-02  -1.69109e-02  -1.96469e-02  -9.02408e-02  -8.02666e-02  -6.93537e-02
T14   -6.54499e-01   9.62964e-03   5.39464e-03   3.67606e-02   3.57231e-02  -1.55317e-02   2.18379e-02   7.12069e-02  -1.33718e-02  -2.54380e-03   3.81170e-02   2.00569e-02   9.60375e-02   3.57925e-03   1.02943e-02  -6.24128e-02   3.17515e-02   2.47766e-02  -5.67558e-02  -2.95005e-02   1.38531e-02
T15   -7.14518e-01   2.09623e-02   4.73096e-02  -1.29311e-02   3.66812e-02  -3.55108e-02   2.47732e-02   7.73236e-02  -1.13356e-02  -2.15695e-04  -3.84092e-03   3.06564e-03   7.46568e-02  -5.51355e-03  -1.69109e-02   3.17515e-02  -4.04232e-02  -6.26781e-03  -1.51572e-02  -1.06144e-02   7.76467e-03
T16   -4.71407e-01   5.29410e-04   6.20485e-02   9.03598e-04   2.89938e-02  -1.02255e-02   3.01167e-02   7.99068e-02  -1.01552e-02   1.42505e-02  -2.11949e-02  -4.10246e-03   8.43803e-02  -1.00697e-02  -1.96469e-02   2.47766e-02  -6.26781e-03  -4.01628e-02  -1.12145e-02  -1.40531e-02  -2.84768e-02
T17    2.08552e+00  -1.57799e-02  -1.03122e-02  -6.86236e-04  -6.10672e-03  -7.50436e-02  -3.80570e-02   6.66974e-03  -4.02428e-03  -5.85721e-02  -1.50962e-02  -4.65764e-02   5.33488e-02  -3.88202e-02  -9.02408e-02  -5.67558e-02  -1.51572e-02  -1.12145e-02  -2.29574e-01  -7.90776e-02  -3.04097e-02
T18    8.43613e-01   8.76144e-03   1.62196e-02  -2.98728e-02  -2.26888e-03  -3.76293e-02  -5.91050e-03   5.45188e-04   1.04815e-02  -2.96563e-02  -4.71908e-02  -2.42308e-02  -7.32766e-03  -3.54335e-02  -8.02666e-02  -2.95005e-02  -1.06144e-02  -1.40531e-02  -7.90776e-02  -8.53392e-02  -2.23295e-02
T19    4.96116e-01  -4.51593e-02   2.00248e-02   4.68552e-02   4.59879e-02  -5.52596e-02   3.41902e-02   3.55484e-02  -4.52073e-03   1.91681e-02  -9.42467e-02  -7.97747e-02   2.87554e-02  -3.92988e-02  -6.93537e-02   1.38531e-02   7.76467e-03  -2.84768e-02  -3.04097e-02  -2.23295e-02  -1.19605e-01
