T0   -4.22520e-01  -9.61625e-02   2.22671e-02   6.78668e-02   4.74337e-02  -1.53200e-02   2.59644e-02   6.43344e-02  -2.24388e-02   1.86911e-02  -4.34492e-02  -6.44336e-02   1.03533e-01  -4.31393e-02  -3.41696e-02   1.71826e-02   2.93628e-02   3.95698e-03  -2.78031e-02  -2.34990e-03  -6.36344e-02
T1   -1.07826e+00   2.22671e-02   8.72141e-02   8.68300e-02  -1.11858e-01   4.54760e-03   8.08438e-02  -9.53263e-02   1.70094e-02   4.65118e-02   7.49623e-02   3.50139e-02   3.00259e-01   3.15093e-02   3.40597e-02   6.71658e-03   4.38976e-02   6.69713e-02  -2.56116e-03   2.69067e-02   3.67452e-02
T2   -7.84135e-01   6.78668e-02   8.68300e-02  -9.66801e-02   2.27981e-02   9.26039e-03   3.38930e-02   9.98541e-02  -7.67353e-03   2.68200e-02   2.28493e-02   7.31535e-02   4.30970e-02   1.21531e-03   1.40871e-02   4.07624e-02  -1.43751e-02   1.87883e-03   2.85133e-03  -2.75409e-02   5.99217e-02
T3   -1.36088e+00   4.74337e-02  -1.11858e-01   2.27981e-02   1.07543e-01   5.54061e-02   8.51747e-02   1.83303e-01   6.82045e-04  -3.84482e-02   6.48729e-02   7.65686e-02  -5.26535e-02   4.50268e-02   6.28009e-02   4.43358e-02   4.10465e-02   3.77871e-02   4.15972e-03   1.35856e-03   6.72064e-02
T4    2.48742e+00  -1.53200e-02   4.54760e-03   9.26039e-03   5.54061e-02  -5.75563e-01  -1.65063e-03   6.56765e-02  -2.16428e-02  -7.07578e-02  -7.66848e-02  -7.69622e-02   3.29090e-02  -1.09445e-01  -1.08467e-01  -2.80811e-02  -4.71234e-02  -1.59497e-02  -9.39554e-02  -5.79013e-02  -7.94707e-02
T5   -8.73763e-01   2.59644e-02   8.08438e-02   3.38930e-02   8.51747e-02  -1.65063e-03  -1.15105e-02   1.33860e-01   4.69543e-02   4.63180e-02   3.93795e-02   1.44106e-02   1.53267e-01  -2.92005e-03   1.68409e-02   2.66873e-02   2.15219e-02   2.76977e-02  -3.39540e-02  -2.58324e-04   4.21162e-02
T6   -1.78635e+00   6.43344e-02  -9.53263e-02   9.98541e-02   1.83303e-01   6.56765e-02   1.33860e-01   1.51942e-01   7.42206e-02   7.49037e-03   3.78456e-02   4.90681e-02  -3.57513e-02   3.56296e-02   4.34152e-02   9.03304e-02   9.01587e-02   9.21081e-02   2.11621e-02   9.11121e-03   5.36364e-02
T7   -6.68521e-01  -2.24388e-02   1.70094e-02  -7.67353e-03   6.82045e-04  -2.16428e-02   4.69543e-02   7.42206e-02  -8.00443e-02  -2.45355e-02   1.77284e-02   2.97832e-02   7.99666e-02  -1.98598e-02   4.37038e-03  -1.54453e-02  -9.56522e-03  -1.04420e-02  -1.06606e-02   2.06163e-03  -4.91470e-03
T8    3.48333e-01   1.86911e-02   4.65118e-02   2.68200e-02  -3.84482e-02  -7.07578e-02   4.63180e-02   7.49037e-03  -2.45355e-02  -1.72363e-01   3.35836e-02   2.43569e-02   1.60673e-01  -3.33301e-02  -2.52272e-02   3.18025e-03  -1.25647e-02   7.83320e-03  -6.79373e-02  -2.68023e-02   2.59477e-02
T9    9.66566e-01  -4.34492e-02   7.49623e-02   2.28493e-02   6.48729e-02  -7.66848e-02   3.93795e-02   3.78456e-02   1.77284e-02   3.35836e-02  -2.10030e-01  -1.31992e-01   1.03733e-02  -8.64108e-02  -1.30423e-01   4.63763e-02  -3.21140e-03  -3.04540e-02  -4.08218e-02  -6.44831e-02  -1.30876e-01
T10    2.31148e-01  -6.44336e-02   3.50139e-02   7.31535e-02   7.65686e-02  -7.69622e-02   1.44106e-02   4.90681e-02   2.97832e-02   2.43569e-02  -1.31992e-01  -1.68182e-01   7.70483e-02  -6.73944e-02  -1.17215e-01   2.36059e-02   6.93205e-03  -7.49599e-03  -7.10032e-02  -3.45306e-02  -1.13368e-01
T11   -1.79649e+00   1.03533e-01   3.00259e-01   4.30970e-02  -5.26535e-02   3.29090e-02   1.53267e-01  -3.57513e-02   7.99666e-02   1.60673e-01   1.03733e-02   7.70483e-02   1.18635e-01   5.41211e-02   3.80107e-02   1.21484e-01   7.58900e-02   9.32500e-02   8.74177e-02   4.56147e-03   4.47742e-02
T12    1.85702e+00  -4.31393e-02   3.15093e-02   1.21531e-03   4.50268e-02  -1.09445e-01  -2.92005e-03   3.56296e-02  -1.98598e-02  -3.33301e-02  -8.64108e-02  -6.73944e-02   5.41211e-02  -3.33093e-01  -1.01260e-01   2.15215e-04  -7.22270e-03  -1.55925e-02  -6.49973e-02  -5.30102e-02  -6.49733e-02
T13    1.28877e+00  -3.41696e-02   3.40597e-02   1.40871e-02   6.28009e-02  -1.08467e-01   1.68409e-02   4.34152e-02   4.37038e-03  -2.52272e-02  -1.30423e-01  -1.17215e-01   3.80107e-02  -1.01260e-01  -1.83031e-01   1.49027e-02  -2.02641e-02  -2.11019e-02  -1.26869e-01  -1.06341e-01  -9.83298e-02
T14   -6.50127e-01   1.71826e-02   6.71658e-03   4.07624e-02   4.43358e-02  -2.80811e-02   2.66873e-02   9.03304e-02  -1.54453e-02   3.18025e-03   4.63763e-02   2.36059e-02   1.21484e-01   2.15215e-04   1.49027e-02  -6.77126e-02   3.91342e-02   3.23408e-02  -7.10394e-02  -4.29836e-02   1.72847e-02
T15   -6.97060e-01   2.93628e-02   4.38976e-02  -1.43751e-02   4.10465e-02  -4.71234e-02   2.15219e-02   9.01587e-02  -9.56522e-03  -1.25647e-02  -3.21140e-03   6.93205e-03   7.58900e-02  -7.22270e-03  -2.02641e-02   3.91342e-02  -4.26123e-02  -6.22169e-03  -1.84473e-02  -1.48109e-02   1.01847e-02
T16   -4.49726e-01   3.95698e-03   6.69713e-02   1.87883e-03   3.77871e-02  -1.59497e-02   2.76977e-02   9.21081e-02  -1.04420e-02   7.83320e-03  -3.04540e-02  -7.49599e-03   9.32500e-02  -1.55925e-02  -2.11019e-02   3.23408e-02  -6.22169e-03  -4.69249e-02  -1.39521e-02  -1.48308e-02  -3.71044e-02
T17    2.05475e+00  -2.78031e-02  -2.56116e-03   2.85133e-03   4.15972e-03  -9.39554e-02  -3.39540e-02   2.11621e-02  -1.06606e-02  -6.79373e-02  -4.08218e-02  -7.10032e-02   8.74177e-02  -6.49973e-02  -1.26869e-01  -7.10394e-02  -1.84473e-02  -1.39521e-02  -2.70702e-01  -1.00818e-01  -4.79650e-02
T18    8.01459e-01  -2.34990e-03   2.69067e-02  -2.75409e-02   1.35856e-03  -5.79013e-02  -2.58324e-04   9.11121e-03   2.06163e-03  -2.68023e-02  -6.44831e-02  -3.45306e-02   4.56147e-03  -5.30102e-02  -1.06341e-01  -4.29836e-02  -1.48109e-02  -1.48308e-02  -1.00818e-01  -9.53458e-02  -3.70569e-02
T19    5.32366e-01  -6.36344e-02   3.67452e-02   5.99217e-02   6.72064e-02  -7.94707e-02   4.21162e-02   5.36364e-02  -4.91470e-03   2.59477e-02  -1.30876e-01  -1.13368e-01   4.47742e-02  -6.49733e-02  -9.83298e-02   1.72847e-02   1.01847e-02  -3.71044e-02  -4.79650e-02  -3.70569e-02  -1.56274e-01
