T0   -4.42806e-01  -8.64813e-02   1.96775e-02   6.02158e-02   3.75156e-02  -1.01500e-02   2.64805e-02   5.55211e-02  -2.32591e-02   2.10718e-02  -3.28123e-02  -5.14852e-02   9.45011e-02  -3.35192e-02  -2.30971e-02   1.26158e-02   2.44475e-02   1.62655e-03  -2.08055e-02   4.05672e-03  -5.21879e-02
T1   -1.06608e+00   1.96775e-02   6.82803e-02   8.29700e-02  -8.62432e-02   4.69763e-03   7.30575e-02  -7.32538e-02   2.20362e-02   4.10898e-02   5.47092e-02   1.39113e-02   2.63859e-01   1.20480e-02   1.78563e-02   4.86480e-03   4.57980e-02   6.32454e-02  -8.42173e-03   2.23278e-02   2.63140e-02
T2   -7.89110e-01   6.02158e-02   8.29700e-02  -8.74837e-02   2.20518e-02   1.31525e-02   3.09532e-02   8.91179e-02  -4.63091e-03   2.59013e-02   1.45845e-02   6.00821e-02   3.97743e-02  -1.52573e-03   6.69507e-03   3.72542e-02  -1.32306e-02   2.00303e-03  -1.04903e-03  -3.03820e-02   5.27485e-02
T3   -1.36913e+00   3.75156e-02  -8.62432e-02   2.20518e-02   8.77962e-02   5.70486e-02   7.60096e-02   1.60683e-01  -5.83804e-04  -2.70130e-02   4.99070e-02   6.13427e-02  -3.52536e-02   3.09482e-02   4.40295e-02   3.96856e-02   3.81428e-02   3.38924e-02  -6.09771e-04  -1.51285e-04   5.49319e-02
T4    2.42279e+00  -1.01500e-02   4.69763e-03   1.31525e-02   5.70486e-02  -5.17676e-01   3.00299e-03   5.88251e-02  -1.64102e-02  -6.26516e-02  -6.17042e-02  -6.12548e-02   2.69063e-02  -9.22926e-02  -9.07890e-02  -2.19244e-02  -3.97326e-02  -1.08856e-02  -8.13022e-02  -4.56619e-02  -6.31623e-02
T5   -8.75712e-01   2.64805e-02   7.30575e-02   3.09532e-02   7.60096e-02   3.00299e-03  -1.98944e-02   1.20005e-01   4.23326e-02   3.79170e-02   2.77223e-02   1.40689e-03   1.36593e-01  -7.84572e-03   6.77787e-03   2.59514e-02   2.49924e-02   2.86753e-02  -3.89643e-02  -2.54316e-03   3.75120e-02
T6   -1.79582e+00   5.55211e-02  -7.32538e-02   8.91179e-02   1.60683e-01   5.88251e-02   1.20005e-01   1.27844e-01   6.11471e-02   8.47205e-03   2.50181e-02   3.04455e-02  -2.21142e-02   1.97273e-02   2.71344e-02   7.87606e-02   8.42460e-02   8.55630e-02   1.46628e-02   5.75872e-03   4.35992e-02
T7   -6.65179e-01  -2.32591e-02   2.20362e-02  -4.63091e-03  -5.83804e-04  -1.64102e-02   4.23326e-02   6.11471e-02  -7.40254e-02  -2.14045e-02   1.69706e-02   2.63910e-02   7.63552e-02  -1.77890e-02   9.96200e-03  -1.40346e-02  -1.02540e-02  -1.06056e-02  -6.38488e-03   8.53021e-03  -4.61654e-03
T8    3.63009e-01   2.10718e-02   4.10898e-02   2.59013e-02  -2.70130e-02  -6.26516e-02   3.79170e-02   8.47205e-03  -2.14045e-02  -1.60098e-01   2.61694e-02   1.37165e-02   1.44702e-01  -3.35197e-02  -2.69773e-02   9.43325e-05  -4.91764e-03   1.19434e-02  -6.02724e-02  -2.85930e-02   2.34725e-02
T9    9.70090e-01  -3.28123e-02   5.47092e-02   1.45845e-02   4.99070e-02  -6.17042e-02   2.77223e-02   2.50181e-02   1.69706e-02   2.61694e-02  -1.80534e-01  -1.07066e-01  -6.75389e-03  -6.77520e-02  -1.07651e-01   4.19227e-02  -4.27453e-03  -2.42776e-02  -2.54144e-02  -5.41332e-02  -1.08100e-01
T10    2.55500e-01  -5.14852e-02   1.39113e-02   6.00821e-02   6.13427e-02  -6.12548e-02   1.40689e-03   3.04455e-02   2.63910e-02   1.37165e-02  -1.07066e-01  -1.42256e-01   4.95786e-02  -5.13404e-02  -9.68824e-02   2.19805e-02   4.76512e-03  -4.66029e-03  -5.58095e-02  -2.79499e-02  -9.21737e-02
T11   -1.80679e+00   9.45011e-02   2.63859e-01   3.97743e-02  -3.52536e-02   2.69063e-02   1.36593e-01  -2.21142e-02   7.63552e-02   1.44702e-01  -6.75389e-03   4.95786e-02   9.18374e-02   3.24617e-02   1.87162e-02   1.08218e-01   7.71937e-02   8.97317e-02   6.42873e-02  -2.99727e-03   3.40240e-02
T12    1.88940e+00  -3.35192e-02   1.20480e-02  -1.52573e-03   3.09482e-02  -9.22926e-02  -7.84572e-03   1.97273e-02  -1.77890e-02  -3.35197e-02  -6.77520e-02  -5.13404e-02   3.24617e-02  -3.04552e-01  -7.98764e-02   3.02146e-03  -7.72856e-03  -1.16591e-02  -4.67081e-02  -4.21663e-02  -4.94744e-02
T13    1.33085e+00  -2.30971e-02   1.78563e-02   6.69507e-03   4.40295e-02  -9.07890e-02   6.77787e-03   2.71344e-02   9.96200e-03  -2.69773e-02  -1.07651e-01  -9.68824e-02   1.87162e-02  -7.98764e-02  -1.55497e-01   1.06629e-02  -1.89726e-02  -2.14164e-02  -1.05482e-01  -9.08460e-02  -8.07977e-02
T14   -6.60441e-01   1.26158e-02   4.86480e-03   3.72542e-02   3.96856e-02  -2.19244e-02   2.59514e-02   7.87606e-02  -1.40346e-02   9.43325e-05   4.19227e-02   2.19805e-02   1.08218e-01   3.02146e-03   1.06629e-02  -6.31348e-02   3.60901e-02   2.80125e-02  -6.30937e-02  -3.74832e-02   1.60161e-02
T15   -7.15382e-01   2.44475e-02   4.57980e-02  -1.32306e-02   3.81428e-02  -3.97326e-02   2.49924e-02   8.42460e-02  -1.02540e-02  -4.91764e-03  -4.27453e-03   4.76512e-03   7.71937e-02  -7.72856e-03  -1.89726e-02   3.60901e-02  -4.06177e-02  -6.17445e-03  -1.88528e-02  -1.26871e-02   9.96829e-03
T16   -4.70627e-01   1.62655e-03   6.32454e-02   2.00303e-03   3.38924e-02  -1.08856e-02   2.86753e-02   8.55630e-02  -1.06056e-02   1.19434e-02  -2.42776e-02  -4.66029e-03   8.97317e-02  -1.16591e-02  -2.14164e-02   2.80125e-02  -6.17445e-03  -4.18394e-02  -1.03591e-02  -1.56096e-02  -3.11011e-02
T17    2.08439e+00  -2.08055e-02  -8.42173e-03  -1.04903e-03  -6.09771e-04  -8.13022e-02  -3.89643e-02   1.46628e-02  -6.38488e-03  -6.02724e-02  -2.54144e-02  -5.58095e-02   6.42873e-02  -4.67081e-02  -1.05482e-01  -6.30937e-02  -1.88528e-02  -1.03591e-02  -2.45978e-01  -8.63664e-02  -3.89976e-02
T18    8.34492e-01   4.05672e-03   2.23278e-02  -3.03820e-02  -1.51285e-04  -4.56619e-02  -2.54316e-03   5.75872e-03   8.53021e-03  -2.85930e-02  -5.41332e-02  -2.79499e-02  -2.99727e-03  -4.21663e-02  -9.08460e-02  -3.74832e-02  -1.26871e-02  -1.56096e-02  -8.63664e-02  -9.11166e-02  -2.93838e-02
T19    5.06556e-01  -5.21879e-02   2.63140e-02   5.27485e-02   5.49319e-02  -6.31623e-02   3.75120e-02   4.35992e-02  -4.61654e-03   2.34725e-02  -1.08100e-01  -9.21737e-02   3.40240e-02  -4.94744e-02  -8.07977e-02   1.60161e-02   9.96829e-03  -3.11011e-02  -3.89976e-02  -2.93838e-02  -1.34219e-01
