T0   -4.14741e-01  -9.88623e-02   2.46128e-02   6.88406e-02   4.95244e-02  -2.01112e-02   2.90093e-02   6.80514e-02  -2.34048e-02   1.96913e-02  -4.83569e-02  -7.05669e-02   1.09551e-01  -4.69690e-02  -3.78143e-02   1.64513e-02   2.97212e-02   3.20896e-03  -2.89770e-02  -2.25652e-03  -6.86462e-02
T1   -1.08169e+00   2.46128e-02   9.78990e-02   8.77283e-02  -1.23197e-01   8.35328e-03   8.43167e-02  -1.04578e-01   1.55406e-02   4.91485e-02   8.47876e-02   4.39639e-02   3.16123e-01   3.62714e-02   3.99344e-02   8.08213e-03   4.21855e-02   6.78318e-02  -1.89056e-03   2.94435e-02   4.14480e-02
T2   -7.74940e-01   6.88406e-02   8.77283e-02  -1.00888e-01   2.41980e-02   8.34270e-03   3.54536e-02   1.04790e-01  -6.93437e-03   2.61430e-02   2.75229e-02   7.95850e-02   3.99994e-02   6.76287e-03   1.78358e-02   4.35597e-02  -1.65895e-02   2.57154e-04   2.87430e-03  -2.89526e-02   6.27771e-02
T3   -1.35213e+00   4.95244e-02  -1.23197e-01   2.41980e-02   1.15566e-01   5.43843e-02   8.85073e-02   1.94221e-01   1.43512e-03  -4.29749e-02   7.17157e-02   8.58248e-02  -6.15210e-02   5.09567e-02   7.15374e-02   4.75853e-02   4.00363e-02   3.92218e-02   7.87797e-03  -1.20606e-03   7.20927e-02
T4    2.51276e+00  -2.01112e-02   8.35328e-03   8.34270e-03   5.43843e-02  -6.00209e-01  -3.12000e-03   6.67744e-02  -2.53124e-02  -7.47657e-02  -8.48218e-02  -8.34450e-02   3.67500e-02  -1.15322e-01  -1.15441e-01  -3.27925e-02  -4.95964e-02  -1.79838e-02  -1.02131e-01  -6.07300e-02  -8.71717e-02
T5   -8.72384e-01   2.90093e-02   8.43167e-02   3.54536e-02   8.85073e-02  -3.12000e-03  -1.16975e-02   1.40293e-01   4.69470e-02   4.89639e-02   4.39491e-02   2.03816e-02   1.58837e-01  -1.35636e-04   2.00019e-02   2.70347e-02   2.38469e-02   2.77551e-02  -3.32541e-02   1.47001e-03   4.40281e-02
T6   -1.78212e+00   6.80514e-02  -1.04578e-01   1.04790e-01   1.94221e-01   6.67744e-02   1.40293e-01   1.60311e-01   7.84473e-02   4.60228e-03   4.54282e-02   5.96031e-02  -4.27481e-02   4.63017e-02   5.06779e-02   9.41011e-02   9.29635e-02   9.50610e-02   2.64478e-02   1.07639e-02   5.81349e-02
T7   -6.60631e-01  -2.34048e-02   1.55406e-02  -6.93437e-03   1.43512e-03  -2.53124e-02   4.69470e-02   7.84473e-02  -8.11183e-02  -2.61625e-02   1.73132e-02   3.09465e-02   8.00423e-02  -2.06491e-02   1.24759e-03  -1.45870e-02  -1.02774e-02  -1.07414e-02  -1.49469e-02  -2.02297e-03  -6.05907e-03
T8    3.44128e-01   1.96913e-02   4.91485e-02   2.61430e-02  -4.29749e-02  -7.47657e-02   4.89639e-02   4.60228e-03  -2.61625e-02  -1.80103e-01   3.82582e-02   2.79617e-02   1.66423e-01  -3.24162e-02  -2.25094e-02   4.04484e-03  -1.50185e-02   5.52719e-03  -7.00794e-02  -2.83135e-02   2.80250e-02
T9    9.52145e-01  -4.83569e-02   8.47876e-02   2.75229e-02   7.17157e-02  -8.48218e-02   4.39491e-02   4.54282e-02   1.73132e-02   3.82582e-02  -2.22606e-01  -1.42387e-01   2.28564e-02  -9.54953e-02  -1.39852e-01   4.79718e-02  -2.41227e-03  -3.22826e-02  -4.59719e-02  -6.89764e-02  -1.40788e-01
T10    2.15142e-01  -7.05669e-02   4.39639e-02   7.95850e-02   8.58248e-02  -8.34450e-02   2.03816e-02   5.96031e-02   3.09465e-02   2.79617e-02  -1.42387e-01  -1.79537e-01   8.92494e-02  -7.41483e-02  -1.26610e-01   2.58447e-02   8.36219e-03  -7.45767e-03  -7.62956e-02  -3.96853e-02  -1.22231e-01
T11   -1.79023e+00   1.09551e-01   3.16123e-01   3.99994e-02  -6.15210e-02   3.67500e-02   1.58837e-01  -4.27481e-02   8.00423e-02   1.66423e-01   2.28564e-02   8.92494e-02   1.28037e-01   6.47927e-02   4.53832e-02   1.26303e-01   7.66305e-02   9.60057e-02   9.46763e-02   8.66621e-03   5.18983e-02
T12    1.83913e+00  -4.69690e-02   3.62714e-02   6.76287e-03   5.09567e-02  -1.15322e-01  -1.35636e-04   4.63017e-02  -2.06491e-02  -3.24162e-02  -9.54953e-02  -7.41483e-02   6.47927e-02  -3.43840e-01  -1.12062e-01  -3.52798e-03  -6.44504e-03  -1.79894e-02  -7.15196e-02  -5.77278e-02  -7.13892e-02
T13    1.26846e+00  -3.78143e-02   3.99344e-02   1.78358e-02   7.15374e-02  -1.15441e-01   2.00019e-02   5.06779e-02   1.24759e-03  -2.25094e-02  -1.39852e-01  -1.26610e-01   4.53832e-02  -1.12062e-01  -1.95287e-01   1.71053e-02  -1.95179e-02  -2.08453e-02  -1.37222e-01  -1.12732e-01  -1.04980e-01
T14   -6.40220e-01   1.64513e-02   8.08213e-03   4.35597e-02   4.75853e-02  -3.27925e-02   2.70347e-02   9.41011e-02  -1.45870e-02   4.04484e-03   4.79718e-02   2.58447e-02   1.26303e-01  -3.52798e-03   1.71053e-02  -6.89788e-02   3.99056e-02   3.30747e-02  -7.32474e-02  -4.57712e-02   1.57328e-02
T15   -6.88158e-01   2.97212e-02   4.21855e-02  -1.65895e-02   4.00363e-02  -4.95964e-02   2.38469e-02   9.29635e-02  -1.02774e-02  -1.50185e-02  -2.41227e-03   8.36219e-03   7.66305e-02  -6.44504e-03  -1.95179e-02   3.99056e-02  -4.43631e-02  -7.87240e-03  -1.82318e-02  -1.34187e-02   1.05308e-02
T16   -4.39490e-01   3.20896e-03   6.78318e-02   2.57154e-04   3.92218e-02  -1.79838e-02   2.77551e-02   9.50610e-02  -1.07414e-02   5.52719e-03  -3.22826e-02  -7.45767e-03   9.60057e-02  -1.79894e-02  -2.08453e-02   3.30747e-02  -7.87240e-03  -4.88228e-02  -1.40207e-02  -1.24808e-02  -4.08835e-02
T17    2.03593e+00  -2.89770e-02  -1.89056e-03   2.87430e-03   7.87797e-03  -1.02131e-01  -3.32541e-02   2.64478e-02  -1.49469e-02  -7.00794e-02  -4.59719e-02  -7.62956e-02   9.46763e-02  -7.15196e-02  -1.37222e-01  -7.32474e-02  -1.82318e-02  -1.40207e-02  -2.83760e-01  -1.07013e-01  -5.17783e-02
T18    7.86601e-01  -2.25652e-03   2.94435e-02  -2.89526e-02  -1.20606e-03  -6.07300e-02   1.47001e-03   1.07639e-02  -2.02297e-03  -2.83135e-02  -6.89764e-02  -3.96853e-02   8.66621e-03  -5.77278e-02  -1.12732e-01  -4.57712e-02  -1.34187e-02  -1.24808e-02  -1.07013e-01  -9.82401e-02  -3.90791e-02
T19    5.42435e-01  -6.86462e-02   4.14480e-02   6.27771e-02   7.20927e-02  -8.71717e-02   4.40281e-02   5.81349e-02  -6.05907e-03   2.80250e-02  -1.40788e-01  -1.22231e-01   5.18983e-02  -7.13892e-02  -1.04980e-01   1.57328e-02   1.05308e-02  -4.08835e-02  -5.17783e-02  -3.90791e-02  -1.67133e-01
