T0   -9.19681e-01  -1.23926e-01   3.57809e-01   3.80153e-01   5.35658e-01  -1.62135e-01   3.87082e-01   6.36273e-01   5.79719e-02   2.25254e-01  -2.93791e-01  -2.82924e-01   6.83846e-01  -1.96104e-01  -3.01343e-01   1.78158e-01   2.03260e-01   9.00509e-02  -2.59451e-01  -1.18676e-01  -2.90305e-01
T1   -6.27516e-01   3.57809e-01   6.34461e-01   2.91447e-01  -5.36702e-01   1.11069e-01   2.49981e-01  -5.28356e-01   1.43829e-01   2.92670e-01   1.36618e-01   2.13013e-02   1.21574e+00   6.97725e-02  -7.06163e-02   2.22209e-01   2.54739e-01   2.02845e-01  -3.01552e-01  -1.55574e-01   1.65819e-01
T2   -6.69668e-01   3.80153e-01   2.91447e-01  -1.53551e-01   1.13505e-01   7.90489e-02   1.91059e-01   3.64810e-01   1.52310e-02   1.41867e-01   2.50365e-01   3.37801e-01   3.38488e-01   1.50777e-01   8.83291e-02   2.11303e-01   4.16684e-02   5.84398e-02  -1.26348e-02  -4.04779e-02   2.93228e-01
T3   -1.11664e+00   5.35658e-01  -5.36702e-01   1.13505e-01   6.77140e-01   3.40069e-01   4.12038e-01   1.03373e+00   2.32108e-01  -2.55949e-01   5.03156e-01   5.42987e-01  -3.09113e-01   4.05686e-01   3.48431e-01   4.38717e-01   1.20837e-01   1.95286e-01   1.13815e-01  -8.10008e-02   5.02091e-01
T4    1.99337e+00  -1.62135e-01   1.11069e-01   7.90489e-02   3.40069e-01  -1.82556e+00   1.26775e-01   3.91921e-01  -1.40936e-01  -2.76891e-01  -4.43394e-01  -4.41889e-01   3.05006e-01  -4.62658e-01  -6.15416e-01  -1.76758e-01  -6.71681e-02  -4.90564e-02  -5.57453e-01  -3.47289e-01  -4.27798e-01
T5   -5.97526e-01   3.87082e-01   2.49981e-01   1.91059e-01   4.12038e-01   1.26775e-01   1.94845e-01   5.30930e-01   2.36506e-01   1.91010e-01   1.00104e-01   9.34280e-02   4.95213e-01   4.23747e-02  -2.70557e-02   2.34885e-01   2.07352e-01   1.19569e-01  -1.92067e-01  -6.40212e-02   1.63136e-01
T6   -1.29511e+00   6.36273e-01  -5.28356e-01   3.64810e-01   1.03373e+00   3.91921e-01   5.30930e-01   1.15019e+00   5.25445e-01  -1.23174e-01   3.11983e-01   3.48382e-01  -2.91836e-01   3.21784e-01   1.91950e-01   4.87491e-01   2.89169e-01   2.99674e-01   1.13779e-02  -9.52968e-02   3.51408e-01
T7   -9.71968e-01   5.79719e-02   1.43829e-01   1.52310e-02   2.32108e-01  -1.40936e-01   2.36506e-01   5.25445e-01  -1.33369e-01   6.87892e-02   9.88911e-02   1.99205e-01   3.56131e-01   9.55324e-03  -3.27303e-02   8.70530e-02   6.83718e-03   4.12301e-02  -1.04875e-01  -2.41420e-02   1.86686e-02
T8    3.96979e-01   2.25254e-01   2.92670e-01   1.41867e-01  -2.55949e-01  -2.76891e-01   1.91010e-01  -1.23174e-01   6.87892e-02  -4.20955e-01   2.57025e-02  -1.59158e-02   6.36035e-01  -1.62076e-01  -2.26671e-01   1.24458e-01  -1.65596e-02   9.68990e-03  -3.68150e-01  -3.52370e-01   6.04058e-02
T9    7.10669e-01  -2.93791e-01   1.36618e-01   2.50365e-01   5.03156e-01  -4.43394e-01   1.00104e-01   3.11983e-01   9.88911e-02   2.57025e-02  -8.71741e-01  -7.67940e-01   2.10299e-01  -5.87357e-01  -7.45744e-01   3.83017e-02   1.26768e-01  -1.03965e-01  -4.70699e-01  -5.16531e-01  -6.76892e-01
T10    1.79513e-01  -2.82924e-01   2.13013e-02   3.37801e-01   5.42987e-01  -4.41889e-01   9.34280e-02   3.48382e-01   1.99205e-01  -1.59158e-02  -7.67940e-01  -8.47156e-01   2.70284e-01  -5.65098e-01  -7.64084e-01  -1.41475e-02   1.88761e-01  -2.34585e-02  -5.53994e-01  -5.00553e-01  -6.55136e-01
T11   -1.20138e+00   6.83846e-01   1.21574e+00   3.38488e-01  -3.09113e-01   3.05006e-01   4.95213e-01  -2.91836e-01   3.56131e-01   6.36035e-01   2.10299e-01   2.70284e-01   1.38749e+00   3.00656e-01   1.45511e-01   7.11352e-01   3.90567e-01   3.30874e-01   4.73388e-02  -1.14892e-01   2.93247e-01
T12    1.62372e+00  -1.96104e-01   6.97725e-02   1.50777e-01   4.05686e-01  -4.62658e-01   4.23747e-02   3.21784e-01   9.55324e-03  -1.62076e-01  -5.87357e-01  -5.65098e-01   3.00656e-01  -9.07724e-01  -7.61678e-01  -1.03471e-01   7.68269e-02  -5.31558e-02  -6.32434e-01  -5.13380e-01  -4.69289e-01
T13    1.33064e+00  -3.01343e-01  -7.06163e-02   8.83291e-02   3.48431e-01  -6.15416e-01  -2.70557e-02   1.91950e-01  -3.27303e-02  -2.26671e-01  -7.45744e-01  -7.64084e-01   1.45511e-01  -7.61678e-01  -9.64867e-01  -2.18057e-01  -1.96593e-02  -1.08209e-01  -7.25118e-01  -6.89388e-01  -6.28683e-01
T14   -5.57116e-01   1.78158e-01   2.22209e-01   2.11303e-01   4.38717e-01  -1.76758e-01   2.34885e-01   4.87491e-01   8.70530e-02   1.24458e-01   3.83017e-02  -1.41475e-02   7.11352e-01  -1.03471e-01  -2.18057e-01   8.00165e-02   1.95227e-01   1.35762e-01  -5.35289e-01  -3.81669e-01   4.06138e-02
T15   -8.72721e-01   2.03260e-01   2.54739e-01   4.16684e-02   1.20837e-01  -6.71681e-02   2.07352e-01   2.89169e-01   6.83718e-03  -1.65596e-02   1.26768e-01   1.88761e-01   3.90567e-01   7.68269e-02  -1.96593e-02   1.95227e-01  -3.59636e-03   4.39737e-02  -6.25917e-02   2.58049e-02   1.13551e-01
T16   -5.85297e-01   9.00509e-02   2.02845e-01   5.84398e-02   1.95286e-01  -4.90564e-02   1.19569e-01   2.99674e-01   4.12301e-02   9.68990e-03  -1.03965e-01  -2.34585e-02   3.30874e-01  -5.31558e-02  -1.08209e-01   1.35762e-01   4.39737e-02  -1.14977e-01  -1.66801e-02  -2.24509e-02  -1.02043e-01
T17    2.03062e+00  -2.59451e-01  -3.01552e-01  -1.26348e-02   1.13815e-01  -5.57453e-01  -1.92067e-01   1.13779e-02  -1.04875e-01  -3.68150e-01  -4.70699e-01  -5.53994e-01   4.73388e-02  -6.32434e-01  -7.25118e-01  -5.35289e-01  -6.25917e-02  -1.66801e-02  -7.82471e-01  -5.15218e-01  -4.02721e-01
T18    9.44408e-01  -1.18676e-01  -1.55574e-01  -4.04779e-02  -8.10008e-02  -3.47289e-01  -6.40212e-02  -9.52968e-02  -2.41420e-02  -3.52370e-01  -5.16531e-01  -5.00553e-01  -1.14892e-01  -5.13380e-01  -6.89388e-01  -3.81669e-01   2.58049e-02  -2.24509e-02  -5.15218e-01  -4.67746e-01  -3.81539e-01
T19    2.04719e-01  -2.90305e-01   1.65819e-01   2.93228e-01   5.02091e-01  -4.27798e-01   1.63136e-01   3.51408e-01   1.86686e-02   6.04058e-02  -6.76892e-01  -6.55136e-01   2.93247e-01  -4.69289e-01  -6.28683e-01   4.06138e-02   1.13551e-01  -1.02043e-01  -4.02721e-01  -3.81539e-01  -6.66718e-01
