T0   -3.95854e-01  -5.22066e-02   6.09007e-03   2.19985e-02   3.34238e-03   8.93676e-03   3.53677e-03   1.43028e-02  -1.69958e-02   6.40743e-03   2.21790e-04  -1.43294e-02   3.78529e-02  -4.87436e-03   5.13844e-03   2.29310e-03   7.84121e-03  -3.02036e-03   2.03094e-03   1.31205e-02  -1.57936e-02
T1   -1.03319e+00   6.09007e-03   2.77109e-02   5.91850e-02  -2.00637e-02  -6.62325e-03   5.34501e-02  -1.34641e-02   1.18560e-02   2.89994e-02   8.69016e-03  -1.61799e-02   1.50466e-01  -1.93567e-02  -1.01232e-02   5.33910e-03   3.31143e-02   3.89290e-02  -1.98944e-02   6.03750e-03  -2.35183e-03
T2   -6.82912e-01   2.19985e-02   5.91850e-02  -5.53522e-02   1.73482e-02   8.94192e-03   1.47551e-02   5.36993e-02  -3.19866e-03   2.46653e-02  -9.45729e-03   2.20552e-02   2.81500e-02  -7.95968e-03  -4.16620e-03   2.67488e-02  -7.36630e-03  -1.37820e-04  -5.52563e-03  -2.38031e-02   1.80520e-02
T3   -1.27268e+00   3.34238e-03  -2.00637e-02   1.73482e-02   3.72267e-02   2.59298e-02   4.50246e-02   8.64555e-02   3.67084e-03   6.27368e-03   5.96896e-03   1.50032e-02   3.64691e-03   1.96948e-03   7.02772e-03   2.24964e-02   2.65839e-02   1.65486e-02  -1.53293e-02  -9.26301e-03   1.06139e-02
T4    2.18096e+00   8.93676e-03  -6.62325e-03   8.94192e-03   2.59298e-02  -3.18557e-01  -2.93957e-03   2.74835e-02  -1.44250e-03  -4.80074e-02  -1.75138e-02  -1.70388e-02   7.93041e-03  -3.29728e-02  -2.76441e-02  -7.88488e-03  -2.42043e-02  -3.04174e-04  -2.98457e-02  -8.35273e-03  -1.78274e-02
T5   -8.12722e-01   3.53677e-03   5.34501e-02   1.47551e-02   4.50246e-02  -2.93957e-03  -3.19763e-02   7.18552e-02   2.33197e-02   2.44916e-02   7.56148e-04  -1.39583e-02   8.88349e-02  -1.40534e-02  -8.04802e-03   1.94356e-02   1.48177e-02   1.61807e-02  -3.08879e-02  -5.80995e-03   9.66466e-03
T6   -1.73500e+00   1.43028e-02  -1.34641e-02   5.36993e-02   8.64555e-02   2.74835e-02   7.18552e-02   6.21190e-02   2.77956e-02   1.73226e-02  -1.15719e-02  -6.18247e-03   9.35995e-03  -7.98148e-04  -5.45851e-03   4.01289e-02   5.00265e-02   4.32705e-02  -4.65166e-03  -3.39026e-03   6.26837e-03
T7   -5.20342e-01  -1.69958e-02   1.18560e-02  -3.19866e-03   3.67084e-03  -1.44250e-03   2.33197e-02   2.77956e-02  -4.06766e-02  -4.23519e-03   2.83483e-03   1.49862e-02   4.14893e-02  -9.12201e-03   4.52907e-03  -6.79686e-03  -2.12288e-03  -6.61485e-03  -7.37338e-03   2.62299e-03  -1.00714e-02
T8    4.52450e-01   6.40743e-03   2.89994e-02   2.46653e-02   6.27368e-03  -4.80074e-02   2.44916e-02   1.73226e-02  -4.23519e-03  -8.33988e-02  -2.47660e-03  -8.63553e-03   8.85544e-02  -3.10579e-02  -2.38099e-02  -4.10368e-03   9.95254e-03   9.82398e-03  -3.77297e-02  -1.95986e-02   1.40838e-03
T9    8.43229e-01   2.21790e-04   8.69016e-03  -9.45729e-03   5.96896e-03  -1.75138e-02   7.56148e-04  -1.15719e-02   2.83483e-03  -2.47660e-03  -7.68125e-02  -2.96532e-02  -3.23398e-02  -1.36811e-02  -2.96960e-02   1.73313e-02  -8.29473e-03  -1.14715e-02   1.53952e-02  -1.16058e-02  -3.24985e-02
T10    1.36125e-01  -1.43294e-02  -1.61799e-02   2.20552e-02   1.50032e-02  -1.70388e-02  -1.39583e-02  -6.18247e-03   1.49862e-02  -8.63553e-03  -2.96532e-02  -5.82269e-02   3.66221e-03  -5.31084e-03  -2.77039e-02   4.93086e-03  -4.37139e-03  -2.75206e-04  -6.13105e-03  -1.18084e-03  -2.70502e-02
T11   -1.76962e+00   3.78529e-02   1.50466e-01   2.81500e-02   3.64691e-03   7.93041e-03   8.88349e-02   9.35995e-03   4.14893e-02   8.85544e-02  -3.23398e-02   3.66221e-03   3.04103e-02  -1.49845e-02  -1.49853e-02   5.81810e-02   4.61269e-02   4.76857e-02   1.76072e-02  -1.03508e-02  -8.87716e-04
T12    1.85374e+00  -4.87436e-03  -1.93567e-02  -7.95968e-03   1.96948e-03  -3.29728e-02  -1.40534e-02  -7.98148e-04  -9.12201e-03  -3.10579e-02  -1.36811e-02  -5.31084e-03  -1.49845e-02  -1.97774e-01  -1.50809e-02  -8.56470e-03  -4.21040e-03  -3.20191e-03  -5.38828e-03  -9.36685e-04  -3.81325e-03
T13    1.19656e+00   5.13844e-03  -1.01232e-02  -4.16620e-03   7.02772e-03  -2.76441e-02  -8.04802e-03  -5.45851e-03   4.52907e-03  -2.38099e-02  -2.96960e-02  -2.77039e-02  -1.49853e-02  -1.50809e-02  -6.67772e-02  -4.33016e-03  -1.66103e-02  -8.49169e-03  -3.20365e-02  -3.41146e-02  -2.15960e-02
T14   -5.83426e-01   2.29310e-03   5.33910e-03   2.67488e-02   2.24964e-02  -7.88488e-03   1.94356e-02   4.01289e-02  -6.79686e-03  -4.10368e-03   1.73313e-02   4.93086e-03   5.81810e-02  -8.56470e-03  -4.33016e-03  -3.79970e-02   2.57338e-02   1.15542e-02  -3.76668e-02  -1.59344e-02   1.41674e-03
T15   -6.03954e-01   7.84121e-03   3.31143e-02  -7.36630e-03   2.65839e-02  -2.42043e-02   1.48177e-02   5.00265e-02  -2.12288e-03   9.95254e-03  -8.29473e-03  -4.37139e-03   4.61269e-02  -4.21040e-03  -1.66103e-02   2.57338e-02  -3.38261e-02  -8.18879e-03  -1.19164e-02  -9.77919e-03  -2.33152e-03
T16   -3.75585e-01  -3.02036e-03   3.89290e-02  -1.37820e-04   1.65486e-02  -3.04174e-04   1.61807e-02   4.32705e-02  -6.61485e-03   9.82398e-03  -1.14715e-02  -2.75206e-04   4.76857e-02  -3.20191e-03  -8.49169e-03   1.15542e-02  -8.18879e-03  -3.64477e-02  -7.11618e-03  -8.11060e-03  -1.69678e-02
T17    1.95723e+00   2.03094e-03  -1.98944e-02  -5.52563e-03  -1.53293e-02  -2.98457e-02  -3.08879e-02  -4.65166e-03  -7.37338e-03  -3.77297e-02   1.53952e-02  -6.13105e-03   1.76072e-02  -5.38828e-03  -3.20365e-02  -3.76668e-02  -1.19164e-02  -7.11618e-03  -1.43091e-01  -3.78754e-02   5.51969e-03
T18    7.62555e-01   1.31205e-02   6.03750e-03  -2.38031e-02  -9.26301e-03  -8.35273e-03  -5.80995e-03  -3.39026e-03   2.62299e-03  -1.95986e-02  -1.16058e-02  -1.18084e-03  -1.03508e-02  -9.36685e-04  -3.41146e-02  -1.59344e-02  -9.77919e-03  -8.11060e-03  -3.78754e-02  -5.41979e-02   2.45053e-03
T19    4.02437e-01  -1.57936e-02  -2.35183e-03   1.80520e-02   1.06139e-02  -1.78274e-02   9.66466e-03   6.26837e-03  -1.00714e-02   1.40838e-03  -3.24985e-02  -2.70502e-02  -8.87716e-04  -3.81325e-03  -2.15960e-02   1.41674e-03  -2.33152e-03  -1.69678e-02   5.51969e-03   2.45053e-03  -5.61472e-02
