T0   -3.96929e-01  -6.43302e-02   1.45198e-02   3.17975e-02   9.86500e-03   3.65500e-03   1.07466e-02   2.52671e-02  -2.10392e-02   1.18357e-02  -9.27523e-03  -2.61027e-02   5.79087e-02  -1.36455e-02  -1.34982e-04   3.69516e-03   1.07395e-02  -3.71720e-03  -2.48692e-03   1.38883e-02  -2.75840e-02
T1   -1.07630e+00   1.45198e-02   3.37066e-02   7.34381e-02  -3.36362e-02   1.54110e-03   6.28374e-02  -2.76943e-02   1.81936e-02   3.14074e-02   2.06553e-02  -1.28468e-02   1.83436e-01  -1.40475e-02  -9.47335e-03   6.29064e-03   4.39661e-02   5.20398e-02  -2.47208e-02   4.67350e-03   4.90572e-03
T2   -7.61480e-01   3.17975e-02   7.34381e-02  -6.59671e-02   1.87297e-02   1.16522e-02   2.31118e-02   6.84347e-02  -5.77812e-03   2.56668e-02  -2.28986e-03   3.19087e-02   3.63303e-02  -3.16229e-03  -1.19142e-03   2.96036e-02  -1.31273e-02  -4.33836e-05  -2.75302e-03  -2.46540e-02   2.92614e-02
T3   -1.34997e+00   9.86500e-03  -3.36362e-02   1.87297e-02   5.04509e-02   3.50878e-02   5.50662e-02   1.09684e-01   1.46975e-04  -1.57837e-03   1.80647e-02   2.77633e-02  -9.89427e-04   1.04970e-02   1.89975e-02   2.49812e-02   2.90369e-02   2.18312e-02  -1.19157e-02  -2.04460e-03   2.51480e-02
T4    2.28439e+00   3.65500e-03   1.54110e-03   1.16522e-02   3.50878e-02  -3.82170e-01  -1.58189e-03   3.95537e-02  -3.97465e-03  -5.22205e-02  -3.30802e-02  -3.03798e-02   1.67388e-02  -5.15280e-02  -4.62792e-02  -9.94741e-03  -2.92329e-02  -4.36197e-03  -4.59951e-02  -1.73466e-02  -3.23034e-02
T5   -8.69398e-01   1.07466e-02   6.28374e-02   2.31118e-02   5.50662e-02  -1.58189e-03  -2.81645e-02   8.69734e-02   3.00396e-02   3.03289e-02   7.04994e-03  -1.22256e-02   1.07630e-01  -1.53034e-02  -6.38953e-03   1.98989e-02   1.98144e-02   2.26466e-02  -3.36159e-02  -7.33597e-03   1.89641e-02
T6   -1.80347e+00   2.52671e-02  -2.76943e-02   6.84347e-02   1.09684e-01   3.95537e-02   8.69734e-02   8.29623e-02   3.76675e-02   1.47971e-02  -3.31340e-03   1.66936e-03   4.48672e-03   4.71960e-03   2.10714e-04   5.09220e-02   6.36569e-02   5.96479e-02   7.19719e-04   5.52561e-04   1.68570e-02
T7   -5.76084e-01  -2.10392e-02   1.81936e-02  -5.77812e-03   1.46975e-04  -3.97465e-03   3.00396e-02   3.76675e-02  -5.45854e-02  -1.24145e-02   7.34925e-03   1.95817e-02   5.55666e-02  -1.05831e-02   7.76353e-03  -8.83264e-03  -6.95574e-03  -9.93141e-03  -3.69189e-03   6.57976e-03  -8.23702e-03
T8    3.93541e-01   1.18357e-02   3.14074e-02   2.56668e-02  -1.57837e-03  -5.22205e-02   3.03289e-02   1.47971e-02  -1.24145e-02  -1.07829e-01   7.14963e-03  -1.96471e-03   1.10037e-01  -3.34839e-02  -2.73454e-02  -3.76671e-03   8.23068e-03   1.30658e-02  -4.64016e-02  -2.26805e-02   8.75162e-03
T9    9.49324e-01  -9.27523e-03   2.06553e-02  -2.28986e-03   1.80647e-02  -3.30802e-02   7.04994e-03  -3.31340e-03   7.34925e-03   7.14963e-03  -1.10582e-01  -5.29040e-02  -2.74465e-02  -3.14504e-02  -5.34511e-02   2.46513e-02  -7.16188e-03  -1.56754e-02   5.35352e-03  -2.52015e-02  -5.66168e-02
T10    2.41953e-01  -2.61027e-02  -1.28468e-02   3.19087e-02   2.77633e-02  -3.03798e-02  -1.22256e-02   1.66936e-03   1.95817e-02  -1.96471e-03  -5.29040e-02  -8.29484e-02   1.34206e-02  -1.68037e-02  -4.81057e-02   9.76558e-03  -2.52847e-03  -2.75344e-03  -2.07184e-02  -9.49643e-03  -4.77909e-02
T11   -1.83716e+00   5.79087e-02   1.83436e-01   3.63303e-02  -9.89427e-04   1.67388e-02   1.07630e-01   4.48672e-03   5.55666e-02   1.10037e-01  -2.74465e-02   1.34206e-02   4.80705e-02  -3.99796e-03  -1.15510e-02   7.24796e-02   5.92859e-02   6.36071e-02   2.58813e-02  -1.31075e-02   8.69275e-03
T12    1.90107e+00  -1.36455e-02  -1.40475e-02  -3.16229e-03   1.04970e-02  -5.15280e-02  -1.53034e-02   4.71960e-03  -1.05831e-02  -3.34839e-02  -3.14504e-02  -1.68037e-02  -3.99796e-03  -2.34066e-01  -3.48118e-02  -7.83577e-03  -6.34519e-03  -6.30963e-03  -1.97583e-02  -1.21409e-02  -1.61172e-02
T13    1.29865e+00  -1.34982e-04  -9.47335e-03  -1.19142e-03   1.89975e-02  -4.62792e-02  -6.38953e-03   2.10714e-04   7.76353e-03  -2.73454e-02  -5.34511e-02  -4.81057e-02  -1.15510e-02  -3.48118e-02  -9.40064e-02   9.85682e-04  -1.46474e-02  -1.34824e-02  -5.37413e-02  -5.38210e-02  -3.93374e-02
T14   -6.16540e-01   3.69516e-03   6.29064e-03   2.96036e-02   2.49812e-02  -9.94741e-03   1.98989e-02   5.09220e-02  -8.83264e-03  -3.76671e-03   2.46513e-02   9.76558e-03   7.24796e-02  -7.83577e-03   9.85682e-04  -5.02062e-02   2.70272e-02   1.65430e-02  -4.18731e-02  -1.77475e-02   7.51647e-03
T15   -6.66644e-01   1.07395e-02   4.39661e-02  -1.31273e-02   2.90369e-02  -2.92329e-02   1.98144e-02   6.36569e-02  -6.95574e-03   8.23068e-03  -7.16188e-03  -2.52847e-03   5.92859e-02  -6.34519e-03  -1.46474e-02   2.70272e-02  -3.75131e-02  -8.88656e-03  -1.13522e-02  -7.36270e-03   1.35480e-03
T16   -4.20628e-01  -3.71720e-03   5.20398e-02  -4.33836e-05   2.18312e-02  -4.36197e-03   2.26466e-02   5.96479e-02  -9.93141e-03   1.30658e-02  -1.56754e-02  -2.75344e-03   6.36071e-02  -6.30963e-03  -1.34824e-02   1.65430e-02  -8.88656e-03  -3.87797e-02  -6.76599e-03  -8.31836e-03  -2.28878e-02
T17    2.02450e+00  -2.48692e-03  -2.47208e-02  -2.75302e-03  -1.19157e-02  -4.59951e-02  -3.36159e-02   7.19719e-04  -3.69189e-03  -4.64016e-02   5.35352e-03  -2.07184e-02   2.58813e-02  -1.97583e-02  -5.37413e-02  -4.18731e-02  -1.13522e-02  -6.76599e-03  -1.80446e-01  -5.68541e-02  -6.80222e-03
T18    7.95612e-01   1.38883e-02   4.67350e-03  -2.46540e-02  -2.04460e-03  -1.73466e-02  -7.33597e-03   5.52561e-04   6.57976e-03  -2.26805e-02  -2.52015e-02  -9.49643e-03  -1.31075e-02  -1.21409e-02  -5.38210e-02  -1.77475e-02  -7.36270e-03  -8.31836e-03  -5.68541e-02  -7.14109e-02  -6.72868e-03
T19    4.85563e-01  -2.75840e-02   4.90572e-03   2.92614e-02   2.51480e-02  -3.23034e-02   1.89641e-02   1.68570e-02  -8.23702e-03   8.75162e-03  -5.66168e-02  -4.77909e-02   8.69275e-03  -1.61172e-02  -3.93374e-02   7.51647e-03   1.35480e-03  -2.28878e-02  -6.80222e-03  -6.72868e-03  -8.25194e-02
