T0   -3.95560e-01  -6.29167e-02   1.33940e-02   3.05875e-02   8.82214e-03   4.49636e-03   1.00095e-02   2.34019e-02  -2.07621e-02   1.07199e-02  -8.09514e-03  -2.47453e-02   5.55388e-02  -1.25797e-02   5.80923e-04   3.76618e-03   9.96414e-03  -3.37424e-03  -1.78475e-03   1.40616e-02  -2.60015e-02
T1   -1.07683e+00   1.33940e-02   3.27234e-02   7.15712e-02  -3.14642e-02   7.67448e-05   6.22679e-02  -2.59001e-02   1.77777e-02   3.22228e-02   1.93497e-02  -1.33094e-02   1.79865e-01  -1.54558e-02  -9.53076e-03   6.19845e-03   4.31548e-02   5.04972e-02  -2.40202e-02   4.72469e-03   4.07501e-03
T2   -7.54698e-01   3.05875e-02   7.15712e-02  -6.35216e-02   1.84575e-02   1.18192e-02   2.22750e-02   6.73903e-02  -5.20402e-03   2.51713e-02  -3.65773e-03   3.05647e-02   3.49717e-02  -3.53252e-03  -1.30953e-03   2.94122e-02  -1.24853e-02  -6.94066e-04  -3.64797e-03  -2.50521e-02   2.82091e-02
T3   -1.34456e+00   8.82214e-03  -3.14642e-02   1.84575e-02   4.94125e-02   3.41418e-02   5.40233e-02   1.07179e-01   5.63427e-04  -5.39573e-04   1.65227e-02   2.59554e-02   2.39968e-04   9.25301e-03   1.71324e-02   2.46216e-02   2.95612e-02   2.10485e-02  -1.22227e-02  -2.68707e-03   2.28806e-02
T4    2.27452e+00   4.49636e-03   7.67448e-05   1.18192e-02   3.41418e-02  -3.75059e-01  -1.26340e-03   3.77727e-02  -3.38971e-03  -5.15357e-02  -3.08966e-02  -2.90503e-02   1.59149e-02  -4.91977e-02  -4.41116e-02  -9.84633e-03  -2.90762e-02  -3.95203e-03  -4.29816e-02  -1.66080e-02  -3.09221e-02
T5   -8.65429e-01   1.00095e-02   6.22679e-02   2.22750e-02   5.40233e-02  -1.26340e-03  -2.95844e-02   8.55806e-02   2.91844e-02   2.95360e-02   6.88674e-03  -1.24411e-02   1.05326e-01  -1.56984e-02  -6.74120e-03   1.99905e-02   1.85808e-02   2.18416e-02  -3.41252e-02  -7.30671e-03   1.81185e-02
T6   -1.79965e+00   2.34019e-02  -2.59001e-02   6.73903e-02   1.07179e-01   3.77727e-02   8.55806e-02   8.11394e-02   3.62793e-02   1.44118e-02  -4.16690e-03   6.36819e-04   5.07604e-03   4.30644e-03  -1.31930e-03   4.92411e-02   6.26307e-02   5.77230e-02  -1.73140e-04   7.71188e-04   1.59012e-02
T7   -5.71662e-01  -2.07621e-02   1.77777e-02  -5.20402e-03   5.63427e-04  -3.38971e-03   2.91844e-02   3.62793e-02  -5.37289e-02  -1.14881e-02   7.18212e-03   1.94709e-02   5.39886e-02  -1.04980e-02   7.15577e-03  -8.41701e-03  -6.45201e-03  -9.32864e-03  -4.49826e-03   5.95838e-03  -8.33543e-03
T8    3.99040e-01   1.07199e-02   3.22228e-02   2.51713e-02  -5.39573e-04  -5.15357e-02   2.95360e-02   1.44118e-02  -1.14881e-02  -1.05401e-01   6.71432e-03  -2.98049e-03   1.07460e-01  -3.31102e-02  -2.68320e-02  -3.32024e-03   7.88779e-03   1.44206e-02  -4.59755e-02  -2.28323e-02   7.48791e-03
T9    9.43799e-01  -8.09514e-03   1.93497e-02  -3.65773e-03   1.65227e-02  -3.08966e-02   6.88674e-03  -4.16690e-03   7.18212e-03   6.71432e-03  -1.07196e-01  -5.04686e-02  -2.81491e-02  -2.93525e-02  -5.08307e-02   2.37094e-02  -7.29408e-03  -1.57323e-02   5.75391e-03  -2.31987e-02  -5.40340e-02
T10    2.36836e-01  -2.47453e-02  -1.33094e-02   3.05647e-02   2.59554e-02  -2.90503e-02  -1.24411e-02   6.36819e-04   1.94709e-02  -2.98049e-03  -5.04686e-02  -8.02923e-02   1.20343e-02  -1.53957e-02  -4.58624e-02   8.84422e-03  -2.37434e-03  -2.75929e-03  -1.88307e-02  -8.27171e-03  -4.55595e-02
T11   -1.83476e+00   5.55388e-02   1.79865e-01   3.49717e-02   2.39968e-04   1.59149e-02   1.05326e-01   5.07604e-03   5.39886e-02   1.07460e-01  -2.81491e-02   1.20343e-02   4.67391e-02  -5.26655e-03  -1.18187e-02   7.09151e-02   5.79647e-02   6.22918e-02   2.59442e-02  -1.33278e-02   7.30387e-03
T12    1.89898e+00  -1.25797e-02  -1.54558e-02  -3.53252e-03   9.25301e-03  -4.91977e-02  -1.56984e-02   4.30644e-03  -1.04980e-02  -3.31102e-02  -2.93525e-02  -1.53957e-02  -5.26655e-03  -2.30302e-01  -3.25015e-02  -7.50469e-03  -6.05171e-03  -6.70452e-03  -1.85768e-02  -1.02152e-02  -1.45924e-02
T13    1.29150e+00   5.80923e-04  -9.53076e-03  -1.30953e-03   1.71324e-02  -4.41116e-02  -6.74120e-03  -1.31930e-03   7.15577e-03  -2.68320e-02  -5.08307e-02  -4.58624e-02  -1.18187e-02  -3.25015e-02  -9.08821e-02   8.49155e-04  -1.47856e-02  -1.25443e-02  -5.14946e-02  -5.17484e-02  -3.70517e-02
T14   -6.13640e-01   3.76618e-03   6.19845e-03   2.94122e-02   2.46216e-02  -9.84633e-03   1.99905e-02   4.92411e-02  -8.41701e-03  -3.32024e-03   2.37094e-02   8.84422e-03   7.09151e-02  -7.50469e-03   8.49155e-04  -4.94965e-02   2.69474e-02   1.61030e-02  -4.01606e-02  -1.82288e-02   6.74202e-03
T15   -6.62198e-01   9.96414e-03   4.31548e-02  -1.24853e-02   2.95612e-02  -2.90762e-02   1.85808e-02   6.26307e-02  -6.45201e-03   7.88779e-03  -7.29408e-03  -2.37434e-03   5.79647e-02  -6.05171e-03  -1.47856e-02   2.69474e-02  -3.73970e-02  -8.84411e-03  -1.13737e-02  -7.69542e-03   6.79476e-04
T16   -4.14814e-01  -3.37424e-03   5.04972e-02  -6.94066e-04   2.10485e-02  -3.95203e-03   2.18416e-02   5.77230e-02  -9.32864e-03   1.44206e-02  -1.57323e-02  -2.75929e-03   6.22918e-02  -6.70452e-03  -1.25443e-02   1.61030e-02  -8.84411e-03  -3.89725e-02  -6.42103e-03  -8.69420e-03  -2.22637e-02
T17    2.01732e+00  -1.78475e-03  -2.40202e-02  -3.64797e-03  -1.22227e-02  -4.29816e-02  -3.41252e-02  -1.73140e-04  -4.49826e-03  -4.59755e-02   5.75391e-03  -1.88307e-02   2.59442e-02  -1.85768e-02  -5.14946e-02  -4.01606e-02  -1.13737e-02  -6.42103e-03  -1.76702e-01  -5.41736e-02  -5.27872e-03
T18    7.91492e-01   1.40616e-02   4.72469e-03  -2.50521e-02  -2.68707e-03  -1.66080e-02  -7.30671e-03   7.71188e-04   5.95838e-03  -2.28323e-02  -2.31987e-02  -8.27171e-03  -1.33278e-02  -1.02152e-02  -5.17484e-02  -1.82288e-02  -7.69542e-03  -8.69420e-03  -5.41736e-02  -6.94037e-02  -5.38287e-03
T19    4.80298e-01  -2.60015e-02   4.07501e-03   2.82091e-02   2.28806e-02  -3.09221e-02   1.81185e-02   1.59012e-02  -8.33543e-03   7.48791e-03  -5.40340e-02  -4.55595e-02   7.30387e-03  -1.45924e-02  -3.70517e-02   6.74202e-03   6.79476e-04  -2.22637e-02  -5.27872e-03  -5.38287e-03  -7.97518e-02
