T0   -4.22011e-01  -7.32766e-02   1.82134e-02   4.21200e-02   1.91315e-02  -1.62476e-03   1.66261e-02   3.53983e-02  -2.37395e-02   1.60227e-02  -1.54583e-02  -3.35007e-02   7.08100e-02  -2.04470e-02  -6.74499e-03   5.68402e-03   1.51488e-02  -2.44448e-03  -8.37902e-03   1.23972e-02  -3.46796e-02
T1   -1.06333e+00   1.82134e-02   4.22569e-02   7.66709e-02  -4.97493e-02   1.68439e-03   6.55187e-02  -4.26624e-02   2.19915e-02   3.43291e-02   3.09606e-02  -7.92143e-03   2.08122e-01  -1.01667e-02  -4.28578e-03   6.40745e-03   4.74328e-02   5.87334e-02  -2.27842e-02   8.53627e-03   1.05500e-02
T2   -7.81689e-01   4.21200e-02   7.66709e-02  -7.68043e-02   1.98796e-02   1.46509e-02   2.43324e-02   7.76195e-02  -6.34380e-03   2.78946e-02   2.24443e-03   4.10620e-02   3.89398e-02  -2.77238e-03   1.61845e-03   3.25654e-02  -1.21170e-02   5.04722e-04  -1.01305e-03  -2.72551e-02   3.63374e-02
T3   -1.37016e+00   1.91315e-02  -4.97493e-02   1.98796e-02   6.17282e-02   4.47017e-02   6.25874e-02   1.27513e-01  -1.89231e-03  -9.55293e-03   2.77820e-02   3.84699e-02  -8.11936e-03   1.94129e-02   2.69446e-02   2.71559e-02   3.14149e-02   2.61068e-02  -7.89087e-03  -9.63558e-04   3.39417e-02
T4    2.32424e+00  -1.62476e-03   1.68439e-03   1.46509e-02   4.47017e-02  -4.27850e-01   1.65261e-03   5.00813e-02  -7.66226e-03  -5.42197e-02  -4.10455e-02  -4.06830e-02   2.04262e-02  -6.60466e-02  -5.88057e-02  -1.08762e-02  -3.15916e-02  -6.72337e-03  -6.09464e-02  -2.40126e-02  -4.23191e-02
T5   -8.78177e-01   1.66261e-02   6.55187e-02   2.43324e-02   6.25874e-02   1.65261e-03  -2.53981e-02   9.92441e-02   3.52367e-02   3.37493e-02   1.23751e-02  -8.82950e-03   1.17826e-01  -1.43754e-02  -6.48771e-03   1.97000e-02   2.35355e-02   2.86182e-02  -3.39692e-02  -8.84624e-03   2.50238e-02
T6   -1.80998e+00   3.53983e-02  -4.26624e-02   7.76195e-02   1.27513e-01   5.00813e-02   9.92441e-02   1.00802e-01   4.57765e-02   1.32548e-02   4.51745e-03   9.30381e-03  -2.77935e-03   9.40127e-03   5.77333e-03   5.94881e-02   7.02474e-02   6.88643e-02   1.84681e-03   5.78034e-04   2.37981e-02
T7   -6.00652e-01  -2.37395e-02   2.19915e-02  -6.34380e-03  -1.89231e-03  -7.66226e-03   3.52367e-02   4.57765e-02  -6.01079e-02  -1.40822e-02   8.75770e-03   2.05410e-02   6.63822e-02  -1.18663e-02   1.08158e-02  -1.27017e-02  -1.01187e-02  -1.21702e-02  -2.17763e-04   9.11285e-03  -8.47500e-03
T8    3.80062e-01   1.60227e-02   3.43291e-02   2.78946e-02  -9.55293e-03  -5.42197e-02   3.37493e-02   1.32548e-02  -1.40822e-02  -1.23475e-01   1.29313e-02   3.34286e-03   1.21470e-01  -3.63071e-02  -2.80789e-02  -3.88804e-03   3.32374e-03   1.24045e-02  -5.14314e-02  -2.77348e-02   1.36014e-02
T9    9.54662e-01  -1.54583e-02   3.09606e-02   2.24443e-03   2.77820e-02  -4.10455e-02   1.23751e-02   4.51745e-03   8.75770e-03   1.29313e-02  -1.32496e-01  -6.91059e-02  -2.14575e-02  -4.25173e-02  -7.05953e-02   3.19101e-02  -5.18272e-03  -1.73906e-02  -4.17210e-03  -3.51316e-02  -7.29968e-02
T10    2.53472e-01  -3.35007e-02  -7.92143e-03   4.10620e-02   3.84699e-02  -4.06830e-02  -8.82950e-03   9.30381e-03   2.05410e-02   3.34286e-03  -6.91059e-02  -1.00898e-01   2.25472e-02  -2.68449e-02  -6.43768e-02   1.49332e-02   5.92627e-04  -2.47351e-03  -3.16876e-02  -1.67896e-02  -6.13475e-02
T11   -1.82831e+00   7.08100e-02   2.08122e-01   3.89398e-02  -8.11936e-03   2.04262e-02   1.17826e-01  -2.77935e-03   6.63822e-02   1.21470e-01  -2.14575e-02   2.25472e-02   5.84005e-02   5.81110e-03  -7.57168e-03   8.19591e-02   6.73673e-02   7.38127e-02   3.50282e-02  -1.51228e-02   1.65783e-02
T12    1.90367e+00  -2.04470e-02  -1.01667e-02  -2.77238e-03   1.94129e-02  -6.60466e-02  -1.43754e-02   9.40127e-03  -1.18663e-02  -3.63071e-02  -4.25173e-02  -2.68449e-02   5.81110e-03  -2.56890e-01  -4.99503e-02  -9.98132e-04  -6.64753e-03  -8.82882e-03  -3.10034e-02  -2.20525e-02  -2.51700e-02
T13    1.33804e+00  -6.74499e-03  -4.28578e-03   1.61845e-03   2.69446e-02  -5.88057e-02  -6.48771e-03   5.77333e-03   1.08158e-02  -2.80789e-02  -7.05953e-02  -6.43768e-02  -7.57168e-03  -4.99503e-02  -1.12730e-01   7.55174e-03  -1.61429e-02  -1.63600e-02  -6.84221e-02  -6.68281e-02  -5.27672e-02
T14   -6.35286e-01   5.68402e-03   6.40745e-03   3.25654e-02   2.71559e-02  -1.08762e-02   1.97000e-02   5.94881e-02  -1.27017e-02  -3.88804e-03   3.19101e-02   1.49332e-02   8.19591e-02  -9.98132e-04   7.55174e-03  -5.68927e-02   2.82322e-02   1.92569e-02  -4.71067e-02  -2.07076e-02   1.04984e-02
T15   -6.95820e-01   1.51488e-02   4.74328e-02  -1.21170e-02   3.14149e-02  -3.15916e-02   2.35355e-02   7.02474e-02  -1.01187e-02   3.32374e-03  -5.18272e-03   5.92627e-04   6.73673e-02  -6.64753e-03  -1.61429e-02   2.82322e-02  -4.03074e-02  -8.64172e-03  -1.23096e-02  -7.22138e-03   4.53155e-03
T16   -4.54252e-01  -2.44448e-03   5.87334e-02   5.04722e-04   2.61068e-02  -6.72337e-03   2.86182e-02   6.88643e-02  -1.21702e-02   1.24045e-02  -1.73906e-02  -2.47351e-03   7.38127e-02  -8.82882e-03  -1.63600e-02   1.92569e-02  -8.64172e-03  -3.99356e-02  -8.21321e-03  -1.03460e-02  -2.43935e-02
T17    2.06307e+00  -8.37902e-03  -2.27842e-02  -1.01305e-03  -7.89087e-03  -6.09464e-02  -3.39692e-02   1.84681e-03  -2.17763e-04  -5.14314e-02  -4.17210e-03  -3.16876e-02   3.50282e-02  -3.10034e-02  -6.84221e-02  -4.71067e-02  -1.23096e-02  -8.21321e-03  -2.05456e-01  -6.97487e-02  -1.67550e-02
T18    8.28347e-01   1.23972e-02   8.53627e-03  -2.72551e-02  -9.63558e-04  -2.40126e-02  -8.84624e-03   5.78034e-04   9.11285e-03  -2.77348e-02  -3.51316e-02  -1.67896e-02  -1.51228e-02  -2.20525e-02  -6.68281e-02  -2.07076e-02  -7.22138e-03  -1.03460e-02  -6.97487e-02  -7.86227e-02  -1.13621e-02
T19    4.94118e-01  -3.46796e-02   1.05500e-02   3.63374e-02   3.39417e-02  -4.23191e-02   2.50238e-02   2.37981e-02  -8.47500e-03   1.36014e-02  -7.29968e-02  -6.13475e-02   1.65783e-02  -2.51700e-02  -5.27672e-02   1.04984e-02   4.53155e-03  -2.43935e-02  -1.67550e-02  -1.13621e-02  -9.85297e-02
