T0   -3.93520e-01  -5.59418e-02   9.10406e-03   2.56024e-02   5.03492e-03   7.40527e-03   5.58436e-03   1.72729e-02  -1.92754e-02   7.51325e-03  -2.52344e-03  -1.80475e-02   4.39842e-02  -6.70216e-03   3.14597e-03   2.80185e-03   8.94069e-03  -2.92864e-03   8.56220e-04   1.31416e-02  -1.97901e-02
T1   -1.05873e+00   9.10406e-03   3.09043e-02   6.48924e-02  -2.40013e-02  -4.17493e-03   5.78942e-02  -1.76158e-02   1.37217e-02   3.01647e-02   1.25820e-02  -1.59002e-02   1.61912e-01  -1.84831e-02  -1.02593e-02   5.33861e-03   3.73102e-02   4.42768e-02  -2.26829e-02   5.74941e-03  -2.88599e-04
T2   -7.17355e-01   2.56024e-02   6.48924e-02  -5.96381e-02   1.77018e-02   8.87254e-03   1.83926e-02   5.84994e-02  -4.51629e-03   2.57761e-02  -6.87367e-03   2.51346e-02   3.22089e-02  -6.94036e-03  -3.57070e-03   2.78507e-02  -9.02578e-03  -2.34240e-05  -3.65181e-03  -2.49028e-02   2.13194e-02
T3   -1.30648e+00   5.03492e-03  -2.40013e-02   1.77018e-02   4.13408e-02   2.89993e-02   4.87407e-02   9.43727e-02   2.25289e-03   5.44768e-03   9.14003e-03   1.84875e-02   3.35053e-03   3.65645e-03   1.15555e-02   2.28021e-02   2.84074e-02   1.88217e-02  -1.44094e-02  -6.40055e-03   1.51420e-02
T4    2.21940e+00   7.40527e-03  -4.17493e-03   8.87254e-03   2.89993e-02  -3.40093e-01  -3.86414e-03   3.24756e-02  -1.97338e-03  -4.88884e-02  -2.32281e-02  -2.12464e-02   1.07680e-02  -3.90074e-02  -3.28499e-02  -9.76543e-03  -2.52514e-02  -2.17587e-03  -3.35890e-02  -1.16925e-02  -2.22357e-02
T5   -8.37324e-01   5.58436e-03   5.78942e-02   1.83926e-02   4.87407e-02  -3.86414e-03  -3.06944e-02   7.76445e-02   2.57967e-02   2.51156e-02   2.51541e-03  -1.38828e-02   9.48415e-02  -1.53058e-02  -6.74401e-03   1.95653e-02   1.52939e-02   1.87162e-02  -3.28577e-02  -6.02945e-03   1.30616e-02
T6   -1.76548e+00   1.72729e-02  -1.76158e-02   5.84994e-02   9.43727e-02   3.24756e-02   7.76445e-02   6.93514e-02   3.14001e-02   1.76440e-02  -9.87818e-03  -4.67076e-03   9.06816e-03   5.95681e-04  -2.67706e-03   4.32370e-02   5.48609e-02   4.86429e-02  -2.98280e-03  -1.05345e-03   9.20009e-03
T7   -5.42279e-01  -1.92754e-02   1.37217e-02  -4.51629e-03   2.25289e-03  -1.97338e-03   2.57967e-02   3.14001e-02  -4.50158e-02  -6.86432e-03   4.66117e-03   1.75829e-02   4.60057e-02  -9.33722e-03   5.77999e-03  -7.47825e-03  -4.31523e-03  -7.97164e-03  -6.40807e-03   3.40192e-03  -9.33790e-03
T8    4.27025e-01   7.51325e-03   3.01647e-02   2.57761e-02   5.44768e-03  -4.88884e-02   2.51156e-02   1.76440e-02  -6.86432e-03  -9.29670e-02   1.68107e-03  -6.31209e-03   9.59397e-02  -3.28146e-02  -2.49128e-02  -3.37195e-03   7.39248e-03   1.08688e-02  -4.03756e-02  -2.02233e-02   3.49134e-03
T9    8.94002e-01  -2.52344e-03   1.25820e-02  -6.87367e-03   9.14003e-03  -2.32281e-02   2.51541e-03  -9.87818e-03   4.66117e-03   1.68107e-03  -8.84717e-02  -3.77626e-02  -3.18827e-02  -1.93456e-02  -3.71284e-02   2.03365e-02  -7.74823e-03  -1.32886e-02   1.13384e-02  -1.59295e-02  -4.06895e-02
T10    1.86494e-01  -1.80475e-02  -1.59002e-02   2.51346e-02   1.84875e-02  -2.12464e-02  -1.38828e-02  -4.67076e-03   1.75829e-02  -6.31209e-03  -3.77626e-02  -6.63803e-02   6.00672e-03  -9.30443e-03  -3.45616e-02   6.14219e-03  -3.70438e-03  -1.34578e-03  -1.06996e-02  -3.78367e-03  -3.38287e-02
T11   -1.80172e+00   4.39842e-02   1.61912e-01   3.22089e-02   3.35053e-03   1.07680e-02   9.48415e-02   9.06816e-03   4.60057e-02   9.59397e-02  -3.18827e-02   6.00672e-03   3.58450e-02  -1.16942e-02  -1.34127e-02   6.28121e-02   5.15658e-02   5.25969e-02   2.07188e-02  -1.15673e-02   2.48592e-03
T12    1.88067e+00  -6.70216e-03  -1.84831e-02  -6.94036e-03   3.65645e-03  -3.90074e-02  -1.53058e-02   5.95681e-04  -9.33722e-03  -3.28146e-02  -1.93456e-02  -9.30443e-03  -1.16942e-02  -2.10979e-01  -2.19159e-02  -9.01723e-03  -4.18996e-03  -5.03273e-03  -9.87659e-03  -3.80301e-03  -7.53880e-03
T13    1.23835e+00   3.14597e-03  -1.02593e-02  -3.57070e-03   1.15555e-02  -3.28499e-02  -6.74401e-03  -2.67706e-03   5.77999e-03  -2.49128e-02  -3.71284e-02  -3.45616e-02  -1.34127e-02  -2.19159e-02  -7.67059e-02  -2.36191e-03  -1.69961e-02  -1.02577e-02  -3.87103e-02  -4.09386e-02  -2.75781e-02
T14   -5.97271e-01   2.80185e-03   5.33861e-03   2.78507e-02   2.28021e-02  -9.76543e-03   1.95653e-02   4.32370e-02  -7.47825e-03  -3.37195e-03   2.03365e-02   6.14219e-03   6.28121e-02  -9.01723e-03  -2.36191e-03  -4.13039e-02   2.58768e-02   1.34607e-02  -3.81255e-02  -1.69320e-02   3.86900e-03
T15   -6.31489e-01   8.94069e-03   3.73102e-02  -9.02578e-03   2.84074e-02  -2.52514e-02   1.52939e-02   5.48609e-02  -4.31523e-03   7.39248e-03  -7.74823e-03  -3.70438e-03   5.15658e-02  -4.18996e-03  -1.69961e-02   2.58768e-02  -3.50327e-02  -8.39996e-03  -1.14040e-02  -8.59302e-03  -1.01148e-03
T16   -3.92176e-01  -2.92864e-03   4.42768e-02  -2.34240e-05   1.88217e-02  -2.17587e-03   1.87162e-02   4.86429e-02  -7.97164e-03   1.08688e-02  -1.32886e-02  -1.34578e-03   5.25969e-02  -5.03273e-03  -1.02577e-02   1.34607e-02  -8.39996e-03  -3.79988e-02  -8.27977e-03  -7.13902e-03  -1.89975e-02
T17    1.98563e+00   8.56220e-04  -2.26829e-02  -3.65181e-03  -1.44094e-02  -3.35890e-02  -3.28577e-02  -2.98280e-03  -6.40807e-03  -4.03756e-02   1.13384e-02  -1.06996e-02   2.07188e-02  -9.87659e-03  -3.87103e-02  -3.81255e-02  -1.14040e-02  -8.27977e-03  -1.56926e-01  -4.39671e-02   1.74887e-03
T18    7.74771e-01   1.31416e-02   5.74941e-03  -2.49028e-02  -6.40055e-03  -1.16925e-02  -6.02945e-03  -1.05345e-03   3.40192e-03  -2.02233e-02  -1.59295e-02  -3.78367e-03  -1.15673e-02  -3.80301e-03  -4.09386e-02  -1.69320e-02  -8.59302e-03  -7.13902e-03  -4.39671e-02  -6.04447e-02  -1.07199e-03
T19    4.37471e-01  -1.97901e-02  -2.88599e-04   2.13194e-02   1.51420e-02  -2.22357e-02   1.30616e-02   9.20009e-03  -9.33790e-03   3.49134e-03  -4.06895e-02  -3.38287e-02   2.48592e-03  -7.53880e-03  -2.75781e-02   3.86900e-03  -1.01148e-03  -1.89975e-02   1.74887e-03  -1.07199e-03  -6.48356e-02
