T0   -4.28550e-01  -7.39638e-02   1.84477e-02   4.41330e-02   2.06372e-02  -1.76116e-03   1.71325e-02   3.74491e-02  -2.47329e-02   1.73888e-02  -1.66633e-02  -3.49419e-02   7.39265e-02  -2.23026e-02  -8.61142e-03   6.11261e-03   1.54921e-02  -1.82771e-03  -9.47283e-03   1.17931e-02  -3.59643e-02
T1   -1.06108e+00   1.84477e-02   4.46872e-02   7.72459e-02  -5.29128e-02  -2.95378e-04   6.59799e-02  -4.52387e-02   2.26126e-02   3.58215e-02   3.26541e-02  -6.44941e-03   2.13266e-01  -9.13068e-03  -2.73962e-03   5.85741e-03   4.86789e-02   5.97136e-02  -2.11606e-02   8.41306e-03   1.17492e-02
T2   -7.84610e-01   4.41330e-02   7.72459e-02  -7.74065e-02   1.98490e-02   1.46014e-02   2.50522e-02   7.96781e-02  -6.26138e-03   2.77235e-02   3.62029e-03   4.26752e-02   3.94434e-02  -2.95485e-03   1.67867e-03   3.24325e-02  -1.22641e-02   7.15487e-04  -2.84475e-04  -2.80141e-02   3.81050e-02
T3   -1.37136e+00   2.06372e-02  -5.29128e-02   1.98490e-02   6.42604e-02   4.72130e-02   6.44670e-02   1.30868e-01  -2.03794e-03  -1.11082e-02   3.05833e-02   4.04537e-02  -1.00364e-02   2.15517e-02   2.83356e-02   2.86223e-02   3.18459e-02   2.65447e-02  -9.61676e-03  -6.49997e-04   3.57596e-02
T4    2.33684e+00  -1.76116e-03  -2.95378e-04   1.46014e-02   4.72130e-02  -4.37654e-01   1.44715e-03   5.15820e-02  -9.00310e-03  -5.31191e-02  -4.35122e-02  -4.24579e-02   2.05574e-02  -6.80130e-02  -6.17488e-02  -1.16094e-02  -3.19402e-02  -6.54760e-03  -6.34138e-02  -2.61922e-02  -4.51366e-02
T5   -8.79130e-01   1.71325e-02   6.59799e-02   2.50522e-02   6.44670e-02   1.44715e-03  -2.45368e-02   1.01729e-01   3.60678e-02   3.40396e-02   1.39194e-02  -8.13134e-03   1.20410e-01  -1.34511e-02  -6.28036e-03   1.96088e-02   2.32690e-02   2.95847e-02  -3.40015e-02  -8.39930e-03   2.67912e-02
T6   -1.80807e+00   3.74491e-02  -4.52387e-02   7.96781e-02   1.30868e-01   5.15820e-02   1.01729e-01   1.02986e-01   4.74766e-02   1.24451e-02   6.54546e-03   1.13692e-02  -5.32372e-03   1.28907e-02   7.82421e-03   6.07804e-02   7.11981e-02   7.09657e-02   1.66259e-03   8.74941e-05   2.50084e-02
T7   -6.06769e-01  -2.47329e-02   2.26126e-02  -6.26138e-03  -2.03794e-03  -9.00310e-03   3.60678e-02   4.74766e-02  -6.13135e-02  -1.39813e-02   9.48935e-03   2.10492e-02   6.76459e-02  -1.27324e-02   1.17587e-02  -1.28592e-02  -1.07268e-02  -1.23786e-02  -9.19772e-04   9.44470e-03  -8.20123e-03
T8    3.79050e-01   1.73888e-02   3.58215e-02   2.77235e-02  -1.11082e-02  -5.31191e-02   3.40396e-02   1.24451e-02  -1.39813e-02  -1.27905e-01   1.43166e-02   3.75501e-03   1.23323e-01  -3.65746e-02  -3.00088e-02  -2.49493e-03   2.70270e-03   1.15795e-02  -5.26079e-02  -2.75731e-02   1.43116e-02
T9    9.55657e-01  -1.66633e-02   3.26541e-02   3.62029e-03   3.05833e-02  -4.35122e-02   1.39194e-02   6.54546e-03   9.48935e-03   1.43166e-02  -1.36754e-01  -7.26869e-02  -2.07773e-02  -4.45249e-02  -7.42178e-02   3.22059e-02  -5.03539e-03  -1.82896e-02  -5.57553e-03  -3.78608e-02  -7.64426e-02
T10    2.54046e-01  -3.49419e-02  -6.44941e-03   4.26752e-02   4.04537e-02  -4.24579e-02  -8.13134e-03   1.13692e-02   2.10492e-02   3.75501e-03  -7.26869e-02  -1.04911e-01   2.48160e-02  -2.93943e-02  -6.75518e-02   1.57309e-02   1.53607e-03  -2.18295e-03  -3.44539e-02  -1.82063e-02  -6.44398e-02
T11   -1.82688e+00   7.39265e-02   2.13266e-01   3.94434e-02  -1.00364e-02   2.05574e-02   1.20410e-01  -5.32372e-03   6.76459e-02   1.23323e-01  -2.07773e-02   2.48160e-02   6.15540e-02   7.92008e-03  -6.68236e-03   8.55723e-02   6.93853e-02   7.55091e-02   3.78063e-02  -1.43312e-02   1.81806e-02
T12    1.89689e+00  -2.23026e-02  -9.13068e-03  -2.95485e-03   2.15517e-02  -6.80130e-02  -1.34511e-02   1.28907e-02  -1.27324e-02  -3.65746e-02  -4.45249e-02  -2.93943e-02   7.92008e-03  -2.61215e-01  -5.41683e-02   1.31539e-03  -6.81913e-03  -9.14292e-03  -3.02401e-02  -2.44346e-02  -2.70638e-02
T13    1.34302e+00  -8.61142e-03  -2.73962e-03   1.67867e-03   2.83356e-02  -6.17488e-02  -6.28036e-03   7.82421e-03   1.17587e-02  -3.00088e-02  -7.42178e-02  -6.75518e-02  -6.68236e-03  -5.41683e-02  -1.17417e-01   8.63726e-03  -1.54306e-02  -1.67753e-02  -7.18654e-02  -6.89670e-02  -5.56301e-02
T14   -6.38762e-01   6.11261e-03   5.85741e-03   3.24325e-02   2.86223e-02  -1.16094e-02   1.96088e-02   6.07804e-02  -1.28592e-02  -2.49493e-03   3.22059e-02   1.57309e-02   8.55723e-02   1.31539e-03   8.63726e-03  -5.77942e-02   2.87434e-02   2.00573e-02  -4.90296e-02  -2.21115e-02   1.11608e-02
T15   -7.01890e-01   1.54921e-02   4.86789e-02  -1.22641e-02   3.18459e-02  -3.19402e-02   2.32690e-02   7.11981e-02  -1.07268e-02   2.70270e-03  -5.03539e-03   1.53607e-03   6.93853e-02  -6.81913e-03  -1.54306e-02   2.87434e-02  -4.03386e-02  -8.06651e-03  -1.30064e-02  -7.93152e-03   5.08722e-03
T16   -4.60683e-01  -1.82771e-03   5.97136e-02   7.15487e-04   2.65447e-02  -6.54760e-03   2.95847e-02   7.09657e-02  -1.23786e-02   1.15795e-02  -1.82896e-02  -2.18295e-03   7.55091e-02  -9.14292e-03  -1.67753e-02   2.00573e-02  -8.06651e-03  -4.00503e-02  -8.90198e-03  -1.04904e-02  -2.51942e-02
T17    2.07272e+00  -9.47283e-03  -2.11606e-02  -2.84475e-04  -9.61676e-03  -6.34138e-02  -3.40015e-02   1.66259e-03  -9.19772e-04  -5.26079e-02  -5.57553e-03  -3.44539e-02   3.78063e-02  -3.02401e-02  -7.18654e-02  -4.90296e-02  -1.30064e-02  -8.90198e-03  -2.09821e-01  -7.11610e-02  -1.87671e-02
T18    8.34698e-01   1.17931e-02   8.41306e-03  -2.80141e-02  -6.49997e-04  -2.61922e-02  -8.39930e-03   8.74941e-05   9.44470e-03  -2.75731e-02  -3.78608e-02  -1.82063e-02  -1.43312e-02  -2.44346e-02  -6.89670e-02  -2.21115e-02  -7.93152e-03  -1.04904e-02  -7.11610e-02  -7.96099e-02  -1.25622e-02
T19    4.94854e-01  -3.59643e-02   1.17492e-02   3.81050e-02   3.57596e-02  -4.51366e-02   2.67912e-02   2.50084e-02  -8.20123e-03   1.43116e-02  -7.64426e-02  -6.44398e-02   1.81806e-02  -2.70638e-02  -5.56301e-02   1.11608e-02   5.08722e-03  -2.51942e-02  -1.87671e-02  -1.25622e-02  -1.01675e-01
