T0   -3.92743e-01  -5.92465e-02   1.13535e-02   2.81442e-02   6.82162e-03   5.78821e-03   7.01624e-03   1.90884e-02  -2.01137e-02   8.25421e-03  -4.65122e-03  -2.07530e-02   4.86644e-02  -8.72408e-03   1.89014e-03   3.03906e-03   9.65063e-03  -3.28336e-03   7.70072e-05   1.37453e-02  -2.24149e-02
T1   -1.06969e+00   1.13535e-02   3.09629e-02   6.82756e-02  -2.69774e-02  -1.95532e-03   6.02500e-02  -2.02850e-02   1.56919e-02   3.08459e-02   1.49258e-02  -1.51683e-02   1.70323e-01  -1.79045e-02  -1.04606e-02   5.44853e-03   3.94169e-02   4.73944e-02  -2.41125e-02   6.07110e-03   1.53407e-03
T2   -7.37477e-01   2.81442e-02   6.82756e-02  -6.10839e-02   1.86453e-02   9.49945e-03   1.99688e-02   6.30355e-02  -4.89883e-03   2.64050e-02  -6.16637e-03   2.74703e-02   3.45465e-02  -5.75868e-03  -2.70567e-03   2.82258e-02  -1.09460e-02  -6.57078e-04  -4.29602e-03  -2.51049e-02   2.39013e-02
T3   -1.32390e+00   6.82162e-03  -2.69774e-02   1.86453e-02   4.51762e-02   3.04502e-02   5.02011e-02   9.92967e-02   1.69066e-03   3.57452e-03   1.18238e-02   2.17019e-02   2.14786e-03   5.17512e-03   1.41652e-02   2.39798e-02   2.84708e-02   1.97762e-02  -1.29369e-02  -4.49669e-03   1.77201e-02
T4    2.24481e+00   5.78821e-03  -1.95532e-03   9.49945e-03   3.04502e-02  -3.54613e-01  -1.29234e-03   3.49807e-02  -1.87188e-03  -5.03982e-02  -2.69082e-02  -2.51495e-02   1.26194e-02  -4.33206e-02  -3.72458e-02  -9.40102e-03  -2.65421e-02  -2.70174e-03  -3.73504e-02  -1.36855e-02  -2.62166e-02
T5   -8.52007e-01   7.01624e-03   6.02500e-02   1.99688e-02   5.02011e-02  -1.29234e-03  -3.08351e-02   8.08216e-02   2.70607e-02   2.62495e-02   4.60017e-03  -1.34754e-02   1.00912e-01  -1.49959e-02  -6.10635e-03   2.00985e-02   1.64454e-02   1.99744e-02  -3.29223e-02  -6.72833e-03   1.53465e-02
T6   -1.78289e+00   1.90884e-02  -2.02850e-02   6.30355e-02   9.92967e-02   3.49807e-02   8.08216e-02   7.42604e-02   3.35025e-02   1.85041e-02  -7.71892e-03  -2.80640e-03   7.76983e-03   2.86216e-03  -2.04259e-03   4.48264e-02   5.84436e-02   5.30314e-02  -1.63230e-03  -1.44554e-03   1.26109e-02
T7   -5.56228e-01  -2.01137e-02   1.56919e-02  -4.89883e-03   1.69066e-03  -1.87188e-03   2.70607e-02   3.35025e-02  -4.97401e-02  -8.89796e-03   5.71019e-03   1.88860e-02   4.94546e-02  -9.77995e-03   6.22181e-03  -7.77300e-03  -5.03146e-03  -8.43816e-03  -5.28449e-03   4.01865e-03  -8.65258e-03
T8    4.12884e-01   8.25421e-03   3.08459e-02   2.64050e-02   3.57452e-03  -5.03982e-02   2.62495e-02   1.85041e-02  -8.89796e-03  -9.98499e-02   4.15785e-03  -5.00174e-03   1.00520e-01  -3.26896e-02  -2.56017e-02  -4.17306e-03   7.29978e-03   1.20769e-02  -4.33447e-02  -2.10069e-02   5.57289e-03
T9    9.20357e-01  -4.65122e-03   1.49258e-02  -6.16637e-03   1.18238e-02  -2.69082e-02   4.60017e-03  -7.71892e-03   5.71019e-03   4.15785e-03  -9.66531e-02  -4.33826e-02  -2.98701e-02  -2.38386e-02  -4.31798e-02   2.18591e-02  -7.30869e-03  -1.41881e-02   9.29694e-03  -1.88373e-02  -4.65011e-02
T10    2.15171e-01  -2.07530e-02  -1.51683e-02   2.74703e-02   2.17019e-02  -2.51495e-02  -1.34754e-02  -2.80640e-03   1.88860e-02  -5.00174e-03  -4.33826e-02  -7.25955e-02   8.20808e-03  -1.16516e-02  -3.92899e-02   7.00097e-03  -3.36312e-03  -2.09362e-03  -1.37928e-02  -5.71086e-03  -3.89317e-02
T11   -1.81976e+00   4.86644e-02   1.70323e-01   3.45465e-02   2.14786e-03   1.26194e-02   1.00912e-01   7.76983e-03   4.94546e-02   1.00520e-01  -2.98701e-02   8.20808e-03   3.92982e-02  -8.22391e-03  -1.34684e-02   6.65440e-02   5.41262e-02   5.70864e-02   2.30993e-02  -1.20961e-02   3.96808e-03
T12    1.89025e+00  -8.72408e-03  -1.79045e-02  -5.75868e-03   5.17512e-03  -4.33206e-02  -1.49959e-02   2.86216e-03  -9.77995e-03  -3.26896e-02  -2.38386e-02  -1.16516e-02  -8.22391e-03  -2.20299e-01  -2.73713e-02  -8.57327e-03  -4.85910e-03  -5.39579e-03  -1.41458e-02  -5.96465e-03  -1.09670e-02
T13    1.26490e+00   1.89014e-03  -1.04606e-02  -2.70567e-03   1.41652e-02  -3.72458e-02  -6.10635e-03  -2.04259e-03   6.22181e-03  -2.56017e-02  -4.31798e-02  -3.92899e-02  -1.34684e-02  -2.73713e-02  -8.30178e-02  -6.52336e-04  -1.61064e-02  -1.08423e-02  -4.40148e-02  -4.54251e-02  -3.15793e-02
T14   -6.04881e-01   3.03906e-03   5.44853e-03   2.82258e-02   2.39798e-02  -9.40102e-03   2.00985e-02   4.48264e-02  -7.77300e-03  -4.17306e-03   2.18591e-02   7.00097e-03   6.65440e-02  -8.57327e-03  -6.52336e-04  -4.50699e-02   2.63751e-02   1.51583e-02  -3.83725e-02  -1.77517e-02   5.41670e-03
T15   -6.45064e-01   9.65063e-03   3.94169e-02  -1.09460e-02   2.84708e-02  -2.65421e-02   1.64454e-02   5.84436e-02  -5.03146e-03   7.29978e-03  -7.30869e-03  -3.36312e-03   5.41262e-02  -4.85910e-03  -1.61064e-02   2.63751e-02  -3.58591e-02  -9.20035e-03  -1.13798e-02  -7.82533e-03  -1.57383e-04
T16   -4.03428e-01  -3.28336e-03   4.73944e-02  -6.57078e-04   1.97762e-02  -2.70174e-03   1.99744e-02   5.30314e-02  -8.43816e-03   1.20769e-02  -1.41881e-02  -2.09362e-03   5.70864e-02  -5.39579e-03  -1.08423e-02   1.51583e-02  -9.20035e-03  -3.89970e-02  -8.15029e-03  -7.88013e-03  -2.02980e-02
T17    1.99941e+00   7.70072e-05  -2.41125e-02  -4.29602e-03  -1.29369e-02  -3.73504e-02  -3.29223e-02  -1.63230e-03  -5.28449e-03  -4.33447e-02   9.29694e-03  -1.37928e-02   2.30993e-02  -1.41458e-02  -4.40148e-02  -3.83725e-02  -1.13798e-02  -8.15029e-03  -1.65304e-01  -4.90932e-02  -1.78724e-03
T18    7.81931e-01   1.37453e-02   6.07110e-03  -2.51049e-02  -4.49669e-03  -1.36855e-02  -6.72833e-03  -1.44554e-03   4.01865e-03  -2.10069e-02  -1.88373e-02  -5.71086e-03  -1.20961e-02  -5.96465e-03  -4.54251e-02  -1.77517e-02  -7.82533e-03  -7.88013e-03  -4.90932e-02  -6.44745e-02  -2.73345e-03
T19    4.58347e-01  -2.24149e-02   1.53407e-03   2.39013e-02   1.77201e-02  -2.62166e-02   1.53465e-02   1.26109e-02  -8.65258e-03   5.57289e-03  -4.65011e-02  -3.89317e-02   3.96808e-03  -1.09670e-02  -3.15793e-02   5.41670e-03  -1.57383e-04  -2.02980e-02  -1.78724e-03  -2.73345e-03  -7.13380e-02
