T0   -3.98711e-01  -5.04066e-02   5.49465e-03   2.04219e-02   3.14352e-03   9.40309e-03   3.41777e-03   1.29016e-02  -1.58912e-02   5.93489e-03   1.23117e-03  -1.31063e-02   3.55487e-02  -4.06034e-03   5.90713e-03   2.46434e-03   7.23267e-03  -3.17351e-03   2.50889e-03   1.29776e-02  -1.44123e-02
T1   -1.01912e+00   5.49465e-03   2.58745e-02   5.72947e-02  -1.81476e-02  -8.14473e-03   5.13935e-02  -1.12084e-02   1.05611e-02   2.89935e-02   7.35881e-03  -1.64847e-02   1.44126e-01  -1.90683e-02  -9.60721e-03   5.38401e-03   3.18404e-02   3.56539e-02  -1.95946e-02   5.63898e-03  -3.52379e-03
T2   -6.66619e-01   2.04219e-02   5.72947e-02  -5.40752e-02   1.66346e-02   8.49795e-03   1.33906e-02   5.21836e-02  -2.50976e-03   2.41638e-02  -1.00192e-02   2.05525e-02   2.63199e-02  -8.92019e-03  -3.86092e-03   2.63891e-02  -6.64968e-03  -4.33101e-04  -6.36101e-03  -2.34421e-02   1.63983e-02
T3   -1.25509e+00   3.14352e-03  -1.81476e-02   1.66346e-02   3.58025e-02   2.42991e-02   4.26916e-02   8.20746e-02   3.97701e-03   5.95429e-03   4.48818e-03   1.39220e-02   4.23572e-03   9.30260e-04   4.70966e-03   2.19997e-02   2.65126e-02   1.59500e-02  -1.64093e-02  -1.01707e-02   8.13674e-03
T4    2.16054e+00   9.40309e-03  -8.14473e-03   8.49795e-03   2.42991e-02  -3.08596e-01  -2.85464e-03   2.52854e-02  -1.19399e-03  -4.53796e-02  -1.49437e-02  -1.50325e-02   7.61735e-03  -3.13601e-02  -2.50456e-02  -7.12537e-03  -2.35701e-02  -4.62813e-04  -2.64309e-02  -7.57389e-03  -1.57054e-02
T5   -7.95137e-01   3.41777e-03   5.13935e-02   1.33906e-02   4.26916e-02  -2.85464e-03  -3.34667e-02   6.83290e-02   2.26151e-02   2.24966e-02   3.27206e-04  -1.43952e-02   8.47758e-02  -1.15098e-02  -7.18507e-03   1.86230e-02   1.37558e-02   1.47961e-02  -2.86599e-02  -6.54397e-03   8.95110e-03
T6   -1.71636e+00   1.29016e-02  -1.12084e-02   5.21836e-02   8.20746e-02   2.52854e-02   6.83290e-02   5.78967e-02   2.69352e-02   1.67296e-02  -1.21871e-02  -6.38635e-03   9.60629e-03  -2.48466e-03  -6.96142e-03   3.87018e-02   4.87711e-02   4.12624e-02  -6.33643e-03  -4.23944e-03   4.06715e-03
T7   -5.12513e-01  -1.58912e-02   1.05611e-02  -2.50976e-03   3.97701e-03  -1.19399e-03   2.26151e-02   2.69352e-02  -3.93355e-02  -3.01800e-03   2.04044e-03   1.39013e-02   3.94582e-02  -8.81579e-03   3.62773e-03  -5.81051e-03  -1.17608e-03  -5.92792e-03  -7.82248e-03   2.09360e-03  -9.93376e-03
T8    4.67469e-01   5.93489e-03   2.89935e-02   2.41638e-02   5.95429e-03  -4.53796e-02   2.24966e-02   1.67296e-02  -3.01800e-03  -8.09549e-02  -3.86120e-03  -9.23449e-03   8.50325e-02  -2.95039e-02  -2.28709e-02  -4.58481e-03   9.89194e-03   9.86227e-03  -3.75084e-02  -1.79471e-02   1.41186e-04
T9    8.16258e-01   1.23117e-03   7.35881e-03  -1.00192e-02   4.48818e-03  -1.49437e-02   3.27206e-04  -1.21871e-02   2.04044e-03  -3.86120e-03  -7.15604e-02  -2.64208e-02  -3.24863e-02  -1.16439e-02  -2.61037e-02   1.56409e-02  -8.32689e-03  -1.06416e-02   1.72372e-02  -9.94541e-03  -2.87666e-02
T10    1.10123e-01  -1.31063e-02  -1.64847e-02   2.05525e-02   1.39220e-02  -1.50325e-02  -1.43952e-02  -6.38635e-03   1.39013e-02  -9.23449e-03  -2.64208e-02  -5.42390e-02   2.58492e-03  -3.46673e-03  -2.49232e-02   4.33336e-03  -4.96633e-03   5.57462e-04  -4.65876e-03   2.04331e-04  -2.40172e-02
T11   -1.75058e+00   3.55487e-02   1.44126e-01   2.63199e-02   4.23572e-03   7.61735e-03   8.47758e-02   9.60629e-03   3.94582e-02   8.50325e-02  -3.24863e-02   2.58492e-03   2.74598e-02  -1.49562e-02  -1.47119e-02   5.56510e-02   4.38573e-02   4.37996e-02   1.66945e-02  -9.92923e-03  -1.77185e-03
T12    1.83815e+00  -4.06034e-03  -1.90683e-02  -8.92019e-03   9.30260e-04  -3.13601e-02  -1.15098e-02  -2.48466e-03  -8.81579e-03  -2.95039e-02  -1.16439e-02  -3.46673e-03  -1.49562e-02  -1.92680e-01  -1.30853e-02  -9.22832e-03  -4.39689e-03  -1.83322e-03  -2.22683e-03   8.52656e-04  -2.11298e-03
T13    1.17229e+00   5.90713e-03  -9.60721e-03  -3.86092e-03   4.70966e-03  -2.50456e-02  -7.18507e-03  -6.96142e-03   3.62773e-03  -2.28709e-02  -2.61037e-02  -2.49232e-02  -1.47119e-02  -1.30853e-02  -6.22461e-02  -4.77181e-03  -1.71149e-02  -8.06827e-03  -2.87631e-02  -3.14688e-02  -1.85764e-02
T14   -5.74982e-01   2.46434e-03   5.38401e-03   2.63891e-02   2.19997e-02  -7.12537e-03   1.86230e-02   3.87018e-02  -5.81051e-03  -4.58481e-03   1.56409e-02   4.33336e-03   5.56510e-02  -9.22832e-03  -4.77181e-03  -3.69243e-02   2.48679e-02   1.03648e-02  -3.66163e-02  -1.48471e-02   5.87410e-04
T15   -5.92968e-01   7.23267e-03   3.18404e-02  -6.64968e-03   2.65126e-02  -2.35701e-02   1.37558e-02   4.87711e-02  -1.17608e-03   9.89194e-03  -8.32689e-03  -4.96633e-03   4.38573e-02  -4.39689e-03  -1.71149e-02   2.48679e-02  -3.25953e-02  -7.55109e-03  -1.14403e-02  -1.01996e-02  -3.02711e-03
T16   -3.64852e-01  -3.17351e-03   3.56539e-02  -4.33101e-04   1.59500e-02  -4.62813e-04   1.47961e-02   4.12624e-02  -5.92792e-03   9.86227e-03  -1.06416e-02   5.57462e-04   4.37996e-02  -1.83322e-03  -8.06827e-03   1.03648e-02  -7.55109e-03  -3.61439e-02  -7.18683e-03  -7.39067e-03  -1.60844e-02
T17    1.94030e+00   2.50889e-03  -1.95946e-02  -6.36101e-03  -1.64093e-02  -2.64309e-02  -2.86599e-02  -6.33643e-03  -7.82248e-03  -3.75084e-02   1.72372e-02  -4.65876e-03   1.66945e-02  -2.22683e-03  -2.87631e-02  -3.66163e-02  -1.14403e-02  -7.18683e-03  -1.37133e-01  -3.57660e-02   8.31213e-03
T18    7.56669e-01   1.29776e-02   5.63898e-03  -2.34421e-02  -1.01707e-02  -7.57389e-03  -6.54397e-03  -4.23944e-03   2.09360e-03  -1.79471e-02  -9.94541e-03   2.04331e-04  -9.92923e-03   8.52656e-04  -3.14688e-02  -1.48471e-02  -1.01996e-02  -7.39067e-03  -3.57660e-02  -5.21960e-02   3.66568e-03
T19    3.85141e-01  -1.44123e-02  -3.52379e-03   1.63983e-02   8.13674e-03  -1.57054e-02   8.95110e-03   4.06715e-03  -9.93376e-03   1.41186e-04  -2.87666e-02  -2.40172e-02  -1.77185e-03  -2.11298e-03  -1.85764e-02   5.87410e-04  -3.02711e-03  -1.60844e-02   8.31213e-03   3.66568e-03  -5.22306e-02
