T0   -4.00055e-01  -4.91273e-02   4.89613e-03   1.98393e-02   3.05517e-03   9.82543e-03   2.46546e-03   1.18928e-02  -1.52708e-02   5.22261e-03   2.03212e-03  -1.21582e-02   3.32568e-02  -3.57151e-03   6.28791e-03   2.56012e-03   7.21619e-03  -2.91648e-03   3.38199e-03   1.25544e-02  -1.33557e-02
T1   -1.00831e+00   4.89613e-03   2.52973e-02   5.56250e-02  -1.70181e-02  -8.47081e-03   4.95270e-02  -1.04415e-02   9.97212e-03   2.85890e-02   6.51156e-03  -1.68175e-02   1.40198e-01  -1.85801e-02  -9.79101e-03   4.95109e-03   3.05531e-02   3.41976e-02  -1.93622e-02   5.21454e-03  -3.63463e-03
T2   -6.52220e-01   1.98393e-02   5.56250e-02  -5.34016e-02   1.63780e-02   8.04818e-03   1.18652e-02   5.00470e-02  -2.12613e-03   2.43330e-02  -1.05447e-02   1.96036e-02   2.51719e-02  -9.10380e-03  -4.23445e-03   2.61371e-02  -6.00566e-03  -6.75058e-04  -6.94844e-03  -2.29900e-02   1.54267e-02
T3   -1.24125e+00   3.05517e-03  -1.70181e-02   1.63780e-02   3.45413e-02   2.30771e-02   4.13011e-02   7.91395e-02   3.94944e-03   6.68068e-03   3.43633e-03   1.29160e-02   4.08008e-03   3.36711e-04   3.83659e-03   2.21392e-02   2.58072e-02   1.53145e-02  -1.77079e-02  -1.05498e-02   6.82517e-03
T4    2.14858e+00   9.82543e-03  -8.47081e-03   8.04818e-03   2.30771e-02  -3.01185e-01  -2.89247e-03   2.33376e-02  -9.71416e-04  -4.43866e-02  -1.34671e-02  -1.37408e-02   5.59295e-03  -2.91202e-02  -2.38068e-02  -6.91545e-03  -2.28108e-02   9.22205e-05  -2.51783e-02  -5.41576e-03  -1.43516e-02
T5   -7.82614e-01   2.46546e-03   4.95270e-02   1.18652e-02   4.13011e-02  -2.89247e-03  -3.35972e-02   6.61386e-02   2.24866e-02   2.18594e-02  -4.80680e-04  -1.39882e-02   8.23398e-02  -1.10789e-02  -7.36866e-03   1.85970e-02   1.32658e-02   1.38860e-02  -2.86215e-02  -6.40437e-03   8.44604e-03
T6   -1.70275e+00   1.18928e-02  -1.04415e-02   5.00470e-02   7.91395e-02   2.33376e-02   6.61386e-02   5.57735e-02   2.61743e-02   1.66293e-02  -1.25991e-02  -6.25361e-03   9.31498e-03  -3.55483e-03  -7.99401e-03   3.80286e-02   4.72901e-02   4.00128e-02  -6.80290e-03  -4.48579e-03   2.79576e-03
T7   -5.07365e-01  -1.52708e-02   9.97212e-03  -2.12613e-03   3.94944e-03  -9.71416e-04   2.24866e-02   2.61743e-02  -3.83620e-02  -1.89551e-03   1.43820e-03   1.33034e-02   3.81005e-02  -8.13946e-03   3.23602e-03  -5.13928e-03  -6.83476e-05  -5.61948e-03  -8.49777e-03   1.61657e-03  -1.01686e-02
T8    4.76363e-01   5.22261e-03   2.85890e-02   2.43330e-02   6.68068e-03  -4.43866e-02   2.18594e-02   1.66293e-02  -1.89551e-03  -7.86171e-02  -4.11972e-03  -9.85369e-03   8.24959e-02  -2.95240e-02  -2.30386e-02  -4.20395e-03   9.86876e-03   9.37005e-03  -3.62928e-02  -1.79666e-02  -5.13109e-04
T9    7.96688e-01   2.03212e-03   6.51156e-03  -1.05447e-02   3.43633e-03  -1.34671e-02  -4.80680e-04  -1.25991e-02   1.43820e-03  -4.11972e-03  -6.79828e-02  -2.43281e-02  -3.22014e-02  -9.59654e-03  -2.31646e-02   1.36854e-02  -8.68157e-03  -1.00105e-02   1.86861e-02  -8.23573e-03  -2.61820e-02
T10    9.06634e-02  -1.21582e-02  -1.68175e-02   1.96036e-02   1.29160e-02  -1.37408e-02  -1.39882e-02  -6.25361e-03   1.33034e-02  -9.85369e-03  -2.43281e-02  -5.15230e-02   1.88107e-03  -2.38183e-03  -2.27868e-02   3.69534e-03  -5.27024e-03   8.37468e-04  -3.64078e-03   1.17371e-03  -2.19221e-02
T11   -1.73592e+00   3.32568e-02   1.40198e-01   2.51719e-02   4.08008e-03   5.59295e-03   8.23398e-02   9.31498e-03   3.81005e-02   8.24959e-02  -3.22014e-02   1.88107e-03   2.55017e-02  -1.49673e-02  -1.48836e-02   5.43691e-02   4.25222e-02   4.24465e-02   1.63792e-02  -1.04599e-02  -2.33185e-03
T12    1.82673e+00  -3.57151e-03  -1.85801e-02  -9.10380e-03   3.36711e-04  -2.91202e-02  -1.10789e-02  -3.55483e-03  -8.13946e-03  -2.95240e-02  -9.59654e-03  -2.38183e-03  -1.49673e-02  -1.89116e-01  -1.06075e-02  -9.54273e-03  -4.60095e-03  -2.66097e-03  -7.39225e-04   1.80073e-03  -5.41925e-04
T13    1.15437e+00   6.28791e-03  -9.79101e-03  -4.23445e-03   3.83659e-03  -2.38068e-02  -7.36866e-03  -7.99401e-03   3.23602e-03  -2.30386e-02  -2.31646e-02  -2.27868e-02  -1.48836e-02  -1.06075e-02  -5.94361e-02  -4.97084e-03  -1.70613e-02  -7.98820e-03  -2.68344e-02  -2.94731e-02  -1.63955e-02
T14   -5.68733e-01   2.56012e-03   4.95109e-03   2.61371e-02   2.21392e-02  -6.91545e-03   1.85970e-02   3.80286e-02  -5.13928e-03  -4.20395e-03   1.36854e-02   3.69534e-03   5.43691e-02  -9.54273e-03  -4.97084e-03  -3.51811e-02   2.44592e-02   9.88120e-03  -3.61319e-02  -1.49084e-02  -4.56462e-04
T15   -5.83781e-01   7.21619e-03   3.05531e-02  -6.00566e-03   2.58072e-02  -2.28108e-02   1.32658e-02   4.72901e-02  -6.83476e-05   9.86876e-03  -8.68157e-03  -5.27024e-03   4.25222e-02  -4.60095e-03  -1.70613e-02   2.44592e-02  -3.19882e-02  -7.43739e-03  -1.12490e-02  -1.04054e-02  -3.63187e-03
T16   -3.60043e-01  -2.91648e-03   3.41976e-02  -6.75058e-04   1.53145e-02   9.22205e-05   1.38860e-02   4.00128e-02  -5.61948e-03   9.37005e-03  -1.00105e-02   8.37468e-04   4.24465e-02  -2.66097e-03  -7.98820e-03   9.88120e-03  -7.43739e-03  -3.57726e-02  -6.06957e-03  -7.40039e-03  -1.53126e-02
T17    1.92901e+00   3.38199e-03  -1.93622e-02  -6.94844e-03  -1.77079e-02  -2.51783e-02  -2.86215e-02  -6.80290e-03  -8.49777e-03  -3.62928e-02   1.86861e-02  -3.64078e-03   1.63792e-02  -7.39225e-04  -2.68344e-02  -3.61319e-02  -1.12490e-02  -6.06957e-03  -1.32863e-01  -3.33014e-02   9.23750e-03
T18    7.50948e-01   1.25544e-02   5.21454e-03  -2.29900e-02  -1.05498e-02  -5.41576e-03  -6.40437e-03  -4.48579e-03   1.61657e-03  -1.79666e-02  -8.23573e-03   1.17371e-03  -1.04599e-02   1.80073e-03  -2.94731e-02  -1.49084e-02  -1.04054e-02  -7.40039e-03  -3.33014e-02  -5.03472e-02   4.81400e-03
T19    3.69703e-01  -1.33557e-02  -3.63463e-03   1.54267e-02   6.82517e-03  -1.43516e-02   8.44604e-03   2.79576e-03  -1.01686e-02  -5.13109e-04  -2.61820e-02  -2.19221e-02  -2.33185e-03  -5.41925e-04  -1.63955e-02  -4.56462e-04  -3.63187e-03  -1.53126e-02   9.23750e-03   4.81400e-03  -4.95939e-02
