T0   -6.10784e-01  -1.56630e-01   1.20433e-01   1.21256e-01   1.23908e-01  -1.03269e-01   1.11687e-01   2.14546e-01  -6.29819e-02   6.48665e-02  -1.06079e-01  -1.09523e-01   2.94292e-01  -8.48296e-02  -8.73546e-02   3.12605e-02   3.79539e-02  -6.20258e-04  -4.79081e-02  -2.23037e-02  -1.46244e-01
T1   -8.27978e-01   1.20433e-01   2.54812e-01   1.06333e-01  -3.13042e-01   3.69114e-02   1.22426e-01  -2.90634e-01  -4.38093e-03   1.01105e-01   1.92218e-01   1.25738e-01   5.39411e-01   1.28387e-01   8.46601e-02   1.10329e-02   4.91286e-02   8.36806e-02  -3.22409e-02   1.87515e-02   1.32899e-01
T2   -6.11230e-01   1.21256e-01   1.06333e-01  -1.80320e-01  -1.65480e-03  -4.36109e-03   3.80287e-02   1.41420e-01  -4.04763e-02   1.93304e-02   1.32858e-01   2.23393e-01   4.85441e-02   6.44977e-02   7.60747e-02   4.33285e-02  -4.49028e-02  -2.40509e-02   1.97499e-02  -1.64991e-02   1.39024e-01
T3   -1.11445e+00   1.23908e-01  -3.13042e-01  -1.65480e-03   2.11252e-01   8.37380e-02   1.10842e-01   3.48905e-01   1.66081e-02  -1.37481e-01   2.26695e-01   2.81131e-01  -2.21870e-01   1.67220e-01   2.00628e-01   8.45775e-02   2.63227e-02   4.59608e-02   4.38292e-02  -9.10641e-04   1.74232e-01
T4    2.46456e+00  -1.03269e-01   3.69114e-02  -4.36109e-03   8.37380e-02  -1.00003e+00   2.17881e-02   1.42673e-01  -1.04877e-01  -1.17338e-01  -1.82869e-01  -1.78475e-01   1.08819e-01  -2.27026e-01  -2.46935e-01  -8.53666e-02  -1.03675e-01  -7.04432e-02  -2.27897e-01  -1.31022e-01  -1.96551e-01
T5   -7.13261e-01   1.11687e-01   1.22426e-01   3.80287e-02   1.10842e-01   2.17881e-02   2.26412e-02   2.22735e-01   3.48787e-02   5.06082e-02   1.41674e-01   1.40611e-01   2.27906e-01   5.81019e-02   7.96366e-02   3.52711e-02   1.91286e-02   2.61130e-02  -4.13344e-02   1.54587e-02   1.09047e-01
T6   -1.50128e+00   2.14546e-01  -2.90634e-01   1.41420e-01   3.48905e-01   1.42673e-01   2.22735e-01   3.25652e-01   1.44885e-01  -6.91456e-02   1.96168e-01   2.54554e-01  -1.93941e-01   1.92909e-01   1.79668e-01   1.56360e-01   1.15824e-01   1.25527e-01   4.71320e-02  -1.03152e-03   1.58542e-01
T7   -5.56979e-01  -6.29819e-02  -4.38093e-03  -4.04763e-02   1.66081e-02  -1.04877e-01   3.48787e-02   1.44885e-01  -1.24580e-01  -4.10505e-02   2.92922e-02   4.81100e-02   8.43279e-02  -5.11368e-02  -1.55868e-02  -2.83433e-02  -4.16974e-02  -2.65610e-02  -4.41702e-02  -2.16722e-02  -1.20498e-02
T8    4.34360e-01   6.48665e-02   1.01105e-01   1.93304e-02  -1.37481e-01  -1.17338e-01   5.06082e-02  -6.91456e-02  -4.10505e-02  -3.30204e-01   8.41753e-02   8.05910e-02   2.63088e-01  -3.06954e-02  -2.77088e-02   7.77914e-04  -4.54628e-02  -3.41561e-03  -1.25460e-01  -8.95346e-02   5.93242e-02
T9    5.55959e-01  -1.06079e-01   1.92218e-01   1.32858e-01   2.26695e-01  -1.82869e-01   1.41674e-01   1.96168e-01   2.92922e-02   8.41753e-02  -3.94190e-01  -2.89046e-01   1.69600e-01  -2.03288e-01  -2.93335e-01   1.01312e-01   3.86401e-02  -2.79995e-02  -1.59332e-01  -1.72270e-01  -2.78368e-01
T10   -1.85244e-01  -1.09523e-01   1.25738e-01   2.23393e-01   2.81131e-01  -1.78475e-01   1.40611e-01   2.54554e-01   4.81100e-02   8.05910e-02  -2.89046e-01  -3.33520e-01   2.66499e-01  -1.77575e-01  -2.78049e-01   6.64458e-02   7.96347e-02   3.80326e-02  -2.05338e-01  -1.30917e-01  -2.44695e-01
T11   -1.45778e+00   2.94292e-01   5.39411e-01   4.85441e-02  -2.21870e-01   1.08819e-01   2.27906e-01  -1.93941e-01   8.43279e-02   2.63088e-01   1.69600e-01   2.66499e-01   3.53337e-01   2.36376e-01   1.68165e-01   2.17466e-01   9.62631e-02   1.25170e-01   1.69114e-01   7.29732e-03   1.69718e-01
T12    1.52494e+00  -8.48296e-02   1.28387e-01   6.44977e-02   1.67220e-01  -2.27026e-01   5.81019e-02   1.92909e-01  -5.11368e-02  -3.06954e-02  -2.03288e-01  -1.77575e-01   2.36376e-01  -5.00663e-01  -2.74264e-01  -2.79547e-03   1.23037e-02  -1.11770e-02  -2.21744e-01  -1.41363e-01  -1.65030e-01
T13    1.05913e+00  -8.73546e-02   8.46601e-02   7.60747e-02   2.00628e-01  -2.46935e-01   7.96366e-02   1.79668e-01  -1.55868e-02  -2.77088e-02  -2.93335e-01  -2.78049e-01   1.68165e-01  -2.74264e-01  -3.89688e-01  -5.84299e-03  -8.44924e-03  -1.60691e-02  -2.99841e-01  -2.40277e-01  -2.27554e-01
T14   -4.93355e-01   3.12605e-02   1.10329e-02   4.33285e-02   8.45775e-02  -8.53666e-02   3.52711e-02   1.56360e-01  -2.83433e-02   7.77914e-04   1.01312e-01   6.64458e-02   2.17466e-01  -2.79547e-03  -5.84299e-03  -8.45221e-02   5.57775e-02   5.25922e-02  -1.81151e-01  -1.25599e-01   5.09086e-02
T15   -6.19396e-01   3.79539e-02   4.91286e-02  -4.49028e-02   2.63227e-02  -1.03675e-01   1.91286e-02   1.15824e-01  -4.16974e-02  -4.54628e-02   3.86401e-02   7.96347e-02   9.62631e-02   1.23037e-02  -8.44924e-03   5.57775e-02  -8.19634e-02  -3.48468e-02  -6.59762e-03  -1.35801e-02   2.41355e-02
T16   -4.28862e-01  -6.20258e-04   8.36806e-02  -2.40509e-02   4.59608e-02  -7.04432e-02   2.61130e-02   1.25527e-01  -2.65610e-02  -3.41561e-03  -2.79995e-02   3.80326e-02   1.25170e-01  -1.11770e-02  -1.60691e-02   5.25922e-02  -3.48468e-02  -9.08919e-02  -3.19210e-03  -2.44723e-02  -5.75981e-02
T17    1.98755e+00  -4.79081e-02  -3.22409e-02   1.97499e-02   4.38292e-02  -2.27897e-01  -4.13344e-02   4.71320e-02  -4.41702e-02  -1.25460e-01  -1.59332e-01  -2.05338e-01   1.69114e-01  -2.21744e-01  -2.99841e-01  -1.81151e-01  -6.59762e-03  -3.19210e-03  -4.76147e-01  -2.18373e-01  -1.38476e-01
T18    8.11472e-01  -2.23037e-02   1.87515e-02  -1.64991e-02  -9.10641e-04  -1.31022e-01   1.54587e-02  -1.03152e-03  -2.16722e-02  -8.95346e-02  -1.72270e-01  -1.30917e-01   7.29732e-03  -1.41363e-01  -2.40277e-01  -1.25599e-01  -1.35801e-02  -2.44723e-02  -2.18373e-01  -1.74375e-01  -1.16870e-01
T19    2.82621e-01  -1.46244e-01   1.32899e-01   1.39024e-01   1.74232e-01  -1.96551e-01   1.09047e-01   1.58542e-01  -1.20498e-02   5.93242e-02  -2.78368e-01  -2.44695e-01   1.69718e-01  -1.65030e-01  -2.27554e-01   5.09086e-02   2.41355e-02  -5.75981e-02  -1.38476e-01  -1.16870e-01  -3.08990e-01
