T0   -2.39118e-01  -1.10795e+00   1.24466e-01   1.95641e-03   2.49761e-01  -1.14515e+00  -5.35817e-02   2.64505e-01  -4.26624e-01  -2.55079e-01  -9.64021e-01  -9.33926e-01   5.27535e-01  -9.38823e-01  -7.54277e-01  -3.68910e-01  -3.57440e-01  -4.10468e-01  -5.41871e-01  -6.47975e-01  -1.09579e+00
T1   -2.36824e-01   1.24466e-01   4.17279e-01   2.14623e-01  -8.27685e-01  -1.53863e-01   1.63524e-01  -6.79326e-01   2.44073e-01  -4.36526e-02   3.68373e-01   3.29690e-01   1.50013e+00   1.57290e-01  -1.43560e-01   3.51910e-01   1.34794e-01   2.72646e-01  -8.41152e-01  -4.46549e-01   2.55363e-01
T2   -1.42324e-01   1.95641e-03   2.14623e-01  -4.38249e-01  -6.72822e-02  -1.45108e-01   9.70335e-02   3.74196e-01  -1.99772e-01   2.34887e-01   5.10585e-01   6.17837e-01   3.65887e-01   1.24707e-01   3.72049e-01   2.85558e-01  -3.53677e-01  -1.60322e-01   2.49399e-02   1.80274e-01   4.95161e-01
T3   -5.28632e-01   2.49761e-01  -8.27685e-01  -6.72822e-02   9.15669e-01   2.12403e-01   5.89272e-01   1.45499e+00  -6.43140e-02  -3.39377e-01   9.83207e-01   9.86185e-01  -3.64640e-01   6.24992e-01   1.18279e+00   6.00021e-01  -3.81796e-01  -1.45976e-01   1.38620e+00   1.12379e+00   7.82809e-01
T4    2.00859e+00  -1.14515e+00  -1.53863e-01  -1.45108e-01   2.12403e-01  -3.80759e+00  -1.95867e-01   2.05051e-01  -7.14369e-01  -6.93152e-01  -8.43131e-01  -7.08652e-01   2.62745e-01  -1.12610e+00  -8.63572e-01  -5.15101e-01  -5.49710e-01  -4.09496e-01  -1.00995e+00  -5.39491e-01  -9.59058e-01
T5   -7.30773e-02  -5.35817e-02   1.63524e-01   9.70335e-02   5.89272e-01  -1.95867e-01   3.25228e-01   8.32312e-01   1.03363e-01   2.29099e-01   3.44383e-01   5.01120e-01   5.31123e-01   9.75271e-02   2.25387e-01   2.56757e-01  -1.49430e-01  -4.18623e-02  -1.59257e-01   1.15497e-01   2.53883e-01
T6   -6.93895e-01   2.64505e-01  -6.79326e-01   3.74196e-01   1.45499e+00   2.05051e-01   8.32312e-01   1.67319e+00   3.06620e-01   2.49693e-01   6.27043e-01   8.90054e-01  -3.17152e-01   5.51838e-01   8.40596e-01   5.58708e-01  -1.81296e-01   7.07078e-02   8.26872e-01   7.93140e-01   4.67619e-01
T7   -4.92403e-01  -4.26624e-01   2.44073e-01  -1.99772e-01  -6.43140e-02  -7.14369e-01   1.03363e-01   3.06620e-01  -4.77555e-01  -9.93308e-02   8.90248e-02   1.60901e-01   5.46099e-01  -3.86964e-01  -2.86165e-01  -5.66940e-02  -3.21862e-01  -1.82233e-01  -4.18712e-01  -3.66134e-01  -1.03546e-01
T8    6.24279e-01  -2.55079e-01  -4.36526e-02   2.34887e-01  -3.39377e-01  -6.93152e-01   2.29099e-01   2.49693e-01  -9.93308e-02  -5.11598e-01   7.28448e-03   3.57052e-02   4.78048e-01  -1.97380e-01  -1.36973e-01  -1.57747e-01  -5.45544e-01  -1.26406e-01  -5.95397e-01  -4.12067e-01  -4.10668e-02
T9   -2.59917e-01  -9.64021e-01   3.68373e-01   5.10585e-01   9.83207e-01  -8.43131e-01   3.44383e-01   6.27043e-01   8.90248e-02   7.28448e-03  -6.37412e-01   7.27704e-02   1.23769e+00  -3.92762e-01  -6.35052e-01   6.45634e-01   6.43620e-02   2.24226e-01  -5.04822e-01  -5.31491e-01  -6.36052e-01
T10   -8.91234e-01  -9.33926e-01   3.29690e-01   6.17837e-01   9.86185e-01  -7.08652e-01   5.01120e-01   8.90054e-01   1.60901e-01   3.57052e-02   7.27704e-02   6.14905e-01   1.67924e+00   2.71862e-02  -5.51535e-01   8.40867e-01   1.40316e-01   5.37065e-01  -6.64933e-01  -4.47880e-01  -2.09177e-01
T11   -5.91945e-01   5.27535e-01   1.50013e+00   3.65887e-01  -3.64640e-01   2.62745e-01   5.31123e-01  -3.17152e-01   5.46099e-01   4.78048e-01   1.23769e+00   1.67924e+00   2.27901e+00   8.38948e-01   2.73936e-01   1.45413e+00   2.70905e-01   5.42541e-01  -4.29150e-01  -3.38849e-01   9.90658e-01
T12    1.05313e+00  -9.38823e-01   1.57290e-01   1.24707e-01   6.24992e-01  -1.12610e+00   9.75271e-02   5.51838e-01  -3.86964e-01  -1.97380e-01  -3.92762e-01   2.71862e-02   8.38948e-01  -1.08695e+00  -7.15235e-01  -2.18767e-02  -1.51301e-01   4.18494e-02  -8.21249e-01  -5.97499e-01  -5.31670e-01
T13    1.26504e-01  -7.54277e-01  -1.43560e-01   3.72049e-01   1.18279e+00  -8.63572e-01   2.25387e-01   8.40596e-01  -2.86165e-01  -1.36973e-01  -6.35052e-01  -5.51535e-01   2.73936e-01  -7.15235e-01  -2.72598e-01  -4.18203e-01   2.28333e-01   5.30482e-01  -1.39181e-01   2.51305e-03  -6.47397e-01
T14   -2.20628e-01  -3.68910e-01   3.51910e-01   2.85558e-01   6.00021e-01  -5.15101e-01   2.56757e-01   5.58708e-01  -5.66940e-02  -1.57747e-01   6.45634e-01   8.40867e-01   1.45413e+00  -2.18767e-02  -4.18203e-01   3.60532e-01   3.57306e-04   3.27434e-01  -1.04472e+00  -7.56655e-01   3.13825e-01
T15   -2.81996e-01  -3.57440e-01   1.34794e-01  -3.53677e-01  -3.81796e-01  -5.49710e-01  -1.49430e-01  -1.81296e-01  -3.21862e-01  -5.45544e-01   6.43620e-02   1.40316e-01   2.70905e-01  -1.51301e-01   2.28333e-01   3.57306e-04  -4.96165e-01  -3.38485e-01   7.26151e-02   1.32295e-01  -1.45424e-01
T16   -3.22322e-01  -4.10468e-01   2.72646e-01  -1.60322e-01  -1.45976e-01  -4.09496e-01  -4.18623e-02   7.07078e-02  -1.82233e-01  -1.26406e-01   2.24226e-01   5.37065e-01   5.42541e-01   4.18494e-02   5.30482e-01   3.27434e-01  -3.38485e-01  -3.48533e-01   4.34127e-01   3.48179e-01  -1.49307e-02
T17    1.24898e+00  -5.41871e-01  -8.41152e-01   2.49399e-02   1.38620e+00  -1.00995e+00  -1.59257e-01   8.26872e-01  -4.18712e-01  -5.95397e-01  -5.04822e-01  -6.64933e-01  -4.29150e-01  -8.21249e-01  -1.39181e-01  -1.04472e+00   7.26151e-02   4.34127e-01   5.06994e-01   2.25970e-01  -4.82854e-01
T18    2.70205e-01  -6.47975e-01  -4.46549e-01   1.80274e-01   1.12379e+00  -5.39491e-01   1.15497e-01   7.93140e-01  -3.66134e-01  -4.12067e-01  -5.31491e-01  -4.47880e-01  -3.38849e-01  -5.97499e-01   2.51305e-03  -7.56655e-01   1.32295e-01   3.48179e-01   2.25970e-01   1.42033e-01  -4.93515e-01
T19   -3.57372e-01  -1.09579e+00   2.55363e-01   4.95161e-01   7.82809e-01  -9.59058e-01   2.53883e-01   4.67619e-01  -1.03546e-01  -4.10668e-02  -6.36052e-01  -2.09177e-01   9.90658e-01  -5.31670e-01  -6.47397e-01   3.13825e-01  -1.45424e-01  -1.49307e-02  -4.82854e-01  -4.93515e-01  -8.54881e-01
