T0   -4.15955e-01  -7.14179e-02   1.75483e-02   4.00933e-02   1.73735e-02  -4.70908e-04   1.57688e-02   3.38022e-02  -2.31947e-02   1.53240e-02  -1.41688e-02  -3.21104e-02   6.83455e-02  -1.94916e-02  -5.36721e-03   4.62015e-03   1.43485e-02  -3.33466e-03  -7.03104e-03   1.28305e-02  -3.35386e-02
T1   -1.06635e+00   1.75483e-02   4.17473e-02   7.61092e-02  -4.64029e-02   7.57221e-04   6.50421e-02  -4.06643e-02   2.17236e-02   3.35265e-02   2.87602e-02  -8.94644e-03   2.03512e-01  -1.20732e-02  -5.83423e-03   6.89906e-03   4.76350e-02   5.72822e-02  -2.42062e-02   6.90507e-03   9.47116e-03
T2   -7.79990e-01   4.00933e-02   7.61092e-02  -7.43879e-02   1.92875e-02   1.47951e-02   2.42935e-02   7.62299e-02  -6.32501e-03   2.71536e-02   1.37811e-03   3.93609e-02   3.85028e-02  -3.20010e-03   7.14972e-04   3.11897e-02  -1.24000e-02   1.00402e-03  -6.96661e-04  -2.62106e-02   3.46225e-02
T3   -1.36827e+00   1.73735e-02  -4.64029e-02   1.92875e-02   5.97280e-02   4.27437e-02   6.10543e-02   1.23655e-01  -1.61396e-03  -8.58324e-03   2.59395e-02   3.65314e-02  -6.73656e-03   1.89234e-02   2.46287e-02   2.65805e-02   3.08246e-02   2.54048e-02  -8.64104e-03  -9.92232e-04   3.24904e-02
T4    2.31802e+00  -4.70908e-04   7.57221e-04   1.47951e-02   4.27437e-02  -4.19674e-01   1.38369e-03   4.86132e-02  -7.49928e-03  -5.31925e-02  -3.89069e-02  -3.86487e-02   1.89360e-02  -6.36985e-02  -5.56557e-02  -1.15247e-02  -3.18460e-02  -5.48643e-03  -5.69669e-02  -2.27495e-02  -4.01496e-02
T5   -8.77409e-01   1.57688e-02   6.50421e-02   2.42935e-02   6.10543e-02   1.38369e-03  -2.65258e-02   9.67193e-02   3.43699e-02   3.41175e-02   1.08206e-02  -9.68820e-03   1.16078e-01  -1.38762e-02  -6.51972e-03   2.02910e-02   2.30353e-02   2.69630e-02  -3.40406e-02  -7.93023e-03   2.30783e-02
T6   -1.80957e+00   3.38022e-02  -4.06643e-02   7.62299e-02   1.23655e-01   4.86132e-02   9.67193e-02   9.77904e-02   4.39820e-02   1.15452e-02   2.58867e-03   7.71129e-03  -1.33889e-03   9.28664e-03   4.72016e-03   5.71193e-02   6.93280e-02   6.70464e-02   1.41643e-03   1.13023e-03   2.25676e-02
T7   -5.94777e-01  -2.31947e-02   2.17236e-02  -6.32501e-03  -1.61396e-03  -7.49928e-03   3.43699e-02   4.39820e-02  -5.96951e-02  -1.35079e-02   8.25371e-03   2.03428e-02   6.38434e-02  -1.14732e-02   1.04578e-02  -1.14180e-02  -9.32687e-03  -1.20879e-02   5.11369e-05   8.97421e-03  -8.57261e-03
T8    3.82782e-01   1.53240e-02   3.35265e-02   2.71536e-02  -8.58324e-03  -5.31925e-02   3.41175e-02   1.15452e-02  -1.35079e-02  -1.19717e-01   1.10394e-02   2.28086e-03   1.20247e-01  -3.59858e-02  -2.73997e-02  -3.51939e-03   4.11767e-03   1.26930e-02  -5.11364e-02  -2.58735e-02   1.27054e-02
T9    9.54419e-01  -1.41688e-02   2.87602e-02   1.37811e-03   2.59395e-02  -3.89069e-02   1.08206e-02   2.58867e-03   8.25371e-03   1.10394e-02  -1.27501e-01  -6.57632e-02  -2.28522e-02  -4.04904e-02  -6.74846e-02   3.14567e-02  -5.50458e-03  -1.72725e-02  -2.38732e-03  -3.32142e-02  -6.98166e-02
T10    2.52574e-01  -3.21104e-02  -8.94644e-03   3.93609e-02   3.65314e-02  -3.86487e-02  -9.68820e-03   7.71129e-03   2.03428e-02   2.28086e-03  -6.57632e-02  -9.73554e-02   2.02611e-02  -2.47129e-02  -6.10023e-02   1.41144e-02  -5.65869e-04  -2.38045e-03  -2.91044e-02  -1.51216e-02  -5.86155e-02
T11   -1.83106e+00   6.83455e-02   2.03512e-01   3.85028e-02  -6.73656e-03   1.89360e-02   1.16078e-01  -1.33889e-03   6.38434e-02   1.20247e-01  -2.28522e-02   2.02611e-02   5.64524e-02   2.66692e-03  -7.66631e-03   7.98549e-02   6.65611e-02   7.16185e-02   3.31359e-02  -1.51424e-02   1.51727e-02
T12    1.90408e+00  -1.94916e-02  -1.20732e-02  -3.20010e-03   1.89234e-02  -6.36985e-02  -1.38762e-02   9.28664e-03  -1.14732e-02  -3.59858e-02  -4.04904e-02  -2.47129e-02   2.66692e-03  -2.52938e-01  -4.72525e-02  -2.70335e-03  -6.23920e-03  -7.43193e-03  -2.88590e-02  -2.05133e-02  -2.30621e-02
T13    1.33134e+00  -5.36721e-03  -5.83423e-03   7.14972e-04   2.46287e-02  -5.56557e-02  -6.51972e-03   4.72016e-03   1.04578e-02  -2.73997e-02  -6.74846e-02  -6.10023e-02  -7.66631e-03  -4.72525e-02  -1.09048e-01   6.28641e-03  -1.58594e-02  -1.52485e-02  -6.49971e-02  -6.43251e-02  -5.01671e-02
T14   -6.31917e-01   4.62015e-03   6.89906e-03   3.11897e-02   2.65805e-02  -1.15247e-02   2.02910e-02   5.71193e-02  -1.14180e-02  -3.51939e-03   3.14567e-02   1.41144e-02   7.98549e-02  -2.70335e-03   6.28641e-03  -5.57963e-02   2.79151e-02   1.82141e-02  -4.63023e-02  -1.99697e-02   9.99877e-03
T15   -6.91027e-01   1.43485e-02   4.76350e-02  -1.24000e-02   3.08246e-02  -3.18460e-02   2.30353e-02   6.93280e-02  -9.32687e-03   4.11767e-03  -5.50458e-03  -5.65869e-04   6.65611e-02  -6.23920e-03  -1.58594e-02   2.79151e-02  -4.04495e-02  -8.32400e-03  -1.28194e-02  -7.17761e-03   3.81799e-03
T16   -4.47540e-01  -3.33466e-03   5.72822e-02   1.00402e-03   2.54048e-02  -5.48643e-03   2.69630e-02   6.70464e-02  -1.20879e-02   1.26930e-02  -1.72725e-02  -2.38045e-03   7.16185e-02  -7.43193e-03  -1.52485e-02   1.82141e-02  -8.32400e-03  -3.98830e-02  -8.26315e-03  -1.00520e-02  -2.38999e-02
T17    2.05579e+00  -7.03104e-03  -2.42062e-02  -6.96661e-04  -8.64104e-03  -5.69669e-02  -3.40406e-02   1.41643e-03   5.11369e-05  -5.11364e-02  -2.38732e-03  -2.91044e-02   3.31359e-02  -2.88590e-02  -6.49971e-02  -4.63023e-02  -1.28194e-02  -8.26315e-03  -2.02245e-01  -6.75916e-02  -1.40992e-02
T18    8.20989e-01   1.28305e-02   6.90507e-03  -2.62106e-02  -9.92232e-04  -2.27495e-02  -7.93023e-03   1.13023e-03   8.97421e-03  -2.58735e-02  -3.32142e-02  -1.51216e-02  -1.51424e-02  -2.05133e-02  -6.43251e-02  -1.99697e-02  -7.17761e-03  -1.00520e-02  -6.75916e-02  -7.72183e-02  -1.07918e-02
T19    4.93869e-01  -3.35386e-02   9.47116e-03   3.46225e-02   3.24904e-02  -4.01496e-02   2.30783e-02   2.25676e-02  -8.57261e-03   1.27054e-02  -6.98166e-02  -5.86155e-02   1.51727e-02  -2.30621e-02  -5.01671e-02   9.99877e-03   3.81799e-03  -2.38999e-02  -1.40992e-02  -1.07918e-02  -9.50950e-02
