T0   -4.43918e-01  -3.44363e-01   3.69417e-01   3.22032e-01   5.20746e-01  -4.76572e-01   2.72196e-01   5.45952e-01   6.11346e-02   7.87308e-02  -6.41248e-01  -6.83790e-01   7.18667e-01  -5.27479e-01  -5.80158e-01   5.28379e-02   1.74889e-01  -7.50767e-02  -3.04604e-01  -3.57614e-01  -6.68167e-01
T1   -5.19393e-01   3.69417e-01   6.68516e-01   4.40507e-01  -5.48169e-01   1.47539e-02   3.25186e-01  -4.44535e-01   2.58112e-01   3.16772e-01   2.43518e-01   1.54442e-01   1.45641e+00   1.06819e-01  -2.51399e-02   4.03509e-01   3.44832e-01   3.46382e-01  -3.91942e-01  -1.89656e-01   2.12632e-01
T2   -4.37125e-01   3.22032e-01   4.40507e-01  -2.43631e-01   1.44350e-01   1.94104e-02   1.67972e-01   4.07836e-01   6.97520e-02   1.35889e-01   3.43097e-01   4.26806e-01   4.16970e-01   1.52836e-01   2.51613e-01   2.88306e-01   4.49096e-03   2.99349e-02   1.93833e-01   7.60341e-02   3.10091e-01
T3   -8.64088e-01   5.20746e-01  -5.48169e-01   1.44350e-01   9.35537e-01   3.16158e-01   5.32770e-01   1.37255e+00   3.42339e-01  -4.12105e-01   6.83967e-01   6.97578e-01  -3.09559e-01   5.51911e-01   6.91567e-01   5.68448e-01   4.14879e-02   1.54096e-01   4.30111e-01   1.42196e-03   5.86598e-01
T4    2.24921e+00  -4.76572e-01   1.47539e-02   1.94104e-02   3.16158e-01  -2.62460e+00  -2.70870e-02   2.82641e-01  -2.73081e-01  -5.74816e-01  -7.67124e-01  -8.04991e-01   2.21292e-01  -8.25601e-01  -7.87534e-01  -4.01664e-01  -1.68439e-01  -2.41566e-01  -6.30457e-01  -4.87299e-01  -8.04745e-01
T5   -3.25453e-01   2.72196e-01   3.25186e-01   1.67972e-01   5.32770e-01  -2.70870e-02   1.80665e-01   6.45228e-01   2.95887e-01   1.69182e-01   1.53768e-01   1.20146e-01   5.34933e-01   1.95616e-02   1.24211e-01   2.37240e-01   1.57483e-01   6.82178e-02   2.31406e-02   4.71670e-02   9.40673e-02
T6   -1.01596e+00   5.45952e-01  -4.44535e-01   4.07836e-01   1.37255e+00   2.82641e-01   6.45228e-01   1.47838e+00   6.07618e-01  -2.33491e-01   4.18350e-01   4.63846e-01  -3.15510e-01   4.08964e-01   4.86702e-01   5.43298e-01   2.17053e-01   2.53586e-01   4.08982e-01   7.36989e-02   3.51510e-01
T7   -7.95403e-01   6.11346e-02   2.58112e-01   6.97520e-02   3.42339e-01  -2.73081e-01   2.95887e-01   6.07618e-01  -1.62483e-01   1.41569e-01   6.17151e-02   8.97879e-02   5.46704e-01  -1.14707e-01  -8.47693e-02   1.72577e-01   8.38033e-02   4.68463e-02  -7.69337e-02  -8.67546e-02  -4.46064e-02
T8    5.54306e-01   7.87308e-02   3.16772e-01   1.35889e-01  -4.12105e-01  -5.74816e-01   1.69182e-01  -2.33491e-01   1.41569e-01  -5.55710e-01   8.97238e-02   1.39821e-02   6.40674e-01  -2.14316e-01  -2.61081e-01   4.63956e-02  -1.34754e-01  -4.63136e-02  -3.53056e-01  -3.28964e-01   2.67172e-02
T9    2.77533e-01  -6.41248e-01   2.43518e-01   3.43097e-01   6.83967e-01  -7.67124e-01   1.53768e-01   4.18350e-01   6.17151e-02   8.97238e-02  -1.00423e+00  -8.34857e-01   4.66010e-01  -7.30964e-01  -6.65043e-01   9.49854e-02   8.89281e-02  -5.22771e-02  -3.27672e-01  -4.98798e-01  -8.93745e-01
T10   -2.64119e-01  -6.83790e-01   1.54442e-01   4.26806e-01   6.97578e-01  -8.04991e-01   1.20146e-01   4.63846e-01   8.97879e-02   1.39821e-02  -8.34857e-01  -8.44957e-01   5.03260e-01  -6.67701e-01  -6.28261e-01  -1.77013e-02   1.10895e-01   1.79732e-02  -4.13214e-01  -4.73609e-01  -8.63354e-01
T11   -9.13796e-01   7.18667e-01   1.45641e+00   4.16970e-01  -3.09559e-01   2.21292e-01   5.34933e-01  -3.15510e-01   5.46704e-01   6.40674e-01   4.66010e-01   5.03260e-01   1.78564e+00   3.77616e-01   3.33736e-01   9.64428e-01   4.68056e-01   4.20511e-01   5.27359e-02  -1.27906e-01   3.72369e-01
T12    1.46514e+00  -5.27479e-01   1.06819e-01   1.52836e-01   5.51911e-01  -8.25601e-01   1.95616e-02   4.08964e-01  -1.14707e-01  -2.14316e-01  -7.30964e-01  -6.67701e-01   3.77616e-01  -1.18101e+00  -7.69861e-01  -2.53666e-01  -2.47163e-02  -7.75101e-02  -6.26717e-01  -5.62293e-01  -7.15565e-01
T13    4.94599e-01  -5.80158e-01  -2.51399e-02   2.51613e-01   6.91567e-01  -7.87534e-01   1.24211e-01   4.86702e-01  -8.47693e-02  -2.61081e-01  -6.65043e-01  -6.28261e-01   3.33736e-01  -7.69861e-01  -9.09440e-01  -2.68517e-01   4.54478e-03   1.45935e-01  -5.50253e-01  -5.78430e-01  -6.29875e-01
T14   -3.66355e-01   5.28379e-02   4.03509e-01   2.88306e-01   5.68448e-01  -4.01664e-01   2.37240e-01   5.43298e-01   1.72577e-01   4.63956e-02   9.49854e-02  -1.77013e-02   9.64428e-01  -2.53666e-01  -2.68517e-01   1.22653e-01   2.21713e-01   1.99986e-01  -6.03555e-01  -5.26179e-01  -4.32175e-02
T15   -6.00999e-01   1.74889e-01   3.44832e-01   4.49096e-03   4.14879e-02  -1.68439e-01   1.57483e-01   2.17053e-01   8.38033e-02  -1.34754e-01   8.89281e-02   1.10895e-01   4.68056e-01  -2.47163e-02   4.54478e-03   2.21713e-01  -4.00967e-02  -4.17506e-02   1.13461e-02  -2.25421e-02  -7.50393e-03
T16   -4.46145e-01  -7.50767e-02   3.46382e-01   2.99349e-02   1.54096e-01  -2.41566e-01   6.82178e-02   2.53586e-01   4.68463e-02  -4.63136e-02  -5.22771e-02   1.79732e-02   4.20511e-01  -7.75101e-02   1.45935e-01   1.99986e-01  -4.17506e-02  -2.06643e-01   2.61381e-01   7.73047e-02  -1.77244e-01
T17    1.27854e+00  -3.04604e-01  -3.91942e-01   1.93833e-01   4.30111e-01  -6.30457e-01   2.31406e-02   4.08982e-01  -7.69337e-02  -3.53056e-01  -3.27672e-01  -4.13214e-01   5.27359e-02  -6.26717e-01  -5.50253e-01  -6.03555e-01   1.13461e-02   2.61381e-01  -4.60223e-01  -2.52866e-01  -2.64010e-01
T18    5.29923e-01  -3.57614e-01  -1.89656e-01   7.60341e-02   1.42196e-03  -4.87299e-01   4.71670e-02   7.36989e-02  -8.67546e-02  -3.28964e-01  -4.98798e-01  -4.73609e-01  -1.27906e-01  -5.62293e-01  -5.78430e-01  -5.26179e-01  -2.25421e-02   7.73047e-02  -2.52866e-01  -3.80281e-01  -4.31529e-01
T19    1.43502e-01  -6.68167e-01   2.12632e-01   3.10091e-01   5.86598e-01  -8.04745e-01   9.40673e-02   3.51510e-01  -4.46064e-02   2.67172e-02  -8.93745e-01  -8.63354e-01   3.72369e-01  -7.15565e-01  -6.29875e-01  -4.32175e-02  -7.50393e-03  -1.77244e-01  -2.64010e-01  -4.31529e-01  -9.82360e-01
