T0   -5.24781e-01  -1.51606e-01   9.66962e-02   1.11652e-01   1.11288e-01  -7.75263e-02   8.10654e-02   1.70934e-01  -5.59682e-02   5.19113e-02  -9.77206e-02  -1.14685e-01   2.39219e-01  -8.28838e-02  -7.57638e-02   2.50590e-02   3.59060e-02  -4.41960e-03  -4.16116e-02  -1.73319e-02  -1.31381e-01
T1   -8.94192e-01   9.66962e-02   2.14770e-01   1.01117e-01  -2.69470e-01   3.09367e-02   1.11970e-01  -2.43803e-01  -4.14440e-03   8.56388e-02   1.71540e-01   1.16301e-01   4.87279e-01   1.10829e-01   7.68360e-02   4.27553e-03   4.36425e-02   7.59207e-02  -1.21309e-02   3.15158e-02   1.08570e-01
T2   -6.45441e-01   1.11652e-01   1.01117e-01  -1.67793e-01   4.74907e-03  -1.84515e-03   2.77478e-02   1.29841e-01  -3.31732e-02   2.59742e-02   1.05859e-01   1.86314e-01   4.37918e-02   5.31943e-02   6.21282e-02   4.63785e-02  -3.73077e-02  -1.65442e-02   1.47372e-02  -2.17155e-02   1.16435e-01
T3   -1.16304e+00   1.11288e-01  -2.69470e-01   4.74907e-03   1.85334e-01   7.15771e-02   9.89354e-02   2.99493e-01   1.50568e-02  -1.20560e-01   1.93880e-01   2.23466e-01  -1.89350e-01   1.28754e-01   1.61932e-01   7.38208e-02   3.53243e-02   4.71912e-02   3.30196e-02  -5.69976e-03   1.47590e-01
T4    2.52255e+00  -7.75263e-02   3.09367e-02  -1.84515e-03   7.15771e-02  -9.02746e-01   1.93386e-02   1.19929e-01  -8.25972e-02  -1.08379e-01  -1.59671e-01  -1.60559e-01   9.01916e-02  -2.02757e-01  -2.16521e-01  -7.69093e-02  -9.22017e-02  -6.34033e-02  -1.96247e-01  -1.09971e-01  -1.72899e-01
T5   -7.59965e-01   8.10654e-02   1.11970e-01   2.77478e-02   9.89354e-02   1.93386e-02   1.43586e-02   2.03869e-01   3.69619e-02   4.82239e-02   1.27274e-01   1.19946e-01   2.16381e-01   4.35165e-02   6.44607e-02   3.50264e-02   1.49866e-02   2.62390e-02  -3.48574e-02   1.42121e-02   9.40635e-02
T6   -1.57828e+00   1.70934e-01  -2.43803e-01   1.29841e-01   2.99493e-01   1.19929e-01   2.03869e-01   2.74579e-01   1.27036e-01  -5.39125e-02   1.66522e-01   2.13691e-01  -1.59682e-01   1.66422e-01   1.49089e-01   1.47560e-01   1.08151e-01   1.17285e-01   4.36093e-02   2.42094e-03   1.38057e-01
T7   -5.38222e-01  -5.59682e-02  -4.14440e-03  -3.31732e-02   1.50568e-02  -8.25972e-02   3.69619e-02   1.27036e-01  -1.11163e-01  -3.60504e-02   1.53213e-02   3.53761e-02   7.81011e-02  -4.48894e-02  -5.28727e-03  -2.29683e-02  -3.32598e-02  -3.05513e-02  -3.42467e-02  -1.01561e-02  -2.46241e-02
T8    4.05621e-01   5.19113e-02   8.56388e-02   2.59742e-02  -1.20560e-01  -1.08379e-01   4.82239e-02  -5.39125e-02  -3.60504e-02  -2.98555e-01   8.07055e-02   7.67148e-02   2.38771e-01  -3.06825e-02  -2.80884e-02   6.20855e-03  -3.76683e-02   2.26520e-04  -1.11965e-01  -7.09635e-02   5.04491e-02
T9    6.11616e-01  -9.77206e-02   1.71540e-01   1.05859e-01   1.93880e-01  -1.59671e-01   1.27274e-01   1.66522e-01   1.53213e-02   8.07055e-02  -3.48850e-01  -2.51608e-01   1.38981e-01  -1.76584e-01  -2.55039e-01   8.90537e-02   2.69291e-02  -2.64081e-02  -1.27111e-01  -1.42964e-01  -2.42497e-01
T10   -1.17372e-01  -1.14685e-01   1.16301e-01   1.86314e-01   2.23466e-01  -1.60559e-01   1.19946e-01   2.13691e-01   3.53761e-02   7.67148e-02  -2.51608e-01  -2.94003e-01   2.39818e-01  -1.51214e-01  -2.39579e-01   5.64179e-02   5.32740e-02   2.53768e-02  -1.68407e-01  -1.02574e-01  -2.13406e-01
T11   -1.54874e+00   2.39219e-01   4.87279e-01   4.37918e-02  -1.89350e-01   9.01916e-02   2.16381e-01  -1.59682e-01   7.81011e-02   2.38771e-01   1.38981e-01   2.39818e-01   2.98216e-01   2.03272e-01   1.37697e-01   1.97424e-01   8.52405e-02   1.19466e-01   1.52363e-01   1.27797e-02   1.44141e-01
T12    1.57940e+00  -8.28838e-02   1.10829e-01   5.31943e-02   1.28754e-01  -2.02757e-01   4.35165e-02   1.66422e-01  -4.48894e-02  -3.06825e-02  -1.76584e-01  -1.51214e-01   2.03272e-01  -4.56664e-01  -2.33547e-01  -1.80496e-03   2.39707e-03  -1.66090e-02  -1.80025e-01  -1.12799e-01  -1.42515e-01
T13    1.09749e+00  -7.57638e-02   7.68360e-02   6.21282e-02   1.61932e-01  -2.16521e-01   6.44607e-02   1.49089e-01  -5.28727e-03  -2.80884e-02  -2.55039e-01  -2.39579e-01   1.37697e-01  -2.33547e-01  -3.42707e-01  -1.29162e-03  -1.23349e-02  -1.78614e-02  -2.48576e-01  -2.01483e-01  -1.95873e-01
T14   -5.25580e-01   2.50590e-02   4.27553e-03   4.63785e-02   7.38208e-02  -7.69093e-02   3.50264e-02   1.47560e-01  -2.29683e-02   6.20855e-03   8.90537e-02   5.64179e-02   1.97424e-01  -1.80496e-03  -1.29162e-03  -8.26984e-02   4.83772e-02   4.86772e-02  -1.50851e-01  -1.00275e-01   4.11301e-02
T15   -6.20277e-01   3.59060e-02   4.36425e-02  -3.73077e-02   3.53243e-02  -9.22017e-02   1.49866e-02   1.08151e-01  -3.32598e-02  -3.76683e-02   2.69291e-02   5.32740e-02   8.52405e-02   2.39707e-03  -1.23349e-02   4.83772e-02  -6.92998e-02  -3.05567e-02  -1.11947e-02  -1.80857e-02   2.30320e-02
T16   -4.17852e-01  -4.41960e-03   7.59207e-02  -1.65442e-02   4.71912e-02  -6.34033e-02   2.62390e-02   1.17285e-01  -3.05513e-02   2.26520e-04  -2.64081e-02   2.53768e-02   1.19466e-01  -1.66090e-02  -1.78614e-02   4.86772e-02  -3.05567e-02  -8.27613e-02  -5.15428e-03  -2.61511e-02  -5.28955e-02
T17    1.97231e+00  -4.16116e-02  -1.21309e-02   1.47372e-02   3.30196e-02  -1.96247e-01  -3.48574e-02   4.36093e-02  -3.42467e-02  -1.11965e-01  -1.27111e-01  -1.68407e-01   1.52363e-01  -1.80025e-01  -2.48576e-01  -1.50851e-01  -1.11947e-02  -5.15428e-03  -4.25295e-01  -1.85722e-01  -1.14226e-01
T18    7.96172e-01  -1.73319e-02   3.15158e-02  -2.17155e-02  -5.69976e-03  -1.09971e-01   1.42121e-02   2.42094e-03  -1.01561e-02  -7.09635e-02  -1.42964e-01  -1.02574e-01   1.27797e-02  -1.12799e-01  -2.01483e-01  -1.00275e-01  -1.80857e-02  -2.61511e-02  -1.85722e-01  -1.58373e-01  -9.59911e-02
T19    3.48599e-01  -1.31381e-01   1.08570e-01   1.16435e-01   1.47590e-01  -1.72899e-01   9.40635e-02   1.38057e-01  -2.46241e-02   5.04491e-02  -2.42497e-01  -2.13406e-01   1.44141e-01  -1.42515e-01  -1.95873e-01   4.11301e-02   2.30320e-02  -5.28955e-02  -1.14226e-01  -9.59911e-02  -2.73253e-01
