T0   -9.23229e-01  -1.40556e-01   3.29451e-01   3.26001e-01   4.41403e-01  -1.54220e-01   3.32234e-01   5.69726e-01   2.13276e-02   2.02660e-01  -2.38492e-01  -2.21224e-01   6.11169e-01  -1.52872e-01  -2.41112e-01   1.45927e-01   1.57971e-01   6.26748e-02  -2.07758e-01  -7.93630e-02  -2.55543e-01
T1   -6.35045e-01   3.29451e-01   5.69701e-01   2.56370e-01  -5.13848e-01   1.07854e-01   2.24556e-01  -5.07736e-01   1.02119e-01   2.63306e-01   1.38690e-01   4.20365e-02   1.11535e+00   8.40819e-02  -4.96622e-02   1.50448e-01   2.05892e-01   1.67428e-01  -2.79716e-01  -1.36330e-01   1.67778e-01
T2   -6.77057e-01   3.26001e-01   2.56370e-01  -1.65350e-01   8.22179e-02   5.10971e-02   1.67754e-01   3.19496e-01  -1.45157e-02   1.19606e-01   2.53817e-01   3.52207e-01   2.83205e-01   1.61268e-01   1.02054e-01   1.51496e-01   1.58991e-02   4.37815e-02  -1.65237e-02  -2.51789e-02   2.83282e-01
T3   -1.12862e+00   4.41403e-01  -5.13848e-01   8.22179e-02   5.87224e-01   2.86618e-01   3.51755e-01   9.04455e-01   1.48862e-01  -2.50075e-01   4.94096e-01   5.42664e-01  -3.26426e-01   3.76752e-01   3.29782e-01   3.69095e-01   1.06553e-01   1.86007e-01   6.85669e-02  -6.12297e-02   4.79857e-01
T4    2.01308e+00  -1.54220e-01   1.07854e-01   5.10971e-02   2.86618e-01  -1.69022e+00   1.23226e-01   3.75540e-01  -1.53682e-01  -2.34720e-01  -3.82106e-01  -3.70262e-01   2.67760e-01  -3.96166e-01  -5.37008e-01  -1.50296e-01  -8.61427e-02  -5.82917e-02  -5.13598e-01  -2.98857e-01  -3.81234e-01
T5   -6.36226e-01   3.32234e-01   2.24556e-01   1.67754e-01   3.51755e-01   1.23226e-01   1.75072e-01   4.74256e-01   1.79067e-01   1.87464e-01   1.33247e-01   1.36751e-01   4.56303e-01   7.01395e-02   3.99897e-03   1.96118e-01   1.77501e-01   1.14339e-01  -2.05425e-01  -4.36298e-02   1.86580e-01
T6   -1.33763e+00   5.69726e-01  -5.07736e-01   3.19496e-01   9.04455e-01   3.75540e-01   4.74256e-01   9.89143e-01   4.18119e-01  -1.23637e-01   3.28818e-01   3.76283e-01  -2.96389e-01   3.19135e-01   1.97604e-01   4.48337e-01   2.77516e-01   2.86643e-01  -2.36572e-02  -7.47208e-02   3.59729e-01
T7   -9.22358e-01   2.13276e-02   1.02119e-01  -1.45157e-02   1.48862e-01  -1.53682e-01   1.79067e-01   4.18119e-01  -1.32554e-01   3.07994e-02   9.29841e-02   1.99694e-01   2.91029e-01   1.32088e-02  -1.84861e-02   4.46379e-02  -2.69326e-02   1.21188e-02  -9.31090e-02  -2.80292e-02   1.83928e-02
T8    3.86604e-01   2.02660e-01   2.63306e-01   1.19606e-01  -2.50075e-01  -2.34720e-01   1.87464e-01  -1.23637e-01   3.07994e-02  -4.11290e-01   5.48721e-02   2.32396e-02   6.06180e-01  -1.15937e-01  -1.85404e-01   8.91148e-02  -2.85681e-02   1.12523e-02  -3.56125e-01  -3.05000e-01   7.82242e-02
T9    6.76327e-01  -2.38492e-01   1.38690e-01   2.53817e-01   4.94096e-01  -3.82106e-01   1.33247e-01   3.28818e-01   9.29841e-02   5.48721e-02  -7.88393e-01  -6.78756e-01   2.21396e-01  -5.16247e-01  -6.87703e-01   6.98432e-02   1.22910e-01  -7.44974e-02  -4.70747e-01  -4.70283e-01  -5.89669e-01
T10    9.16969e-02  -2.21224e-01   4.20365e-02   3.52207e-01   5.42664e-01  -3.70262e-01   1.36751e-01   3.76283e-01   1.99694e-01   2.32396e-02  -6.78756e-01  -7.46094e-01   2.97002e-01  -4.86824e-01  -6.95213e-01   3.76766e-02   1.96779e-01   7.73515e-03  -5.67611e-01  -4.37151e-01  -5.61017e-01
T11   -1.24055e+00   6.11169e-01   1.11535e+00   2.83205e-01  -3.26426e-01   2.67760e-01   4.56303e-01  -2.96389e-01   2.91029e-01   6.06180e-01   2.21396e-01   2.97002e-01   1.19673e+00   2.99167e-01   1.60831e-01   6.14635e-01   3.22732e-01   2.86238e-01   4.18737e-02  -8.85279e-02   2.92890e-01
T12    1.57553e+00  -1.52872e-01   8.40819e-02   1.61268e-01   3.76752e-01  -3.96166e-01   7.01395e-02   3.19135e-01   1.32088e-02  -1.15937e-01  -5.16247e-01  -4.86824e-01   2.99167e-01  -8.34422e-01  -6.81183e-01  -5.40198e-02   8.81395e-02  -2.96012e-02  -6.14489e-01  -4.49453e-01  -3.98637e-01
T13    1.36108e+00  -2.41112e-01  -4.96622e-02   1.02054e-01   3.29782e-01  -5.37008e-01   3.99897e-03   1.97604e-01  -1.84861e-02  -1.85404e-01  -6.87703e-01  -6.95213e-01   1.60831e-01  -6.81183e-01  -8.98352e-01  -1.62636e-01  -4.98097e-03  -9.23825e-02  -7.26123e-01  -6.36202e-01  -5.54286e-01
T14   -5.58814e-01   1.45927e-01   1.50448e-01   1.51496e-01   3.69095e-01  -1.50296e-01   1.96118e-01   4.48337e-01   4.46379e-02   8.91148e-02   6.98432e-02   3.76766e-02   6.14635e-01  -5.40198e-02  -1.62636e-01   2.46922e-02   1.45395e-01   1.06574e-01  -4.99578e-01  -3.35543e-01   6.45829e-02
T15   -8.50650e-01   1.57971e-01   2.05892e-01   1.58991e-02   1.06553e-01  -8.61427e-02   1.77501e-01   2.77516e-01  -2.69326e-02  -2.85681e-02   1.22910e-01   1.96779e-01   3.22732e-01   8.81395e-02  -4.98097e-03   1.45395e-01  -4.27597e-02   2.32933e-02  -5.46994e-02   1.40006e-02   8.86952e-02
T16   -5.79026e-01   6.26748e-02   1.67428e-01   4.37815e-02   1.86007e-01  -5.82917e-02   1.14339e-01   2.86643e-01   1.21188e-02   1.12523e-02  -7.44974e-02   7.73515e-03   2.86238e-01  -2.96012e-02  -9.23825e-02   1.06574e-01   2.32933e-02  -1.14036e-01  -6.09119e-02  -2.00203e-02  -8.64316e-02
T17    2.26206e+00  -2.07758e-01  -2.79716e-01  -1.65237e-02   6.85669e-02  -5.13598e-01  -2.05425e-01  -2.36572e-02  -9.31090e-02  -3.56125e-01  -4.70747e-01  -5.67611e-01   4.18737e-02  -6.14489e-01  -7.26123e-01  -4.99578e-01  -5.46994e-02  -6.09119e-02  -8.20245e-01  -5.49778e-01  -4.04016e-01
T18    9.64496e-01  -7.93630e-02  -1.36330e-01  -2.51789e-02  -6.12297e-02  -2.98857e-01  -4.36298e-02  -7.47208e-02  -2.80292e-02  -3.05000e-01  -4.70283e-01  -4.37151e-01  -8.85279e-02  -4.49453e-01  -6.36202e-01  -3.35543e-01   1.40006e-02  -2.00203e-02  -5.49778e-01  -4.33008e-01  -3.30070e-01
T19    1.58337e-01  -2.55543e-01   1.67778e-01   2.83282e-01   4.79857e-01  -3.81234e-01   1.86580e-01   3.59729e-01   1.83928e-02   7.82242e-02  -5.89669e-01  -5.61017e-01   2.92890e-01  -3.98637e-01  -5.54286e-01   6.45829e-02   8.86952e-02  -8.64316e-02  -4.04016e-01  -3.30070e-01  -5.90849e-01
