T0   -4.45420e-01  -7.89666e-02   1.91244e-02   5.20454e-02   2.86917e-02  -6.14755e-03   2.27191e-02   4.78207e-02  -2.58909e-02   2.03435e-02  -2.48080e-02  -4.28847e-02   8.54676e-02  -2.76521e-02  -1.47013e-02   9.36700e-03   2.05404e-02   4.23637e-04  -1.55821e-02   9.51212e-03  -4.39042e-02
T1   -1.05730e+00   1.91244e-02   5.38655e-02   7.97647e-02  -6.90292e-02   1.50264e-03   6.82059e-02  -5.84998e-02   2.31513e-02   3.81962e-02   4.33270e-02   2.02521e-03   2.36999e-01   7.45490e-04   5.73873e-03   5.44071e-03   4.80383e-02   6.16964e-02  -1.24947e-02   1.52169e-02   1.90816e-02
T2   -7.87698e-01   5.20454e-02   7.97647e-02  -8.31609e-02   2.16860e-02   1.44712e-02   2.70777e-02   8.42924e-02  -5.94712e-03   2.86185e-02   8.63989e-03   5.20455e-02   3.78064e-02  -3.99770e-03   3.82136e-03   3.61092e-02  -1.19891e-02   6.02261e-04  -7.34700e-04  -2.94848e-02   4.61372e-02
T3   -1.37211e+00   2.86917e-02  -6.90292e-02   2.16860e-02   7.55406e-02   5.53363e-02   7.00277e-02   1.47871e-01  -1.71092e-03  -1.76694e-02   3.91921e-02   4.98248e-02  -2.08379e-02   2.67064e-02   3.55029e-02   3.48741e-02   3.60287e-02   2.85342e-02  -5.85909e-03  -1.11523e-03   4.45997e-02
T4    2.37565e+00  -6.14755e-03   1.50264e-03   1.44712e-02   5.53363e-02  -4.77119e-01   1.81443e-03   5.85704e-02  -1.31421e-02  -5.95412e-02  -5.22968e-02  -5.06554e-02   2.26722e-02  -8.15107e-02  -7.49513e-02  -1.41817e-02  -3.47349e-02  -8.78993e-03  -7.20471e-02  -3.63802e-02  -5.43512e-02
T5   -8.75949e-01   2.27191e-02   6.82059e-02   2.70777e-02   7.00277e-02   1.81443e-03  -2.21205e-02   1.08824e-01   4.13540e-02   3.47750e-02   2.11820e-02  -3.67466e-03   1.26714e-01  -1.11696e-02  -3.29601e-03   2.21252e-02   2.49797e-02   3.03033e-02  -3.75642e-02  -5.83027e-03   3.32312e-02
T6   -1.80022e+00   4.78207e-02  -5.84998e-02   8.42924e-02   1.47871e-01   5.85704e-02   1.08824e-01   1.13213e-01   5.46430e-02   1.05910e-02   1.57734e-02   2.02012e-02  -1.48262e-02   1.46353e-02   1.56453e-02   6.96371e-02   7.69979e-02   7.88966e-02   5.86404e-03   8.55402e-04   3.43187e-02
T7   -6.41859e-01  -2.58909e-02   2.31513e-02  -5.94712e-03  -1.71092e-03  -1.31421e-02   4.13540e-02   5.46430e-02  -6.92931e-02  -1.66070e-02   1.31793e-02   2.38873e-02   7.35847e-02  -1.50460e-02   1.15364e-02  -1.31203e-02  -1.17308e-02  -9.89174e-03  -3.68815e-03   1.01430e-02  -4.74702e-03
T8    3.72439e-01   2.03435e-02   3.81962e-02   2.86185e-02  -1.76694e-02  -5.95412e-02   3.47750e-02   1.05910e-02  -1.66070e-02  -1.46073e-01   1.89203e-02   8.11959e-03   1.32639e-01  -3.60688e-02  -2.90629e-02  -2.40877e-03   6.25194e-04   1.40263e-02  -5.84274e-02  -3.00410e-02   1.90008e-02
T9    9.61435e-01  -2.48080e-02   4.33270e-02   8.63989e-03   3.91921e-02  -5.22968e-02   2.11820e-02   1.57734e-02   1.31793e-02   1.89203e-02  -1.57386e-01  -8.91905e-02  -1.40533e-02  -5.49560e-02  -9.08912e-02   3.76950e-02  -3.80040e-03  -2.06979e-02  -1.48579e-02  -4.63207e-02  -9.18757e-02
T10    2.56596e-01  -4.28847e-02   2.02521e-03   5.20455e-02   4.98248e-02  -5.06554e-02  -3.67466e-03   2.02012e-02   2.38873e-02   8.11959e-03  -8.91905e-02  -1.22277e-01   3.54024e-02  -3.87124e-02  -8.20136e-02   1.97189e-02   3.19664e-03  -4.11757e-03  -4.44602e-02  -2.34497e-02  -7.81202e-02
T11   -1.81374e+00   8.54676e-02   2.36999e-01   3.78064e-02  -2.08379e-02   2.26722e-02   1.26714e-01  -1.48262e-02   7.35847e-02   1.32639e-01  -1.40533e-02   3.54024e-02   7.24338e-02   1.70257e-02   5.09395e-03   9.44424e-02   7.45947e-02   8.38139e-02   5.16636e-02  -8.27242e-03   2.76605e-02
T12    1.89740e+00  -2.76521e-02   7.45490e-04  -3.99770e-03   2.67064e-02  -8.15107e-02  -1.11696e-02   1.46353e-02  -1.50460e-02  -3.60688e-02  -5.49560e-02  -3.87124e-02   1.70257e-02  -2.86648e-01  -6.73129e-02   3.06792e-03  -5.69608e-03  -9.16565e-03  -3.68525e-02  -3.40677e-02  -3.75525e-02
T13    1.34551e+00  -1.47013e-02   5.73873e-03   3.82136e-03   3.55029e-02  -7.49513e-02  -3.29601e-03   1.56453e-02   1.15364e-02  -2.90629e-02  -9.08912e-02  -8.20136e-02   5.09395e-03  -6.73129e-02  -1.35642e-01   1.07620e-02  -1.69433e-02  -1.95606e-02  -8.84404e-02  -7.88858e-02  -6.78261e-02
T14   -6.52789e-01   9.36700e-03   5.44071e-03   3.61092e-02   3.48741e-02  -1.41817e-02   2.21252e-02   6.96371e-02  -1.31203e-02  -2.40877e-03   3.76950e-02   1.97189e-02   9.44424e-02   3.06792e-03   1.07620e-02  -6.35410e-02   3.08793e-02   2.43231e-02  -5.63445e-02  -2.83686e-02   1.35317e-02
T15   -7.15059e-01   2.05404e-02   4.80383e-02  -1.19891e-02   3.60287e-02  -3.47349e-02   2.49797e-02   7.69979e-02  -1.17308e-02   6.25194e-04  -3.80040e-03   3.19664e-03   7.45947e-02  -5.69608e-03  -1.69433e-02   3.08793e-02  -4.11520e-02  -6.54177e-03  -1.53833e-02  -1.04642e-02   7.38892e-03
T16   -4.71334e-01   4.23637e-04   6.16964e-02   6.02261e-04   2.85342e-02  -8.78993e-03   3.03033e-02   7.88966e-02  -9.89174e-03   1.40263e-02  -2.06979e-02  -4.11757e-03   8.38139e-02  -9.16565e-03  -1.95606e-02   2.43231e-02  -6.54177e-03  -4.05330e-02  -1.07735e-02  -1.43261e-02  -2.79047e-02
T17    2.08646e+00  -1.55821e-02  -1.24947e-02  -7.34700e-04  -5.85909e-03  -7.20471e-02  -3.75642e-02   5.86404e-03  -3.68815e-03  -5.84274e-02  -1.48579e-02  -4.44602e-02   5.16636e-02  -3.68525e-02  -8.84404e-02  -5.63445e-02  -1.53833e-02  -1.07735e-02  -2.25828e-01  -7.79036e-02  -2.89222e-02
T18    8.42544e-01   9.51212e-03   1.52169e-02  -2.94848e-02  -1.11523e-03  -3.63802e-02  -5.83027e-03   8.55402e-04   1.01430e-02  -3.00410e-02  -4.63207e-02  -2.34497e-02  -8.27242e-03  -3.40677e-02  -7.88858e-02  -2.83686e-02  -1.04642e-02  -1.43261e-02  -7.79036e-02  -8.48157e-02  -2.11798e-02
T19    4.95453e-01  -4.39042e-02   1.90816e-02   4.61372e-02   4.45997e-02  -5.43512e-02   3.32312e-02   3.43187e-02  -4.74702e-03   1.90008e-02  -9.18757e-02  -7.81202e-02   2.76605e-02  -3.75525e-02  -6.78261e-02   1.35317e-02   7.38892e-03  -2.79047e-02  -2.89222e-02  -2.11798e-02  -1.17674e-01
