T0   -9.27488e-01  -1.34675e-01   3.36516e-01   3.37264e-01   4.65989e-01  -1.55651e-01   3.51288e-01   5.93723e-01   2.91838e-02   2.07696e-01  -2.50461e-01  -2.35281e-01   6.30992e-01  -1.64059e-01  -2.54718e-01   1.55238e-01   1.69397e-01   6.87918e-02  -2.22243e-01  -8.79685e-02  -2.62660e-01
T1   -6.32605e-01   3.36516e-01   5.90668e-01   2.63835e-01  -5.18880e-01   1.12390e-01   2.29381e-01  -5.14829e-01   1.12865e-01   2.71430e-01   1.34797e-01   3.59220e-02   1.13727e+00   8.16978e-02  -5.65445e-02   1.62521e-01   2.20051e-01   1.74710e-01  -2.86849e-01  -1.41233e-01   1.63373e-01
T2   -6.77822e-01   3.37264e-01   2.63835e-01  -1.59685e-01   8.88096e-02   5.87868e-02   1.72713e-01   3.31485e-01  -5.50370e-03   1.23903e-01   2.53076e-01   3.48605e-01   2.98438e-01   1.59340e-01   1.00036e-01   1.64763e-01   2.32884e-02   4.88881e-02  -1.84237e-02  -2.82741e-02   2.86881e-01
T3   -1.12851e+00   4.65989e-01  -5.18880e-01   8.88096e-02   6.09694e-01   3.01219e-01   3.71534e-01   9.38155e-01   1.66944e-01  -2.54078e-01   4.94546e-01   5.46166e-01  -3.22392e-01   3.80786e-01   3.34290e-01   3.85947e-01   1.11549e-01   1.89673e-01   7.85289e-02  -6.69051e-02   4.87103e-01
T4    1.99784e+00  -1.55651e-01   1.12390e-01   5.87868e-02   3.01219e-01  -1.72114e+00   1.26921e-01   3.84212e-01  -1.49321e-01  -2.38939e-01  -3.92108e-01  -3.86362e-01   2.79894e-01  -4.10744e-01  -5.57925e-01  -1.51052e-01  -8.21021e-02  -5.69296e-02  -5.23629e-01  -3.06279e-01  -3.89456e-01
T5   -6.29924e-01   3.51288e-01   2.29381e-01   1.72713e-01   3.71534e-01   1.26921e-01   1.80852e-01   4.91631e-01   1.90523e-01   1.88650e-01   1.23251e-01   1.25528e-01   4.68796e-01   6.23303e-02  -7.24683e-03   2.11320e-01   1.88374e-01   1.21903e-01  -2.05255e-01  -5.21530e-02   1.80879e-01
T6   -1.32921e+00   5.93723e-01  -5.14829e-01   3.31485e-01   9.38155e-01   3.84212e-01   4.91631e-01   1.02718e+00   4.43798e-01  -1.21018e-01   3.22898e-01   3.68895e-01  -2.96652e-01   3.22461e-01   1.94530e-01   4.59924e-01   2.79022e-01   2.91909e-01  -1.75968e-02  -8.05839e-02   3.61056e-01
T7   -9.38105e-01   2.91838e-02   1.12865e-01  -5.50370e-03   1.66944e-01  -1.49321e-01   1.90523e-01   4.43798e-01  -1.30253e-01   3.92627e-02   9.44228e-02   2.01127e-01   3.06225e-01   1.67176e-02  -2.19995e-02   5.67027e-02  -2.04594e-02   1.91078e-02  -9.74355e-02  -2.64547e-02   1.88555e-02
T8    3.88137e-01   2.07696e-01   2.71430e-01   1.23903e-01  -2.54078e-01  -2.38939e-01   1.88650e-01  -1.21018e-01   3.92627e-02  -4.11452e-01   4.65719e-02   1.44065e-02   6.15780e-01  -1.27730e-01  -1.97205e-01   1.01573e-01  -2.22499e-02   9.67629e-03  -3.66102e-01  -3.19999e-01   7.37369e-02
T9    6.90509e-01  -2.50461e-01   1.34797e-01   2.53076e-01   4.94546e-01  -3.92108e-01   1.23251e-01   3.22898e-01   9.44228e-02   4.65719e-02  -8.10426e-01  -7.02149e-01   2.20167e-01  -5.34970e-01  -7.05136e-01   6.23104e-02   1.27445e-01  -8.13179e-02  -4.77010e-01  -4.83494e-01  -6.11596e-01
T10    1.18942e-01  -2.35281e-01   3.59220e-02   3.48605e-01   5.46166e-01  -3.86362e-01   1.25528e-01   3.68895e-01   2.01127e-01   1.44065e-02  -7.02149e-01  -7.71418e-01   2.88841e-01  -5.07127e-01  -7.15574e-01   2.51497e-02   1.95897e-01  -1.02083e-03  -5.73861e-01  -4.54462e-01  -5.83444e-01
T11   -1.23232e+00   6.30992e-01   1.13727e+00   2.98438e-01  -3.22392e-01   2.79894e-01   4.68796e-01  -2.96652e-01   3.06225e-01   6.15780e-01   2.20167e-01   2.88841e-01   1.24248e+00   2.94854e-01   1.53054e-01   6.40037e-01   3.43357e-01   2.96892e-01   4.18368e-02  -9.71196e-02   2.93019e-01
T12    1.59138e+00  -1.64059e-01   8.16978e-02   1.59340e-01   3.80786e-01  -4.10744e-01   6.23303e-02   3.22461e-01   1.67176e-02  -1.27730e-01  -5.34970e-01  -5.07127e-01   2.94854e-01  -8.49736e-01  -7.03841e-01  -6.21844e-02   8.55380e-02  -3.83599e-02  -6.26064e-01  -4.68052e-01  -4.16048e-01
T13    1.36458e+00  -2.54718e-01  -5.65445e-02   1.00036e-01   3.34290e-01  -5.57925e-01  -7.24683e-03   1.94530e-01  -2.19995e-02  -1.97205e-01  -7.05136e-01  -7.15574e-01   1.53054e-01  -7.03841e-01  -9.20300e-01  -1.79049e-01  -6.83100e-03  -9.67152e-02  -7.26332e-01  -6.52030e-01  -5.72826e-01
T14   -5.61560e-01   1.55238e-01   1.62521e-01   1.64763e-01   3.85947e-01  -1.51052e-01   2.11320e-01   4.59924e-01   5.67027e-02   1.01573e-01   6.23104e-02   2.51497e-02   6.40037e-01  -6.21844e-02  -1.79049e-01   4.22409e-02   1.57191e-01   1.12088e-01  -5.10757e-01  -3.45825e-01   5.86700e-02
T15   -8.60669e-01   1.69397e-01   2.20051e-01   2.32884e-02   1.11549e-01  -8.21021e-02   1.88374e-01   2.79022e-01  -2.04594e-02  -2.22499e-02   1.27445e-01   1.95897e-01   3.43357e-01   8.55380e-02  -6.83100e-03   1.57191e-01  -3.47186e-02   3.15962e-02  -6.05327e-02   1.55093e-02   9.54856e-02
T16   -5.83739e-01   6.87918e-02   1.74710e-01   4.88881e-02   1.89673e-01  -5.69296e-02   1.21903e-01   2.91909e-01   1.91078e-02   9.67629e-03  -8.13179e-02  -1.02083e-03   2.96892e-01  -3.83599e-02  -9.67152e-02   1.12088e-01   3.15962e-02  -1.13947e-01  -5.09739e-02  -2.20596e-02  -8.59936e-02
T17    2.21868e+00  -2.22243e-01  -2.86849e-01  -1.84237e-02   7.85289e-02  -5.23629e-01  -2.05255e-01  -1.75968e-02  -9.74355e-02  -3.66102e-01  -4.77010e-01  -5.73861e-01   4.18368e-02  -6.26064e-01  -7.26332e-01  -5.10757e-01  -6.05327e-02  -5.09739e-02  -8.03316e-01  -5.45688e-01  -4.10119e-01
T18    9.64766e-01  -8.79685e-02  -1.41233e-01  -2.82741e-02  -6.69051e-02  -3.06279e-01  -5.21530e-02  -8.05839e-02  -2.64547e-02  -3.19999e-01  -4.83494e-01  -4.54462e-01  -9.71196e-02  -4.68052e-01  -6.52030e-01  -3.45825e-01   1.55093e-02  -2.20596e-02  -5.45688e-01  -4.46572e-01  -3.42543e-01
T19    1.67121e-01  -2.62660e-01   1.63373e-01   2.86881e-01   4.87103e-01  -3.89456e-01   1.80879e-01   3.61056e-01   1.88555e-02   7.37369e-02  -6.11596e-01  -5.83444e-01   2.93019e-01  -4.16048e-01  -5.72826e-01   5.86700e-02   9.54856e-02  -8.59936e-02  -4.10119e-01  -3.42543e-01  -6.06544e-01
