T0   -3.95708e-01  -5.26977e-02   6.37389e-03   2.23749e-02   3.41257e-03   8.62232e-03   3.87779e-03   1.48832e-02  -1.72457e-02   6.56282e-03  -1.16086e-04  -1.46538e-02   3.83148e-02  -5.05342e-03   4.84028e-03   2.26409e-03   7.84890e-03  -2.85585e-03   1.68072e-03   1.31763e-02  -1.61897e-02
T1   -1.03640e+00   6.37389e-03   2.79387e-02   5.96061e-02  -2.04785e-02  -6.17328e-03   5.40002e-02  -1.43204e-02   1.21415e-02   2.96651e-02   9.18923e-03  -1.60816e-02   1.52117e-01  -1.94700e-02  -1.00646e-02   5.38774e-03   3.37094e-02   3.92285e-02  -2.00372e-02   5.91464e-03  -2.08551e-03
T2   -6.87642e-01   2.23749e-02   5.96061e-02  -5.60097e-02   1.79004e-02   9.00483e-03   1.47613e-02   5.42939e-02  -3.31365e-03   2.54885e-02  -9.01014e-03   2.21850e-02   2.86447e-02  -8.18300e-03  -4.28244e-03   2.74236e-02  -7.72176e-03  -1.15549e-04  -5.71575e-03  -2.36890e-02   1.84384e-02
T3   -1.27661e+00   3.41257e-03  -2.04785e-02   1.79004e-02   3.70836e-02   2.63567e-02   4.57116e-02   8.71049e-02   3.61808e-03   5.95859e-03   6.44737e-03   1.54555e-02   3.68492e-03   1.63746e-03   7.69241e-03   2.25457e-02   2.66639e-02   1.69596e-02  -1.51750e-02  -8.99962e-03   1.11497e-02
T4    2.18541e+00   8.62232e-03  -6.17328e-03   9.00483e-03   2.63567e-02  -3.20918e-01  -2.74763e-03   2.77404e-02  -1.71195e-03  -4.81770e-02  -1.82134e-02  -1.75320e-02   8.49076e-03  -3.38524e-02  -2.80245e-02  -8.52832e-03  -2.41719e-02  -6.52824e-04  -2.99558e-02  -8.67131e-03  -1.81646e-02
T5   -8.16234e-01   3.87779e-03   5.40002e-02   1.47613e-02   4.57116e-02  -2.74763e-03  -3.15358e-02   7.28481e-02   2.36568e-02   2.43203e-02   9.66364e-04  -1.40413e-02   8.95119e-02  -1.42973e-02  -7.93193e-03   1.91162e-02   1.50627e-02   1.65286e-02  -3.11893e-02  -6.25323e-03   1.00518e-02
T6   -1.73848e+00   1.48832e-02  -1.43204e-02   5.42939e-02   8.71049e-02   2.77404e-02   7.28481e-02   6.31956e-02   2.84341e-02   1.71071e-02  -1.16528e-02  -6.11034e-03   9.32266e-03  -4.43833e-04  -4.85071e-03   4.04080e-02   5.06687e-02   4.40091e-02  -4.74995e-03  -3.07401e-03   6.34130e-03
T7   -5.23630e-01  -1.72457e-02   1.21415e-02  -3.31365e-03   3.61808e-03  -1.71195e-03   2.36568e-02   2.84341e-02  -4.12309e-02  -4.69047e-03   2.91933e-03   1.52613e-02   4.21754e-02  -9.12109e-03   4.66853e-03  -6.88398e-03  -2.54937e-03  -6.71639e-03  -7.24333e-03   2.68469e-03  -9.94351e-03
T8    4.48884e-01   6.56282e-03   2.96651e-02   2.54885e-02   5.95859e-03  -4.81770e-02   2.43203e-02   1.71071e-02  -4.69047e-03  -8.35956e-02  -1.98729e-03  -8.46922e-03   8.95575e-02  -3.13959e-02  -2.41046e-02  -4.28129e-03   9.49610e-03   1.01234e-02  -3.81574e-02  -1.98520e-02   1.74615e-03
T9    8.50353e-01  -1.16086e-04   9.18923e-03  -9.01014e-03   6.44737e-03  -1.82134e-02   9.66364e-04  -1.16528e-02   2.91933e-03  -1.98729e-03  -7.82758e-02  -3.03935e-02  -3.23775e-02  -1.42041e-02  -3.06291e-02   1.76339e-02  -8.33825e-03  -1.17386e-02   1.48619e-02  -1.21308e-02  -3.34124e-02
T10    1.42811e-01  -1.46538e-02  -1.60816e-02   2.21850e-02   1.54555e-02  -1.75320e-02  -1.40413e-02  -6.11034e-03   1.52613e-02  -8.46922e-03  -3.03935e-02  -5.91396e-02   3.81518e-03  -5.97047e-03  -2.85598e-02   5.09606e-03  -4.29649e-03  -3.33288e-04  -6.61821e-03  -1.51025e-03  -2.79750e-02
T11   -1.77356e+00   3.83148e-02   1.52117e-01   2.86447e-02   3.68492e-03   8.49076e-03   8.95119e-02   9.32266e-03   4.21754e-02   8.95575e-02  -3.23775e-02   3.81518e-03   3.09647e-02  -1.38895e-02  -1.49030e-02   5.84460e-02   4.68959e-02   4.84852e-02   1.79227e-02  -1.06408e-02  -5.93641e-04
T12    1.85620e+00  -5.05342e-03  -1.94700e-02  -8.18300e-03   1.63746e-03  -3.38524e-02  -1.42973e-02  -4.43833e-04  -9.12109e-03  -3.13959e-02  -1.42041e-02  -5.97047e-03  -1.38895e-02  -2.00149e-01  -1.58149e-02  -8.25777e-03  -4.30976e-03  -2.99345e-03  -5.85250e-03  -1.26182e-03  -3.97742e-03
T13    1.20155e+00   4.84028e-03  -1.00646e-02  -4.28244e-03   7.69241e-03  -2.80245e-02  -7.93193e-03  -4.85071e-03   4.66853e-03  -2.41046e-02  -3.06291e-02  -2.85598e-02  -1.49030e-02  -1.58149e-02  -6.81278e-02  -4.18384e-03  -1.64145e-02  -8.83476e-03  -3.27848e-02  -3.47451e-02  -2.22332e-02
T14   -5.85171e-01   2.26409e-03   5.38774e-03   2.74236e-02   2.25457e-02  -8.52832e-03   1.91162e-02   4.04080e-02  -6.88398e-03  -4.28129e-03   1.76339e-02   5.09606e-03   5.84460e-02  -8.25777e-03  -4.18384e-03  -3.86852e-02   2.60236e-02   1.15603e-02  -3.75405e-02  -1.60932e-02   2.03761e-03
T15   -6.07634e-01   7.84890e-03   3.37094e-02  -7.72176e-03   2.66639e-02  -2.41719e-02   1.50627e-02   5.06687e-02  -2.54937e-03   9.49610e-03  -8.33825e-03  -4.29649e-03   4.68959e-02  -4.30976e-03  -1.64145e-02   2.60236e-02  -3.39861e-02  -8.17430e-03  -1.19299e-02  -9.56966e-03  -2.17367e-03
T16   -3.77485e-01  -2.85585e-03   3.92285e-02  -1.15549e-04   1.69596e-02  -6.52824e-04   1.65286e-02   4.40091e-02  -6.71639e-03   1.01234e-02  -1.17386e-02  -3.33288e-04   4.84852e-02  -2.99345e-03  -8.83476e-03   1.15603e-02  -8.17430e-03  -3.69705e-02  -7.00331e-03  -8.17522e-03  -1.73510e-02
T17    1.96118e+00   1.68072e-03  -2.00372e-02  -5.71575e-03  -1.51750e-02  -2.99558e-02  -3.11893e-02  -4.74995e-03  -7.24333e-03  -3.81574e-02   1.48619e-02  -6.61821e-03   1.79227e-02  -5.85250e-03  -3.27848e-02  -3.75405e-02  -1.19299e-02  -7.00331e-03  -1.44761e-01  -3.84025e-02   5.14969e-03
T18    7.64467e-01   1.31763e-02   5.91464e-03  -2.36890e-02  -8.99962e-03  -8.67131e-03  -6.25323e-03  -3.07401e-03   2.68469e-03  -1.98520e-02  -1.21308e-02  -1.51025e-03  -1.06408e-02  -1.26182e-03  -3.47451e-02  -1.60932e-02  -9.56966e-03  -8.17522e-03  -3.84025e-02  -5.46365e-02   1.98540e-03
T19    4.07696e-01  -1.61897e-02  -2.08551e-03   1.84384e-02   1.11497e-02  -1.81646e-02   1.00518e-02   6.34130e-03  -9.94351e-03   1.74615e-03  -3.34124e-02  -2.79750e-02  -5.93641e-04  -3.97742e-03  -2.22332e-02   2.03761e-03  -2.17367e-03  -1.73510e-02   5.14969e-03   1.98540e-03  -5.73279e-02
