T0   -4.07965e-01  -1.01347e-01   2.65878e-02   6.97525e-02   5.11976e-02  -2.33799e-02   2.90761e-02   7.18718e-02  -2.46301e-02   2.00725e-02  -5.27538e-02  -7.45325e-02   1.12999e-01  -4.98193e-02  -3.90700e-02   1.63554e-02   2.95337e-02   2.46157e-03  -2.98602e-02  -7.47584e-04  -7.30392e-02
T1   -1.07831e+00   2.65878e-02   1.04175e-01   8.73063e-02  -1.32803e-01   7.17671e-03   8.67299e-02  -1.11839e-01   1.32867e-02   5.02346e-02   9.29575e-02   5.00990e-02   3.24749e-01   4.28930e-02   4.46588e-02   8.86009e-03   4.18939e-02   6.82556e-02   2.01985e-04   3.14552e-02   4.53528e-02
T2   -7.68614e-01   6.97525e-02   8.73063e-02  -1.04705e-01   2.50681e-02   5.91972e-03   3.37682e-02   1.07664e-01  -7.60292e-03   2.43634e-02   3.04262e-02   8.57681e-02   3.99717e-02   7.90116e-03   1.98043e-02   4.55335e-02  -1.73724e-02  -2.42660e-04   8.47700e-03  -2.87743e-02   6.46610e-02
T3   -1.34322e+00   5.11976e-02  -1.32803e-01   2.50681e-02   1.19825e-01   5.50091e-02   9.13576e-02   1.98889e-01   2.38620e-03  -4.76569e-02   7.68774e-02   9.37676e-02  -6.91267e-02   5.80370e-02   7.57455e-02   4.99956e-02   3.93173e-02   4.07579e-02   8.48093e-03  -1.48145e-03   7.65215e-02
T4    2.52968e+00  -2.33799e-02   7.17671e-03   5.91972e-03   5.50091e-02  -6.18666e-01  -3.62278e-03   6.92254e-02  -2.74848e-02  -7.67687e-02  -8.92454e-02  -8.77628e-02   3.86868e-02  -1.20401e-01  -1.20586e-01  -3.52431e-02  -5.14622e-02  -2.25620e-02  -1.05869e-01  -6.48187e-02  -9.22455e-02
T5   -8.69271e-01   2.90761e-02   8.67299e-02   3.37682e-02   9.13576e-02  -3.62278e-03  -1.02933e-02   1.44777e-01   4.63871e-02   4.76968e-02   4.84778e-02   2.37930e-02   1.61977e-01   2.93639e-03   2.49521e-02   2.72920e-02   2.52464e-02   2.73812e-02  -2.75210e-02   2.21616e-03   4.69202e-02
T6   -1.77636e+00   7.18718e-02  -1.11839e-01   1.07664e-01   1.98889e-01   6.92254e-02   1.44777e-01   1.63573e-01   8.08009e-02   2.13766e-03   5.18353e-02   6.73370e-02  -4.70705e-02   5.34678e-02   5.64868e-02   9.71767e-02   9.37002e-02   9.85373e-02   3.01276e-02   1.15960e-02   6.25258e-02
T7   -6.50905e-01  -2.46301e-02   1.32867e-02  -7.60292e-03   2.38620e-03  -2.74848e-02   4.63871e-02   8.08009e-02  -8.21839e-02  -2.93714e-02   1.67009e-02   3.12568e-02   8.03263e-02  -2.18680e-02  -4.20098e-06  -1.42771e-02  -1.12936e-02  -1.05061e-02  -1.63739e-02  -3.89658e-03  -6.91734e-03
T8    3.41606e-01   2.00725e-02   5.02346e-02   2.43634e-02  -4.76569e-02  -7.67687e-02   4.76968e-02   2.13766e-03  -2.93714e-02  -1.85414e-01   4.40436e-02   3.12398e-02   1.69559e-01  -3.12323e-02  -2.04730e-02   5.32983e-03  -1.52988e-02   5.63193e-03  -7.30241e-02  -2.94025e-02   3.00478e-02
T9    9.40969e-01  -5.27538e-02   9.29575e-02   3.04262e-02   7.68774e-02  -8.92454e-02   4.84778e-02   5.18353e-02   1.67009e-02   4.40436e-02  -2.30476e-01  -1.50252e-01   3.09059e-02  -1.01245e-01  -1.47737e-01   4.86127e-02  -1.78687e-03  -3.39448e-02  -5.06062e-02  -7.24798e-02  -1.47261e-01
T10    2.00674e-01  -7.45325e-02   5.00990e-02   8.57681e-02   9.37676e-02  -8.77628e-02   2.37930e-02   6.73370e-02   3.12568e-02   3.12398e-02  -1.50252e-01  -1.87245e-01   9.84854e-02  -7.97615e-02  -1.33448e-01   2.70451e-02   9.78130e-03  -7.25752e-03  -8.09624e-02  -4.22533e-02  -1.28750e-01
T11   -1.78352e+00   1.12999e-01   3.24749e-01   3.99717e-02  -6.91267e-02   3.86868e-02   1.61977e-01  -4.70705e-02   8.03263e-02   1.69559e-01   3.09059e-02   9.84854e-02   1.35136e-01   7.32960e-02   5.19932e-02   1.30644e-01   7.72388e-02   9.78128e-02   1.00657e-01   1.15905e-02   5.71484e-02
T12    1.82193e+00  -4.98193e-02   4.28930e-02   7.90116e-03   5.80370e-02  -1.20401e-01   2.93639e-03   5.34678e-02  -2.18680e-02  -3.12323e-02  -1.01245e-01  -7.97615e-02   7.32960e-02  -3.51199e-01  -1.20733e-01  -2.07883e-03  -5.84499e-03  -1.99044e-02  -7.80300e-02  -6.06540e-02  -7.58662e-02
T13    1.25027e+00  -3.90700e-02   4.46588e-02   1.98043e-02   7.57455e-02  -1.20586e-01   2.49521e-02   5.64868e-02  -4.20098e-06  -2.04730e-02  -1.47737e-01  -1.33448e-01   5.19932e-02  -1.20733e-01  -2.03399e-01   1.68398e-02  -1.92585e-02  -2.04236e-02  -1.43073e-01  -1.17116e-01  -1.09514e-01
T14   -6.34473e-01   1.63554e-02   8.86009e-03   4.55335e-02   4.99956e-02  -3.52431e-02   2.72920e-02   9.71767e-02  -1.42771e-02   5.32983e-03   4.86127e-02   2.70451e-02   1.30644e-01  -2.07883e-03   1.68398e-02  -7.21113e-02   4.12832e-02   3.42947e-02  -7.61239e-02  -4.81577e-02   1.60038e-02
T15   -6.81382e-01   2.95337e-02   4.18939e-02  -1.73724e-02   3.93173e-02  -5.14622e-02   2.52464e-02   9.37002e-02  -1.12936e-02  -1.52988e-02  -1.78687e-03   9.78130e-03   7.72388e-02  -5.84499e-03  -1.92585e-02   4.12832e-02  -4.62775e-02  -8.44414e-03  -1.91128e-02  -1.30037e-02   1.03707e-02
T16   -4.31647e-01   2.46157e-03   6.82556e-02  -2.42660e-04   4.07579e-02  -2.25620e-02   2.73812e-02   9.85373e-02  -1.05061e-02   5.63193e-03  -3.39448e-02  -7.25752e-03   9.78128e-02  -1.99044e-02  -2.04236e-02   3.42947e-02  -8.44414e-03  -5.15148e-02  -1.51845e-02  -1.38700e-02  -4.35855e-02
T17    2.02025e+00  -2.98602e-02   2.01985e-04   8.47700e-03   8.48093e-03  -1.05869e-01  -2.75210e-02   3.01276e-02  -1.63739e-02  -7.30241e-02  -5.06062e-02  -8.09624e-02   1.00657e-01  -7.80300e-02  -1.43073e-01  -7.61239e-02  -1.91128e-02  -1.51845e-02  -2.94729e-01  -1.12635e-01  -5.44809e-02
T18    7.75841e-01  -7.47584e-04   3.14552e-02  -2.87743e-02  -1.48145e-03  -6.48187e-02   2.21616e-03   1.15960e-02  -3.89658e-03  -2.94025e-02  -7.24798e-02  -4.22533e-02   1.15905e-02  -6.06540e-02  -1.17116e-01  -4.81577e-02  -1.30037e-02  -1.38700e-02  -1.12635e-01  -1.01439e-01  -4.15452e-02
T19    5.44458e-01  -7.30392e-02   4.53528e-02   6.46610e-02   7.65215e-02  -9.22455e-02   4.69202e-02   6.25258e-02  -6.91734e-03   3.00478e-02  -1.47261e-01  -1.28750e-01   5.71484e-02  -7.58662e-02  -1.09514e-01   1.60038e-02   1.03707e-02  -4.35855e-02  -5.44809e-02  -4.15452e-02  -1.74915e-01
