T0   -4.03990e-01  -1.17327e-01   3.71088e-02   7.34940e-02   6.07845e-02  -3.66036e-02   3.95454e-02   8.91557e-02  -2.62780e-02   3.07624e-02  -6.61069e-02  -8.48246e-02   1.37235e-01  -5.73753e-02  -4.14294e-02   1.52516e-02   2.75811e-02  -5.26339e-03  -3.31455e-02  -3.48682e-05  -8.97708e-02
T1   -1.05734e+00   3.71088e-02   1.26575e-01   8.97295e-02  -1.62176e-01   7.73922e-03   9.40758e-02  -1.35814e-01   6.86043e-03   5.40467e-02   1.12100e-01   6.96084e-02   3.56148e-01   6.66765e-02   5.80334e-02   9.28252e-03   4.24704e-02   6.94571e-02   3.23570e-03   3.75558e-02   5.61688e-02
T2   -7.47383e-01   7.34940e-02   8.97295e-02  -1.12953e-01   2.20158e-02   4.15296e-03   3.33992e-02   1.13497e-01  -1.15860e-02   2.15909e-02   4.31924e-02   1.05361e-01   4.00166e-02   1.27343e-02   2.70156e-02   4.75501e-02  -2.06419e-02  -2.01396e-03   8.39369e-03  -2.66104e-02   7.70543e-02
T3   -1.31200e+00   6.07845e-02  -1.62176e-01   2.20158e-02   1.32029e-01   5.51203e-02   9.11884e-02   2.18362e-01   9.37488e-03  -6.39382e-02   1.02517e-01   1.16121e-01  -9.46490e-02   6.89838e-02   9.01961e-02   5.38796e-02   4.20020e-02   4.30294e-02   1.38966e-02  -2.27066e-03   9.45343e-02
T4    2.57306e+00  -3.66036e-02   7.73922e-03   4.15296e-03   5.51203e-02  -6.76003e-01  -1.16787e-03   7.67067e-02  -3.41442e-02  -8.41290e-02  -1.05702e-01  -1.03401e-01   4.43049e-02  -1.40142e-01  -1.40028e-01  -4.85595e-02  -6.12543e-02  -3.28855e-02  -1.24508e-01  -7.15616e-02  -1.10473e-01
T5   -8.60036e-01   3.95454e-02   9.40758e-02   3.33992e-02   9.11884e-02  -1.16787e-03  -2.13974e-03   1.56793e-01   3.97893e-02   5.17097e-02   6.45894e-02   4.14090e-02   1.75672e-01   1.60712e-02   3.45675e-02   3.05202e-02   2.33670e-02   2.77421e-02  -2.55951e-02   6.64896e-03   5.63748e-02
T6   -1.74952e+00   8.91557e-02  -1.35814e-01   1.13497e-01   2.18362e-01   7.67067e-02   1.56793e-01   1.81543e-01   9.18170e-02  -1.12940e-02   7.90836e-02   9.32142e-02  -6.95212e-02   7.87234e-02   7.62843e-02   1.09249e-01   9.81770e-02   1.06547e-01   3.12077e-02   8.61163e-03   7.77857e-02
T7   -6.19062e-01  -2.62780e-02   6.86043e-03  -1.15860e-02   9.37488e-03  -3.41442e-02   3.97893e-02   9.18170e-02  -8.92073e-02  -3.55154e-02   1.78667e-02   3.03315e-02   7.52880e-02  -2.75713e-02  -4.30497e-03  -1.26180e-02  -1.39491e-02  -1.25861e-02  -2.22660e-02  -6.50098e-03  -1.21977e-02
T8    3.35525e-01   3.07624e-02   5.40467e-02   2.15909e-02  -6.39382e-02  -8.41290e-02   5.17097e-02  -1.12940e-02  -3.55154e-02  -2.10987e-01   5.39903e-02   4.37310e-02   1.85660e-01  -3.19446e-02  -1.82057e-02   9.38129e-03  -1.79135e-02   5.02476e-03  -7.84585e-02  -3.61520e-02   3.65298e-02
T9    8.81595e-01  -6.61069e-02   1.12100e-01   4.31924e-02   1.02517e-01  -1.05702e-01   6.45894e-02   7.90836e-02   1.78667e-02   5.39903e-02  -2.57883e-01  -1.73845e-01   5.44377e-02  -1.17595e-01  -1.70903e-01   5.15202e-02   9.22640e-04  -3.59925e-02  -6.52154e-02  -8.60663e-02  -1.69722e-01
T10    1.40906e-01  -8.48246e-02   6.96084e-02   1.05361e-01   1.16121e-01  -1.03401e-01   4.14090e-02   9.32142e-02   3.03315e-02   4.37310e-02  -1.73845e-01  -2.13247e-01   1.32278e-01  -9.75326e-02  -1.55496e-01   3.16665e-02   1.56326e-02  -3.71673e-03  -9.56960e-02  -5.33558e-02  -1.48427e-01
T11   -1.75399e+00   1.37235e-01   3.56148e-01   4.00166e-02  -9.46490e-02   4.43049e-02   1.75672e-01  -6.95212e-02   7.52880e-02   1.85660e-01   5.44377e-02   1.32278e-01   1.66667e-01   9.91426e-02   7.48643e-02   1.42795e-01   8.00176e-02   1.01464e-01   1.22904e-01   1.66955e-02   7.46229e-02
T12    1.76693e+00  -5.73753e-02   6.66765e-02   1.27343e-02   6.89838e-02  -1.40142e-01   1.60712e-02   7.87234e-02  -2.75713e-02  -3.19446e-02  -1.17595e-01  -9.75326e-02   9.91426e-02  -3.72418e-01  -1.45242e-01  -4.31599e-03  -3.83201e-03  -2.25834e-02  -9.50584e-02  -6.97943e-02  -9.10743e-02
T13    1.19848e+00  -4.14294e-02   5.80334e-02   2.70156e-02   9.01961e-02  -1.40028e-01   3.45675e-02   7.62843e-02  -4.30497e-03  -1.82057e-02  -1.70903e-01  -1.55496e-01   7.48643e-02  -1.45242e-01  -2.33617e-01   1.77810e-02  -1.65350e-02  -1.72708e-02  -1.65860e-01  -1.35822e-01  -1.27254e-01
T14   -6.08680e-01   1.52516e-02   9.28252e-03   4.75501e-02   5.38796e-02  -4.85595e-02   3.05202e-02   1.09249e-01  -1.26180e-02   9.38129e-03   5.15202e-02   3.16665e-02   1.42795e-01  -4.31599e-03   1.77810e-02  -7.99221e-02   4.21927e-02   3.84091e-02  -8.91670e-02  -5.28201e-02   1.93254e-02
T15   -6.60958e-01   2.75811e-02   4.24704e-02  -2.06419e-02   4.20020e-02  -6.12543e-02   2.33670e-02   9.81770e-02  -1.39491e-02  -1.79135e-02   9.22640e-04   1.56326e-02   8.00176e-02  -3.83201e-03  -1.65350e-02   4.21927e-02  -5.26210e-02  -1.33225e-02  -1.62951e-02  -1.17707e-02   9.83758e-03
T16   -4.06998e-01  -5.26339e-03   6.94571e-02  -2.01396e-03   4.30294e-02  -3.28855e-02   2.77421e-02   1.06547e-01  -1.25861e-02   5.02476e-03  -3.59925e-02  -3.71673e-03   1.01464e-01  -2.25834e-02  -1.72708e-02   3.84091e-02  -1.33225e-02  -6.21002e-02  -1.26224e-02  -1.63823e-02  -5.02026e-02
T17    1.98765e+00  -3.31455e-02   3.23570e-03   8.39369e-03   1.38966e-02  -1.24508e-01  -2.55951e-02   3.12077e-02  -2.22660e-02  -7.84585e-02  -6.52154e-02  -9.56960e-02   1.22904e-01  -9.50584e-02  -1.65860e-01  -8.91670e-02  -1.62951e-02  -1.26224e-02  -3.26060e-01  -1.25931e-01  -6.28365e-02
T18    7.58241e-01  -3.48682e-05   3.75558e-02  -2.66104e-02  -2.27066e-03  -7.15616e-02   6.64896e-03   8.61163e-03  -6.50098e-03  -3.61520e-02  -8.60663e-02  -5.33558e-02   1.66955e-02  -6.97943e-02  -1.35822e-01  -5.28201e-02  -1.17707e-02  -1.63823e-02  -1.25931e-01  -1.11572e-01  -5.08954e-02
T19    5.37562e-01  -8.97708e-02   5.61688e-02   7.70543e-02   9.45343e-02  -1.10473e-01   5.63748e-02   7.77857e-02  -1.21977e-02   3.65298e-02  -1.69722e-01  -1.48427e-01   7.46229e-02  -9.10743e-02  -1.27254e-01   1.93254e-02   9.83758e-03  -5.02026e-02  -6.28365e-02  -5.08954e-02  -1.98817e-01
