T0   -4.02866e-01  -4.75402e-02   4.37059e-03   1.89980e-02   2.49510e-03   1.02668e-02   1.85530e-03   1.11625e-02  -1.48094e-02   5.19283e-03   2.73601e-03  -1.13412e-02   3.17914e-02  -3.24611e-03   6.55834e-03   2.35784e-03   7.24283e-03  -2.74532e-03   3.51198e-03   1.24936e-02  -1.25350e-02
T1   -9.95279e-01   4.37059e-03   2.44561e-02   5.37784e-02  -1.58704e-02  -8.73219e-03   4.77856e-02  -1.00813e-02   1.00839e-02   2.76087e-02   5.69494e-03  -1.67784e-02   1.35915e-01  -1.82075e-02  -9.78667e-03   5.00133e-03   2.87470e-02   3.24687e-02  -1.90255e-02   5.39719e-03  -4.30793e-03
T2   -6.37433e-01   1.89980e-02   5.37784e-02  -5.22385e-02   1.57529e-02   8.23838e-03   1.12399e-02   4.82740e-02  -1.57849e-03   2.45162e-02  -1.10912e-02   1.86794e-02   2.39170e-02  -8.56145e-03  -4.50352e-03   2.60430e-02  -6.17543e-03  -9.83691e-04  -6.82614e-03  -2.25230e-02   1.43816e-02
T3   -1.22816e+00   2.49510e-03  -1.58704e-02   1.57529e-02   3.34794e-02   2.23694e-02   3.98952e-02   7.72796e-02   3.99776e-03   6.61645e-03   2.51832e-03   1.16098e-02   4.38622e-03   7.67385e-05   2.79237e-03   2.21531e-02   2.54021e-02   1.45678e-02  -1.79581e-02  -1.10953e-02   5.86314e-03
T4    2.13279e+00   1.02668e-02  -8.73219e-03   8.23838e-03   2.23694e-02  -2.94243e-01  -2.26380e-03   2.24099e-02  -5.48623e-04  -4.39162e-02  -1.21314e-02  -1.25041e-02   4.39421e-03  -2.77497e-02  -2.19504e-02  -7.66855e-03  -2.21838e-02   2.73866e-04  -2.31862e-02  -5.06429e-03  -1.32228e-02
T5   -7.71125e-01   1.85530e-03   4.77856e-02   1.12399e-02   3.98952e-02  -2.26380e-03  -3.38869e-02   6.46704e-02   2.21172e-02   2.08422e-02  -8.94576e-04  -1.40351e-02   7.96996e-02  -1.12214e-02  -6.78219e-03   1.81201e-02   1.21381e-02   1.36306e-02  -2.66341e-02  -6.97825e-03   7.77175e-03
T6   -1.68896e+00   1.11625e-02  -1.00813e-02   4.82740e-02   7.72796e-02   2.24099e-02   6.46704e-02   5.29294e-02   2.52360e-02   1.62427e-02  -1.30254e-02  -6.74569e-03   9.55763e-03  -4.18298e-03  -8.12084e-03   3.72120e-02   4.62252e-02   3.80796e-02  -6.57748e-03  -5.21952e-03   1.77123e-03
T7   -5.00953e-01  -1.48094e-02   1.00839e-02  -1.57849e-03   3.99776e-03  -5.48623e-04   2.21172e-02   2.52360e-02  -3.70093e-02  -1.25286e-03   1.00738e-03   1.26135e-02   3.69241e-02  -7.84972e-03   2.38803e-03  -4.42439e-03   6.81112e-04  -5.47863e-03  -8.90337e-03   1.24284e-03  -1.05805e-02
T8    4.87515e-01   5.19283e-03   2.76087e-02   2.45162e-02   6.61645e-03  -4.39162e-02   2.08422e-02   1.62427e-02  -1.25286e-03  -7.45902e-02  -4.69482e-03  -1.02225e-02   8.00197e-02  -2.86640e-02  -2.31437e-02  -4.25705e-03   1.02363e-02   8.70809e-03  -3.59231e-02  -1.76075e-02  -1.38530e-03
T9    7.75519e-01   2.73601e-03   5.69494e-03  -1.10912e-02   2.51832e-03  -1.21314e-02  -8.94576e-04  -1.30254e-02   1.00738e-03  -4.69482e-03  -6.47448e-02  -2.21338e-02  -3.12970e-02  -8.11392e-03  -2.09610e-02   1.25178e-02  -8.98437e-03  -9.11243e-03   1.99098e-02  -7.24700e-03  -2.39610e-02
T10    7.26604e-02  -1.13412e-02  -1.67784e-02   1.86794e-02   1.16098e-02  -1.25041e-02  -1.40351e-02  -6.74569e-03   1.26135e-02  -1.02225e-02  -2.21338e-02  -4.90182e-02   1.28095e-03  -1.30763e-03  -2.08881e-02   2.89996e-03  -5.37826e-03   1.03139e-03  -2.53319e-03   2.03645e-03  -1.95316e-02
T11   -1.72128e+00   3.17914e-02   1.35915e-01   2.39170e-02   4.38622e-03   4.39421e-03   7.96996e-02   9.55763e-03   3.69241e-02   8.00197e-02  -3.12970e-02   1.28095e-03   2.36967e-02  -1.63707e-02  -1.53512e-02   5.32197e-02   4.04442e-02   4.04456e-02   1.59329e-02  -1.06161e-02  -3.13266e-03
T12    1.81697e+00  -3.24611e-03  -1.82075e-02  -8.56145e-03   7.67385e-05  -2.77497e-02  -1.12214e-02  -4.18298e-03  -7.84972e-03  -2.86640e-02  -8.11392e-03  -1.30763e-03  -1.63707e-02  -1.85414e-01  -9.10559e-03  -1.01971e-02  -4.45180e-03  -1.72489e-03   5.72575e-04   2.41213e-03   8.30654e-04
T13    1.13597e+00   6.55834e-03  -9.78667e-03  -4.50352e-03   2.79237e-03  -2.19504e-02  -6.78219e-03  -8.12084e-03   2.38803e-03  -2.31437e-02  -2.09610e-02  -2.08881e-02  -1.53512e-02  -9.10559e-03  -5.66891e-02  -5.42477e-03  -1.67159e-02  -7.25120e-03  -2.44251e-02  -2.76959e-02  -1.44709e-02
T14   -5.61990e-01   2.35784e-03   5.00133e-03   2.60430e-02   2.21531e-02  -7.66855e-03   1.81201e-02   3.72120e-02  -4.42439e-03  -4.25705e-03   1.25178e-02   2.89996e-03   5.32197e-02  -1.01971e-02  -5.42477e-03  -3.33054e-02   2.40838e-02   9.30811e-03  -3.52389e-02  -1.51305e-02  -1.13827e-03
T15   -5.74106e-01   7.24283e-03   2.87470e-02  -6.17543e-03   2.54021e-02  -2.21838e-02   1.21381e-02   4.62252e-02   6.81112e-04   1.02363e-02  -8.98437e-03  -5.37826e-03   4.04442e-02  -4.45180e-03  -1.67159e-02   2.40838e-02  -3.09713e-02  -7.20822e-03  -1.19493e-02  -9.72410e-03  -4.37083e-03
T16   -3.54116e-01  -2.74532e-03   3.24687e-02  -9.83691e-04   1.45678e-02   2.73866e-04   1.36306e-02   3.80796e-02  -5.47863e-03   8.70809e-03  -9.11243e-03   1.03139e-03   4.04456e-02  -1.72489e-03  -7.25120e-03   9.30811e-03  -7.20822e-03  -3.56149e-02  -5.85669e-03  -7.12556e-03  -1.43764e-02
T17    1.91335e+00   3.51198e-03  -1.90255e-02  -6.82614e-03  -1.79581e-02  -2.31862e-02  -2.66341e-02  -6.57748e-03  -8.90337e-03  -3.59231e-02   1.99098e-02  -2.53319e-03   1.59329e-02   5.72575e-04  -2.44251e-02  -3.52389e-02  -1.19493e-02  -5.85669e-03  -1.29224e-01  -3.23869e-02   1.04845e-02
T18    7.46998e-01   1.24936e-02   5.39719e-03  -2.25230e-02  -1.10953e-02  -5.06429e-03  -6.97825e-03  -5.21952e-03   1.24284e-03  -1.76075e-02  -7.24700e-03   2.03645e-03  -1.06161e-02   2.41213e-03  -2.76959e-02  -1.51305e-02  -9.72410e-03  -7.12556e-03  -3.23869e-02  -4.83242e-02   5.68099e-03
T19    3.54487e-01  -1.25350e-02  -4.30793e-03   1.43816e-02   5.86314e-03  -1.32228e-02   7.77175e-03   1.77123e-03  -1.05805e-02  -1.38530e-03  -2.39610e-02  -1.95316e-02  -3.13266e-03   8.30654e-04  -1.44709e-02  -1.13827e-03  -4.37083e-03  -1.43764e-02   1.04845e-02   5.68099e-03  -4.68309e-02
