T0   -4.10929e-01  -1.28688e-01   4.58372e-02   8.01898e-02   6.86398e-02  -4.47521e-02   4.70944e-02   1.00828e-01  -2.74486e-02   4.07026e-02  -7.22794e-02  -8.98838e-02   1.49585e-01  -6.23832e-02  -4.36015e-02   1.66029e-02   2.38404e-02  -8.89310e-03  -3.43183e-02   4.10251e-05  -9.85230e-02
T1   -1.03842e+00   4.58372e-02   1.38030e-01   9.17198e-02  -1.77576e-01   1.05942e-02   9.89809e-02  -1.51322e-01   3.38699e-03   5.71002e-02   1.23467e-01   8.01922e-02   3.77437e-01   7.38177e-02   6.43537e-02   7.33286e-03   4.28283e-02   6.96469e-02  -6.25867e-04   3.75787e-02   6.22897e-02
T2   -7.32124e-01   8.01898e-02   9.17198e-02  -1.22458e-01   1.91949e-02   4.64538e-03   3.02134e-02   1.15383e-01  -1.53468e-02   2.12212e-02   5.10609e-02   1.15853e-01   3.91946e-02   1.82574e-02   3.12665e-02   4.85710e-02  -2.30280e-02  -2.42061e-03   1.04898e-02  -2.78534e-02   8.64471e-02
T3   -1.29147e+00   6.86398e-02  -1.77576e-01   1.91949e-02   1.37000e-01   5.96483e-02   9.11729e-02   2.26997e-01   7.58959e-03  -7.42596e-02   1.18501e-01   1.28704e-01  -1.07753e-01   7.73233e-02   9.89454e-02   5.65295e-02   4.23859e-02   4.49235e-02   1.65773e-02  -2.95456e-03   1.09356e-01
T4    2.58448e+00  -4.47521e-02   1.05942e-02   4.64538e-03   5.96483e-02  -7.10727e-01   1.79813e-04   8.11519e-02  -3.85165e-02  -8.83156e-02  -1.13784e-01  -1.12726e-01   4.42713e-02  -1.47726e-01  -1.51061e-01  -5.37730e-02  -6.68062e-02  -3.90037e-02  -1.35221e-01  -7.78191e-02  -1.21354e-01
T5   -8.49026e-01   4.70944e-02   9.89809e-02   3.02134e-02   9.11729e-02   1.79813e-04   2.30371e-04   1.63829e-01   3.82922e-02   5.02022e-02   7.18159e-02   5.36126e-02   1.82312e-01   2.30676e-02   4.12230e-02   3.01936e-02   2.36950e-02   2.60731e-02  -2.99563e-02   7.82867e-03   6.31853e-02
T6   -1.72879e+00   1.00828e-01  -1.51322e-01   1.15383e-01   2.26997e-01   8.11519e-02   1.63829e-01   1.91925e-01   9.62683e-02  -1.41564e-02   9.26941e-02   1.13211e-01  -8.35684e-02   9.21745e-02   9.01216e-02   1.12610e-01   1.00009e-01   1.08893e-01   3.34720e-02   8.14202e-03   8.72036e-02
T7   -5.99222e-01  -2.74486e-02   3.38699e-03  -1.53468e-02   7.58959e-03  -3.85165e-02   3.82922e-02   9.62683e-02  -9.49033e-02  -3.87596e-02   1.60145e-02   2.92021e-02   7.39961e-02  -3.01862e-02  -4.70871e-03  -1.35468e-02  -1.43891e-02  -1.22515e-02  -2.38320e-02  -4.72839e-03  -1.45284e-02
T8    3.36627e-01   4.07026e-02   5.71002e-02   2.12212e-02  -7.42596e-02  -8.83156e-02   5.02022e-02  -1.41564e-02  -3.87596e-02  -2.23754e-01   6.03178e-02   4.91520e-02   1.94470e-01  -2.80726e-02  -2.05341e-02   1.02265e-02  -2.08408e-02   2.94933e-03  -8.31268e-02  -4.06512e-02   3.94333e-02
T9    8.43217e-01  -7.22794e-02   1.23467e-01   5.10609e-02   1.18501e-01  -1.13784e-01   7.18159e-02   9.26941e-02   1.60145e-02   6.03178e-02  -2.73198e-01  -1.87295e-01   6.65699e-02  -1.26342e-01  -1.83618e-01   5.58581e-02   5.41678e-03  -3.66000e-02  -7.41117e-02  -9.32178e-02  -1.81386e-01
T10    9.83058e-02  -8.98838e-02   8.01922e-02   1.15853e-01   1.28704e-01  -1.12726e-01   5.36126e-02   1.13211e-01   2.92021e-02   4.91520e-02  -1.87295e-01  -2.27106e-01   1.53287e-01  -1.05878e-01  -1.68705e-01   3.61690e-02   2.08545e-02  -9.34191e-04  -1.05841e-01  -5.88738e-02  -1.58953e-01
T11   -1.72911e+00   1.49585e-01   3.77437e-01   3.91946e-02  -1.07753e-01   4.42713e-02   1.82312e-01  -8.35684e-02   7.39961e-02   1.94470e-01   6.65699e-02   1.53287e-01   1.86513e-01   1.20833e-01   8.76767e-02   1.50410e-01   8.04041e-02   1.03201e-01   1.31514e-01   1.60995e-02   8.40412e-02
T12    1.73255e+00  -6.23832e-02   7.38177e-02   1.82574e-02   7.73233e-02  -1.47726e-01   2.30676e-02   9.21745e-02  -3.01862e-02  -2.80726e-02  -1.26342e-01  -1.05878e-01   1.20833e-01  -3.87819e-01  -1.59124e-01  -2.81337e-03  -2.48170e-03  -2.34175e-02  -1.03704e-01  -7.91380e-02  -1.00453e-01
T13    1.17415e+00  -4.36015e-02   6.43537e-02   3.12665e-02   9.89454e-02  -1.51061e-01   4.12230e-02   9.01216e-02  -4.70871e-03  -2.05341e-02  -1.83618e-01  -1.68705e-01   8.76767e-02  -1.59124e-01  -2.50268e-01   1.51252e-02  -1.56559e-02  -1.80306e-02  -1.77517e-01  -1.44516e-01  -1.37509e-01
T14   -5.94363e-01   1.66029e-02   7.33286e-03   4.85710e-02   5.65295e-02  -5.37730e-02   3.01936e-02   1.12610e-01  -1.35468e-02   1.02265e-02   5.58581e-02   3.61690e-02   1.50410e-01  -2.81337e-03   1.51252e-02  -8.11758e-02   4.39567e-02   3.93400e-02  -9.73539e-02  -6.02378e-02   2.26576e-02
T15   -6.49529e-01   2.38404e-02   4.28283e-02  -2.30280e-02   4.23859e-02  -6.68062e-02   2.36950e-02   1.00009e-01  -1.43891e-02  -2.08408e-02   5.41678e-03   2.08545e-02   8.04041e-02  -2.48170e-03  -1.56559e-02   4.39567e-02  -5.69521e-02  -1.59903e-02  -1.82581e-02  -1.46536e-02   1.08809e-02
T16   -4.00887e-01  -8.89310e-03   6.96469e-02  -2.42061e-03   4.49235e-02  -3.90037e-02   2.60731e-02   1.08893e-01  -1.22515e-02   2.94933e-03  -3.66000e-02  -9.34191e-04   1.03201e-01  -2.34175e-02  -1.80306e-02   3.93400e-02  -1.59903e-02  -6.73705e-02  -9.50147e-03  -1.63828e-02  -5.11633e-02
T17    1.98085e+00  -3.43183e-02  -6.25867e-04   1.04898e-02   1.65773e-02  -1.35221e-01  -2.99563e-02   3.34720e-02  -2.38320e-02  -8.31268e-02  -7.41117e-02  -1.05841e-01   1.31514e-01  -1.03704e-01  -1.77517e-01  -9.73539e-02  -1.82581e-02  -9.50147e-03  -3.35258e-01  -1.35679e-01  -6.94511e-02
T18    7.59707e-01   4.10251e-05   3.75787e-02  -2.78534e-02  -2.95456e-03  -7.78191e-02   7.82867e-03   8.14202e-03  -4.72839e-03  -4.06512e-02  -9.32178e-02  -5.88738e-02   1.60995e-02  -7.91380e-02  -1.44516e-01  -6.02378e-02  -1.46536e-02  -1.63828e-02  -1.35679e-01  -1.20257e-01  -5.70561e-02
T19    5.13971e-01  -9.85230e-02   6.22897e-02   8.64471e-02   1.09356e-01  -1.21354e-01   6.31853e-02   8.72036e-02  -1.45284e-02   3.94333e-02  -1.81386e-01  -1.58953e-01   8.40412e-02  -1.00453e-01  -1.37509e-01   2.26576e-02   1.08809e-02  -5.11633e-02  -6.94511e-02  -5.70561e-02  -2.12402e-01
