T0   -4.02016e-01  -6.64470e-02   1.54950e-02   3.43363e-02   1.23334e-02   1.66838e-03   1.25524e-02   2.80955e-02  -2.18964e-02   1.30842e-02  -1.13128e-02  -2.81355e-02   6.14126e-02  -1.62461e-02  -1.28267e-03   3.72869e-03   1.19737e-02  -3.73574e-03  -3.74334e-03   1.35694e-02  -2.95158e-02
T1   -1.07362e+00   1.54950e-02   3.57585e-02   7.37986e-02  -3.75511e-02   1.45263e-03   6.35361e-02  -3.18916e-02   1.96798e-02   3.23538e-02   2.34970e-02  -1.17167e-02   1.89709e-01  -1.37931e-02  -9.67162e-03   6.97501e-03   4.60925e-02   5.30476e-02  -2.45017e-02   5.01061e-03   6.63734e-03
T2   -7.68326e-01   3.43363e-02   7.37986e-02  -6.77966e-02   1.80963e-02   1.29341e-02   2.33188e-02   7.10158e-02  -5.79043e-03   2.70493e-02  -1.61404e-03   3.44780e-02   3.69209e-02  -2.70246e-03  -5.74658e-04   2.97839e-02  -1.29600e-02   2.93644e-04  -2.23828e-03  -2.54962e-02   3.09942e-02
T3   -1.35646e+00   1.23334e-02  -3.75511e-02   1.80963e-02   5.24938e-02   3.74339e-02   5.62580e-02   1.13455e-01  -9.60105e-04  -3.68564e-03   2.06867e-02   3.06054e-02  -3.00200e-03   1.28629e-02   2.07610e-02   2.57138e-02   2.99952e-02   2.36100e-02  -1.13447e-02  -6.36646e-04   2.74452e-02
T4    2.29364e+00   1.66838e-03   1.45263e-03   1.29341e-02   3.74339e-02  -3.93454e-01   5.89637e-04   4.32891e-02  -4.82334e-03  -5.10135e-02  -3.54106e-02  -3.28959e-02   1.81140e-02  -5.61141e-02  -4.85618e-02  -1.06203e-02  -3.06584e-02  -5.18286e-03  -4.98285e-02  -1.90682e-02  -3.47854e-02
T5   -8.72613e-01   1.25524e-02   6.35361e-02   2.33188e-02   5.62580e-02   5.89637e-04  -2.75234e-02   8.96779e-02   3.09224e-02   3.18735e-02   8.36199e-03  -1.19833e-02   1.10079e-01  -1.38621e-02  -7.12922e-03   1.96140e-02   2.00177e-02   2.45005e-02  -3.39143e-02  -5.79025e-03   2.09663e-02
T6   -1.80604e+00   2.80955e-02  -3.18916e-02   7.10158e-02   1.13455e-01   4.32891e-02   8.96779e-02   8.71370e-02   3.93031e-02   1.38776e-02  -1.37395e-03   3.30601e-03   2.39028e-03   5.77973e-03   1.78094e-03   5.25646e-02   6.51433e-02   6.29512e-02   9.37218e-04   4.17497e-04   1.91481e-02
T7   -5.81003e-01  -2.18964e-02   1.96798e-02  -5.79043e-03  -9.60105e-04  -4.82334e-03   3.09224e-02   3.93031e-02  -5.59951e-02  -1.28118e-02   7.75900e-03   1.98242e-02   5.80475e-02  -1.05738e-02   8.95045e-03  -9.89890e-03  -7.85671e-03  -1.06070e-02  -2.75226e-03   7.06770e-03  -8.36238e-03
T8    3.88279e-01   1.30842e-02   3.23538e-02   2.70493e-02  -3.68564e-03  -5.10135e-02   3.18735e-02   1.38776e-02  -1.28118e-02  -1.11758e-01   8.48492e-03  -8.75351e-04   1.13480e-01  -3.50753e-02  -2.81709e-02  -4.10155e-03   7.10279e-03   1.20658e-02  -4.73098e-02  -2.34645e-02   1.02963e-02
T9    9.53643e-01  -1.13128e-02   2.34970e-02  -1.61404e-03   2.06867e-02  -3.54106e-02   8.36199e-03  -1.37395e-03   7.75900e-03   8.48492e-03  -1.16156e-01  -5.69318e-02  -2.61675e-02  -3.44013e-02  -5.76860e-02   2.65977e-02  -6.65282e-03  -1.62836e-02   3.69101e-03  -2.78108e-02  -6.05929e-02
T10    2.48267e-01  -2.81355e-02  -1.17167e-02   3.44780e-02   3.06054e-02  -3.28959e-02  -1.19833e-02   3.30601e-03   1.98242e-02  -8.75351e-04  -5.69318e-02  -8.71236e-02   1.51604e-02  -1.87621e-02  -5.22040e-02   1.11767e-02  -2.40958e-03  -2.73543e-03  -2.35328e-02  -1.09598e-02  -5.14010e-02
T11   -1.83754e+00   6.14126e-02   1.89709e-01   3.69209e-02  -3.00200e-03   1.81140e-02   1.10079e-01   2.39028e-03   5.80475e-02   1.13480e-01  -2.61675e-02   1.51604e-02   5.19607e-02  -1.61789e-03  -1.01824e-02   7.51996e-02   6.17111e-02   6.52757e-02   2.78581e-02  -1.38082e-02   1.10614e-02
T12    1.90187e+00  -1.62461e-02  -1.37931e-02  -2.70246e-03   1.28629e-02  -5.61141e-02  -1.38621e-02   5.77973e-03  -1.05738e-02  -3.50753e-02  -3.44013e-02  -1.87621e-02  -1.61789e-03  -2.40426e-01  -3.89176e-02  -6.09982e-03  -5.97551e-03  -7.41984e-03  -2.11073e-02  -1.45134e-02  -1.80296e-02
T13    1.31121e+00  -1.28267e-03  -9.67162e-03  -5.74658e-04   2.07610e-02  -4.85618e-02  -7.12922e-03   1.78094e-03   8.95045e-03  -2.81709e-02  -5.76860e-02  -5.22040e-02  -1.01824e-02  -3.89176e-02  -9.93082e-02   2.86047e-03  -1.51283e-02  -1.39198e-02  -5.74994e-02  -5.69061e-02  -4.26665e-02
T14   -6.20116e-01   3.72869e-03   6.97501e-03   2.97839e-02   2.57138e-02  -1.06203e-02   1.96140e-02   5.25646e-02  -9.89890e-03  -4.10155e-03   2.65977e-02   1.11767e-02   7.51996e-02  -6.09982e-03   2.86047e-03  -5.23847e-02   2.73743e-02   1.65644e-02  -4.20207e-02  -1.81582e-02   8.05330e-03
T15   -6.73709e-01   1.19737e-02   4.60925e-02  -1.29600e-02   2.99952e-02  -3.06584e-02   2.00177e-02   6.51433e-02  -7.85671e-03   7.10279e-03  -6.65282e-03  -2.40958e-03   6.17111e-02  -5.97551e-03  -1.51283e-02   2.73743e-02  -3.77727e-02  -8.90539e-03  -1.24014e-02  -7.43333e-03   1.78307e-03
T16   -4.29369e-01  -3.73574e-03   5.30476e-02   2.93644e-04   2.36100e-02  -5.18286e-03   2.45005e-02   6.29512e-02  -1.06070e-02   1.20658e-02  -1.62836e-02  -2.73543e-03   6.52757e-02  -7.41984e-03  -1.39198e-02   1.65644e-02  -8.90539e-03  -3.85425e-02  -6.57513e-03  -8.71935e-03  -2.33826e-02
T17    2.03176e+00  -3.74334e-03  -2.45017e-02  -2.23828e-03  -1.13447e-02  -4.98285e-02  -3.39143e-02   9.37218e-04  -2.75226e-03  -4.73098e-02   3.69101e-03  -2.35328e-02   2.78581e-02  -2.11073e-02  -5.74994e-02  -4.20207e-02  -1.24014e-02  -6.57513e-03  -1.87980e-01  -6.14177e-02  -8.30917e-03
T18    8.02302e-01   1.35694e-02   5.01061e-03  -2.54962e-02  -6.36646e-04  -1.90682e-02  -5.79025e-03   4.17497e-04   7.06770e-03  -2.34645e-02  -2.78108e-02  -1.09598e-02  -1.38082e-02  -1.45134e-02  -5.69061e-02  -1.81582e-02  -7.43333e-03  -8.71935e-03  -6.14177e-02  -7.36134e-02  -8.29065e-03
T19    4.89834e-01  -2.95158e-02   6.63734e-03   3.09942e-02   2.74452e-02  -3.47854e-02   2.09663e-02   1.91481e-02  -8.36238e-03   1.02963e-02  -6.05929e-02  -5.14010e-02   1.10614e-02  -1.80296e-02  -4.26665e-02   8.05330e-03   1.78307e-03  -2.33826e-02  -8.30917e-03  -8.29065e-03  -8.70509e-02
