T0   -8.33054e-01  -1.71467e-01   2.55282e-01   2.31543e-01   3.10340e-01  -1.56842e-01   2.32676e-01   4.19425e-01  -3.53517e-02   1.30681e-01  -1.83944e-01  -1.58072e-01   4.69544e-01  -1.17223e-01  -1.54704e-01   7.88448e-02   9.35082e-02   3.00356e-02  -1.29995e-01  -3.78820e-02  -2.25996e-01
T1   -6.59060e-01   2.55282e-01   4.50079e-01   1.96280e-01  -4.69052e-01   1.03608e-01   1.72957e-01  -4.66361e-01   5.23172e-02   2.07568e-01   1.79330e-01   9.10808e-02   9.03379e-01   1.30525e-01   1.40591e-02   7.95557e-02   1.30407e-01   1.31380e-01  -2.07860e-01  -8.36606e-02   1.79987e-01
T2   -6.40504e-01   2.31543e-01   1.96280e-01  -1.89269e-01   4.89154e-02   5.73607e-03   1.03054e-01   2.40015e-01  -5.45807e-02   6.40339e-02   2.45029e-01   3.44664e-01   1.70782e-01   1.55479e-01   1.25575e-01   6.82119e-02  -2.19838e-02   5.19216e-03   1.54830e-02  -1.33406e-02   2.36034e-01
T3   -1.10642e+00   3.10340e-01  -4.69052e-01   4.89154e-02   4.42811e-01   1.95172e-01   2.58508e-01   7.05525e-01   5.86389e-02  -2.31858e-01   4.34546e-01   4.99700e-01  -3.30900e-01   3.16951e-01   3.19178e-01   2.27107e-01   5.85850e-02   1.30266e-01   4.73944e-02  -4.47756e-02   3.60241e-01
T4    2.14096e+00  -1.56842e-01   1.03608e-01   5.73607e-03   1.95172e-01  -1.47615e+00   8.03604e-02   2.96756e-01  -1.58373e-01  -1.87687e-01  -3.13397e-01  -2.91387e-01   2.22598e-01  -3.34066e-01  -4.23649e-01  -1.34214e-01  -9.87152e-02  -7.50875e-02  -4.02984e-01  -2.30139e-01  -3.29245e-01
T5   -6.51741e-01   2.32676e-01   1.72957e-01   1.03054e-01   2.58508e-01   8.03604e-02   1.13837e-01   3.74173e-01   8.55774e-02   1.41671e-01   1.79397e-01   1.93652e-01   3.56287e-01   1.01743e-01   7.07104e-02   1.00986e-01   9.70097e-02   7.93586e-02  -1.38176e-01  -1.25721e-02   1.90199e-01
T6   -1.37305e+00   4.19425e-01  -4.66361e-01   2.40015e-01   7.05525e-01   2.96756e-01   3.74173e-01   7.43885e-01   2.72040e-01  -1.16469e-01   3.37319e-01   4.04326e-01  -3.02803e-01   3.01076e-01   2.38640e-01   3.35059e-01   2.00702e-01   2.35435e-01  -1.41846e-02  -4.17910e-02   3.20511e-01
T7   -7.89061e-01  -3.53517e-02   5.23172e-02  -5.45807e-02   5.86389e-02  -1.58373e-01   8.55774e-02   2.72040e-01  -1.52066e-01  -1.71789e-02   8.13729e-02   1.67925e-01   1.83221e-01  -8.40029e-03  -5.21597e-03  -2.51548e-02  -5.08547e-02  -1.75172e-02  -5.45860e-02  -2.88538e-02   1.34915e-02
T8    3.98556e-01   1.30681e-01   2.07568e-01   6.40339e-02  -2.31858e-01  -1.87687e-01   1.41671e-01  -1.16469e-01  -1.71789e-02  -3.73994e-01   9.33967e-02   8.15965e-02   4.88979e-01  -6.05768e-02  -9.50459e-02   2.45557e-02  -4.15382e-02  -2.51651e-03  -2.81060e-01  -2.17192e-01   8.77393e-02
T9    5.70951e-01  -1.83944e-01   1.79330e-01   2.45029e-01   4.34546e-01  -3.13397e-01   1.79397e-01   3.37319e-01   8.13729e-02   9.33967e-02  -6.37220e-01  -5.24976e-01   2.44754e-01  -3.86275e-01  -5.40745e-01   1.06895e-01   8.75373e-02  -5.59040e-02  -3.86705e-01  -3.61995e-01  -4.69453e-01
T10   -9.86087e-02  -1.58072e-01   9.10808e-02   3.44664e-01   4.99700e-01  -2.91387e-01   1.93652e-01   4.04326e-01   1.67925e-01   8.15965e-02  -5.24976e-01  -5.79636e-01   3.37343e-01  -3.53348e-01  -5.34505e-01   9.37008e-02   1.71434e-01   3.82202e-02  -4.74102e-01  -3.15205e-01  -4.30991e-01
T11   -1.27496e+00   4.69544e-01   9.03379e-01   1.70782e-01  -3.30900e-01   2.22598e-01   3.56287e-01  -3.02803e-01   1.83221e-01   4.88979e-01   2.44754e-01   3.37343e-01   8.42618e-01   3.05857e-01   2.22018e-01   4.15972e-01   2.09267e-01   2.21769e-01   1.05127e-01  -3.46022e-02   2.80970e-01
T12    1.48037e+00  -1.17223e-01   1.30525e-01   1.55479e-01   3.16951e-01  -3.34066e-01   1.01743e-01   3.01076e-01  -8.40029e-03  -6.05768e-02  -3.86275e-01  -3.53348e-01   3.05857e-01  -7.11431e-01  -5.31167e-01  -5.45950e-03   6.96590e-02  -8.11942e-03  -5.03044e-01  -3.30818e-01  -2.95602e-01
T13    1.19915e+00  -1.54704e-01   1.40591e-02   1.25575e-01   3.19178e-01  -4.23649e-01   7.07104e-02   2.38640e-01  -5.21597e-03  -9.50459e-02  -5.40745e-01  -5.34505e-01   2.22018e-01  -5.31167e-01  -7.21167e-01  -6.75393e-02   9.36934e-03  -4.70432e-02  -6.23202e-01  -4.97474e-01  -4.19698e-01
T14   -5.03835e-01   7.88448e-02   7.95557e-02   6.82119e-02   2.27107e-01  -1.34214e-01   1.00986e-01   3.35059e-01  -2.51548e-02   2.45557e-02   1.06895e-01   9.37008e-02   4.15972e-01  -5.45950e-03  -6.75393e-02  -4.02315e-02   8.92598e-02   6.56605e-02  -3.82895e-01  -2.56993e-01   6.07420e-02
T15   -7.47335e-01   9.35082e-02   1.30407e-01  -2.19838e-02   5.85850e-02  -9.87152e-02   9.70097e-02   2.00702e-01  -5.08547e-02  -4.15382e-02   8.75373e-02   1.71434e-01   2.09267e-01   6.96590e-02   9.36934e-03   8.92598e-02  -9.16936e-02  -2.65181e-02  -3.02842e-02   4.33191e-03   4.46009e-02
T16   -5.13032e-01   3.00356e-02   1.31380e-01   5.19216e-03   1.30266e-01  -7.50875e-02   7.93586e-02   2.35435e-01  -1.75172e-02  -2.51651e-03  -5.59040e-02   3.82202e-02   2.21769e-01  -8.11942e-03  -4.70432e-02   6.56605e-02  -2.65181e-02  -1.13058e-01  -5.05604e-02  -1.88745e-02  -1.04427e-01
T17    2.31212e+00  -1.29995e-01  -2.07860e-01   1.54830e-02   4.73944e-02  -4.02984e-01  -1.38176e-01  -1.41846e-02  -5.45860e-02  -2.81060e-01  -3.86705e-01  -4.74102e-01   1.05127e-01  -5.03044e-01  -6.23202e-01  -3.82895e-01  -3.02842e-02  -5.05604e-02  -7.85883e-01  -4.62545e-01  -3.22883e-01
T18    9.16311e-01  -3.78820e-02  -8.36606e-02  -1.33406e-02  -4.47756e-02  -2.30139e-01  -1.25721e-02  -4.17910e-02  -2.88538e-02  -2.17192e-01  -3.61995e-01  -3.15205e-01  -3.46022e-02  -3.30818e-01  -4.97474e-01  -2.56993e-01   4.33191e-03  -1.88745e-02  -4.62545e-01  -3.47026e-01  -2.43477e-01
T19    1.72237e-01  -2.25996e-01   1.79987e-01   2.36034e-01   3.60241e-01  -3.29245e-01   1.90199e-01   3.20511e-01   1.34915e-02   8.77393e-02  -4.69453e-01  -4.30991e-01   2.80970e-01  -2.95602e-01  -4.19698e-01   6.07420e-02   4.46009e-02  -1.04427e-01  -3.22883e-01  -2.43477e-01  -5.11420e-01
