T0   -6.63435e-01  -1.66827e-01   1.46729e-01   1.40849e-01   1.48656e-01  -1.17562e-01   1.33350e-01   2.52359e-01  -6.03867e-02   7.19563e-02  -1.18236e-01  -1.13349e-01   3.28717e-01  -9.09554e-02  -9.63408e-02   4.15325e-02   3.78649e-02   1.60265e-03  -5.50853e-02  -2.31127e-02  -1.60459e-01
T1   -7.83488e-01   1.46729e-01   2.92123e-01   1.17674e-01  -3.48159e-01   5.59700e-02   1.25376e-01  -3.32679e-01  -7.71400e-04   1.21095e-01   2.06020e-01   1.38030e-01   6.05391e-01   1.34952e-01   8.91181e-02   9.97023e-03   5.58231e-02   8.78218e-02  -5.52246e-02   3.32695e-03   1.51187e-01
T2   -5.98685e-01   1.40849e-01   1.17674e-01  -1.87846e-01   1.10480e-03  -4.35026e-03   4.03381e-02   1.50893e-01  -4.79442e-02   2.39372e-02   1.54579e-01   2.53929e-01   6.16505e-02   8.38337e-02   9.33673e-02   4.01065e-02  -4.95423e-02  -2.23699e-02   1.80355e-02  -1.25004e-02   1.54580e-01
T3   -1.09037e+00   1.48656e-01  -3.48159e-01   1.10480e-03   2.30931e-01   9.05759e-02   1.29243e-01   3.95427e-01   2.05050e-02  -1.56611e-01   2.67441e-01   3.30979e-01  -2.48855e-01   1.99872e-01   2.33419e-01   1.03499e-01   2.16209e-02   5.25173e-02   4.90709e-02  -5.09986e-03   2.03169e-01
T4    2.40251e+00  -1.17562e-01   5.59700e-02  -4.35026e-03   9.05759e-02  -1.09013e+00   2.38213e-02   1.60020e-01  -1.19220e-01  -1.27943e-01  -2.05661e-01  -1.95008e-01   1.24237e-01  -2.52473e-01  -2.79093e-01  -9.35780e-02  -1.14143e-01  -7.69350e-02  -2.55883e-01  -1.52480e-01  -2.21687e-01
T5   -6.80932e-01   1.33350e-01   1.25376e-01   4.03381e-02   1.29243e-01   2.38213e-02   3.34711e-02   2.43693e-01   3.95910e-02   6.44461e-02   1.60295e-01   1.59304e-01   2.37941e-01   6.92272e-02   9.52136e-02   3.46987e-02   2.72426e-02   2.69238e-02  -4.85692e-02   1.25312e-02   1.23221e-01
T6   -1.45212e+00   2.52359e-01  -3.32679e-01   1.50893e-01   3.95427e-01   1.60020e-01   2.43693e-01   3.94113e-01   1.60316e-01  -8.28603e-02   2.27687e-01   2.92056e-01  -2.25557e-01   2.14821e-01   2.08716e-01   1.74120e-01   1.25326e-01   1.35624e-01   4.48901e-02   9.03818e-05   1.85650e-01
T7   -5.94692e-01  -6.03867e-02  -7.71400e-04  -4.79442e-02   2.05050e-02  -1.19220e-01   3.95910e-02   1.60316e-01  -1.43447e-01  -4.54513e-02   4.38679e-02   6.47182e-02   9.68373e-02  -5.29782e-02  -2.13946e-02  -3.13363e-02  -4.33409e-02  -2.28379e-02  -4.10728e-02  -2.65144e-02   5.13094e-04
T8    4.44964e-01   7.19563e-02   1.21095e-01   2.39372e-02  -1.56611e-01  -1.27943e-01   6.44461e-02  -8.28603e-02  -4.54513e-02  -3.52005e-01   8.76465e-02   8.55788e-02   2.96156e-01  -2.95599e-02  -2.69659e-02  -5.15689e-03  -4.95591e-02  -2.81422e-03  -1.43718e-01  -1.07798e-01   5.98144e-02
T9    5.30035e-01  -1.18236e-01   2.06020e-01   1.54579e-01   2.67441e-01  -2.05661e-01   1.60295e-01   2.27687e-01   4.38679e-02   8.76465e-02  -4.39706e-01  -3.26547e-01   2.01895e-01  -2.30702e-01  -3.29294e-01   1.07982e-01   4.44030e-02  -3.76628e-02  -1.94094e-01  -2.00074e-01  -3.15146e-01
T10   -2.14582e-01  -1.13349e-01   1.38030e-01   2.53929e-01   3.30979e-01  -1.95008e-01   1.59304e-01   2.92056e-01   6.47182e-02   8.55788e-02  -3.26547e-01  -3.72621e-01   2.89517e-01  -2.02535e-01  -3.15608e-01   7.56733e-02   1.03806e-01   4.98102e-02  -2.46683e-01  -1.60448e-01  -2.78223e-01
T11   -1.39379e+00   3.28717e-01   6.05391e-01   6.16505e-02  -2.48855e-01   1.24237e-01   2.37941e-01  -2.25557e-01   9.68373e-02   2.96156e-01   2.01895e-01   2.89517e-01   4.13728e-01   2.52760e-01   1.98288e-01   2.36583e-01   1.06224e-01   1.38162e-01   1.67873e-01   1.13344e-03   1.92639e-01
T12    1.49201e+00  -9.09554e-02   1.34952e-01   8.38337e-02   1.99872e-01  -2.52473e-01   6.92272e-02   2.14821e-01  -5.29782e-02  -2.95599e-02  -2.30702e-01  -2.02535e-01   2.52760e-01  -5.38844e-01  -3.16215e-01  -3.91377e-03   2.73582e-02  -7.38255e-03  -2.72310e-01  -1.72174e-01  -1.84333e-01
T13    1.02788e+00  -9.63408e-02   8.91181e-02   9.33673e-02   2.33419e-01  -2.79093e-01   9.52136e-02   2.08716e-01  -2.13946e-02  -2.69659e-02  -3.29294e-01  -3.15608e-01   1.98288e-01  -3.16215e-01  -4.43407e-01  -8.44067e-03   1.05454e-04  -1.61147e-02  -3.53456e-01  -2.80319e-01  -2.55673e-01
T14   -4.67852e-01   4.15325e-02   9.97023e-03   4.01065e-02   1.03499e-01  -9.35780e-02   3.46987e-02   1.74120e-01  -3.13363e-02  -5.15689e-03   1.07982e-01   7.56733e-02   2.36583e-01  -3.91377e-03  -8.44067e-03  -8.87205e-02   5.97023e-02   5.17998e-02  -2.16681e-01  -1.48964e-01   5.21688e-02
T15   -6.25904e-01   3.78649e-02   5.58231e-02  -4.95423e-02   2.16209e-02  -1.14143e-01   2.72426e-02   1.25326e-01  -4.33409e-02  -4.95591e-02   4.44030e-02   1.03806e-01   1.06224e-01   2.73582e-02   1.05454e-04   5.97023e-02  -9.35365e-02  -3.88154e-02  -6.09686e-03  -6.86776e-03   2.58217e-02
T16   -4.36034e-01   1.60265e-03   8.78218e-02  -2.23699e-02   5.25173e-02  -7.69350e-02   2.69238e-02   1.35624e-01  -2.28379e-02  -2.81422e-03  -3.76628e-02   4.98102e-02   1.38162e-01  -7.38255e-03  -1.61147e-02   5.17998e-02  -3.88154e-02  -9.44168e-02  -6.77748e-03  -2.31258e-02  -6.81362e-02
T17    2.03210e+00  -5.50853e-02  -5.52246e-02   1.80355e-02   4.90709e-02  -2.55883e-01  -4.85692e-02   4.48901e-02  -4.10728e-02  -1.43718e-01  -1.94094e-01  -2.46683e-01   1.67873e-01  -2.72310e-01  -3.53456e-01  -2.16681e-01  -6.09686e-03  -6.77748e-03  -5.36562e-01  -2.56973e-01  -1.66899e-01
T18    8.21221e-01  -2.31127e-02   3.32695e-03  -1.25004e-02  -5.09986e-03  -1.52480e-01   1.25312e-02   9.03818e-05  -2.65144e-02  -1.07798e-01  -2.00074e-01  -1.60448e-01   1.13344e-03  -1.72174e-01  -2.80319e-01  -1.48964e-01  -6.86776e-03  -2.31258e-02  -2.56973e-01  -1.99350e-01  -1.35923e-01
T19    2.51158e-01  -1.60459e-01   1.51187e-01   1.54580e-01   2.03169e-01  -2.21687e-01   1.23221e-01   1.85650e-01   5.13094e-04   5.98144e-02  -3.15146e-01  -2.78223e-01   1.92639e-01  -1.84333e-01  -2.55673e-01   5.21688e-02   2.58217e-02  -6.81362e-02  -1.66899e-01  -1.35923e-01  -3.48579e-01
