T0   -4.41422e-01  -7.61013e-02   1.91641e-02   4.92304e-02   2.50977e-02  -4.38272e-03   2.08744e-02   4.32373e-02  -2.58732e-02   1.76989e-02  -2.16446e-02  -3.95164e-02   8.15211e-02  -2.54223e-02  -1.16270e-02   8.13778e-03   1.84771e-02  -2.95315e-04  -1.36774e-02   1.04638e-02  -4.11054e-02
T1   -1.05589e+00   1.91641e-02   5.01834e-02   7.95819e-02  -6.34260e-02   1.83774e-03   6.63304e-02  -5.39673e-02   2.30787e-02   3.75181e-02   3.94219e-02  -2.04610e-03   2.27306e-01  -3.11686e-03   2.50991e-03   5.65357e-03   4.83188e-02   6.06690e-02  -1.41216e-02   1.17346e-02   1.62134e-02
T2   -7.88858e-01   4.92304e-02   7.95819e-02  -8.05907e-02   2.10077e-02   1.41802e-02   2.66854e-02   8.22003e-02  -5.62770e-03   2.83353e-02   6.77071e-03   4.82443e-02   3.91577e-02  -3.81636e-03   3.16257e-03   3.54546e-02  -1.19072e-02   2.47682e-05  -2.97739e-03  -2.90141e-02   4.24811e-02
T3   -1.37131e+00   2.50977e-02  -6.34260e-02   2.10077e-02   7.17227e-02   5.24651e-02   6.74388e-02   1.41896e-01  -1.74047e-03  -1.45894e-02   3.53453e-02   4.61289e-02  -1.65191e-02   2.42337e-02   3.28207e-02   3.29002e-02   3.51931e-02   2.73897e-02  -8.67541e-03  -1.81807e-03   4.09714e-02
T4    2.36100e+00  -4.38272e-03   1.83774e-03   1.41802e-02   5.24651e-02  -4.61751e-01   3.89975e-04   5.59548e-02  -1.10569e-02  -5.70899e-02  -4.81087e-02  -4.77893e-02   2.17060e-02  -7.66411e-02  -7.01467e-02  -1.25938e-02  -3.38644e-02  -6.25189e-03  -6.74997e-02  -3.27726e-02  -5.14617e-02
T5   -8.77477e-01   2.08744e-02   6.63304e-02   2.66854e-02   6.74388e-02   3.89975e-04  -2.23689e-02   1.06192e-01   3.93814e-02   3.52133e-02   1.90534e-02  -5.21044e-03   1.24106e-01  -1.16241e-02  -5.33823e-03   2.08673e-02   2.36431e-02   3.01466e-02  -3.60417e-02  -7.03082e-03   3.05163e-02
T6   -1.80322e+00   4.32373e-02  -5.39673e-02   8.22003e-02   1.41896e-01   5.59548e-02   1.06192e-01   1.09782e-01   5.18776e-02   1.16608e-02   1.22421e-02   1.68487e-02  -1.10858e-02   1.40418e-02   1.11605e-02   6.66287e-02   7.58680e-02   7.57627e-02   2.77773e-03  -6.55561e-04   3.07381e-02
T7   -6.28707e-01  -2.58732e-02   2.30787e-02  -5.62770e-03  -1.74047e-03  -1.10569e-02   3.93814e-02   5.18776e-02  -6.71853e-02  -1.47918e-02   1.22789e-02   2.26802e-02   7.14687e-02  -1.40601e-02   1.17494e-02  -1.30825e-02  -1.14284e-02  -1.13320e-02  -1.75184e-03   9.81150e-03  -5.65978e-03
T8    3.75959e-01   1.76989e-02   3.75181e-02   2.83353e-02  -1.45894e-02  -5.70899e-02   3.52133e-02   1.16608e-02  -1.47918e-02  -1.40195e-01   1.68557e-02   6.12295e-03   1.28520e-01  -3.52132e-02  -3.00428e-02  -2.69756e-03   2.23437e-03   1.19391e-02  -5.72833e-02  -2.78540e-02   1.81097e-02
T9    9.57898e-01  -2.16446e-02   3.94219e-02   6.77071e-03   3.53453e-02  -4.81087e-02   1.90534e-02   1.22421e-02   1.22789e-02   1.68557e-02  -1.49407e-01  -8.25917e-02  -1.63917e-02  -5.06336e-02  -8.39757e-02   3.60805e-02  -5.13780e-03  -1.96550e-02  -1.07410e-02  -4.33821e-02  -8.58886e-02
T10    2.55413e-01  -3.95164e-02  -2.04610e-03   4.82443e-02   4.61289e-02  -4.77893e-02  -5.21044e-03   1.68487e-02   2.26802e-02   6.12295e-03  -8.25917e-02  -1.15328e-01   3.11784e-02  -3.48163e-02  -7.67170e-02   1.82380e-02   3.11237e-03  -3.12033e-03  -4.09142e-02  -2.14130e-02  -7.26616e-02
T11   -1.81857e+00   8.15211e-02   2.27306e-01   3.91577e-02  -1.65191e-02   2.17060e-02   1.24106e-01  -1.10858e-02   7.14687e-02   1.28520e-01  -1.63917e-02   3.11784e-02   6.65902e-02   1.18373e-02   2.19368e-04   9.06130e-02   7.23681e-02   8.08500e-02   4.67445e-02  -1.12698e-02   2.41664e-02
T12    1.89705e+00  -2.54223e-02  -3.11686e-03  -3.81636e-03   2.42337e-02  -7.66411e-02  -1.16241e-02   1.40418e-02  -1.40601e-02  -3.52132e-02  -5.06336e-02  -3.48163e-02   1.18373e-02  -2.76460e-01  -6.31259e-02   2.33471e-03  -5.37201e-03  -8.64788e-03  -3.51891e-02  -3.03637e-02  -3.30545e-02
T13    1.34546e+00  -1.16270e-02   2.50991e-03   3.16257e-03   3.28207e-02  -7.01467e-02  -5.33823e-03   1.11605e-02   1.17494e-02  -3.00428e-02  -8.39757e-02  -7.67170e-02   2.19368e-04  -6.31259e-02  -1.28448e-01   9.90907e-03  -1.53783e-02  -1.80583e-02  -8.14372e-02  -7.49448e-02  -6.29611e-02
T14   -6.48842e-01   8.13778e-03   5.65357e-03   3.54546e-02   3.29002e-02  -1.25938e-02   2.08673e-02   6.66287e-02  -1.30825e-02  -2.69756e-03   3.60805e-02   1.82380e-02   9.06130e-02   2.33471e-03   9.90907e-03  -6.15731e-02   2.91857e-02   2.28563e-02  -5.36433e-02  -2.58782e-02   1.23261e-02
T15   -7.11242e-01   1.84771e-02   4.83188e-02  -1.19072e-02   3.51931e-02  -3.38644e-02   2.36431e-02   7.58680e-02  -1.14284e-02   2.23437e-03  -5.13780e-03   3.11237e-03   7.23681e-02  -5.37201e-03  -1.53783e-02   2.91857e-02  -4.24324e-02  -7.32118e-03  -1.36333e-02  -9.20382e-03   6.53040e-03
T16   -4.69737e-01  -2.95315e-04   6.06690e-02   2.47682e-05   2.73897e-02  -6.25189e-03   3.01466e-02   7.57627e-02  -1.13320e-02   1.19391e-02  -1.96550e-02  -3.12033e-03   8.08500e-02  -8.64788e-03  -1.80583e-02   2.28563e-02  -7.32118e-03  -3.97508e-02  -1.03710e-02  -1.17125e-02  -2.69414e-02
T17    2.08508e+00  -1.36774e-02  -1.41216e-02  -2.97739e-03  -8.67541e-03  -6.74997e-02  -3.60417e-02   2.77773e-03  -1.75184e-03  -5.72833e-02  -1.07410e-02  -4.09142e-02   4.67445e-02  -3.51891e-02  -8.14372e-02  -5.36433e-02  -1.36333e-02  -1.03710e-02  -2.18075e-01  -7.55544e-02  -2.44442e-02
T18    8.42983e-01   1.04638e-02   1.17346e-02  -2.90141e-02  -1.81807e-03  -3.27726e-02  -7.03082e-03  -6.55561e-04   9.81150e-03  -2.78540e-02  -4.33821e-02  -2.14130e-02  -1.12698e-02  -3.03637e-02  -7.49448e-02  -2.58782e-02  -9.20382e-03  -1.17125e-02  -7.55544e-02  -8.26578e-02  -1.71169e-02
T19    4.94436e-01  -4.11054e-02   1.62134e-02   4.24811e-02   4.09714e-02  -5.14617e-02   3.05163e-02   3.07381e-02  -5.65978e-03   1.81097e-02  -8.58886e-02  -7.26616e-02   2.41664e-02  -3.30545e-02  -6.29611e-02   1.23261e-02   6.53040e-03  -2.69414e-02  -2.44442e-02  -1.71169e-02  -1.11218e-01
