T0   -4.07431e-01  -4.62996e-02   3.75057e-03   1.81198e-02   2.28172e-03   1.04465e-02   1.51840e-03   1.05667e-02  -1.43449e-02   4.99758e-03   3.44867e-03  -1.06319e-02   3.01889e-02  -2.98077e-03   6.97499e-03   2.38303e-03   7.15975e-03  -2.10528e-03   3.65703e-03   1.23276e-02  -1.15747e-02
T1   -9.81974e-01   3.75057e-03   2.36089e-02   5.27794e-02  -1.54533e-02  -8.30390e-03   4.56043e-02  -1.01814e-02   9.54413e-03   2.63873e-02   5.08023e-03  -1.65475e-02   1.31469e-01  -1.70793e-02  -9.55663e-03   5.34651e-03   2.79714e-02   3.08413e-02  -1.84072e-02   5.10886e-03  -4.72900e-03
T2   -6.25590e-01   1.81198e-02   5.27794e-02  -5.11306e-02   1.52347e-02   7.80218e-03   1.00280e-02   4.71185e-02  -8.61979e-04   2.42139e-02  -1.14750e-02   1.76957e-02   2.34943e-02  -8.47178e-03  -5.32091e-03   2.56929e-02  -5.36730e-03  -1.17220e-03  -7.09402e-03  -2.27152e-02   1.34198e-02
T3   -1.21492e+00   2.28172e-03  -1.54533e-02   1.52347e-02   3.21339e-02   2.12491e-02   3.79582e-02   7.45402e-02   4.39848e-03   7.15173e-03   1.80198e-03   1.05224e-02   4.80774e-03  -6.70695e-04   2.08836e-03   2.24106e-02   2.53123e-02   1.44382e-02  -1.90967e-02  -1.14817e-02   4.70946e-03
T4    2.11810e+00   1.04465e-02  -8.30390e-03   7.80218e-03   2.12491e-02  -2.88669e-01  -2.84397e-03   2.06723e-02  -7.66587e-04  -4.35792e-02  -1.08599e-02  -1.14015e-02   4.48936e-03  -2.60458e-02  -2.05552e-02  -6.91439e-03  -2.14124e-02   1.24679e-03  -2.13093e-02  -4.90876e-03  -1.16175e-02
T5   -7.57303e-01   1.51840e-03   4.56043e-02   1.00280e-02   3.79582e-02  -2.84397e-03  -3.33795e-02   6.26359e-02   2.17421e-02   2.01772e-02  -1.38047e-03  -1.40923e-02   7.64837e-02  -1.06549e-02  -6.99802e-03   1.76408e-02   1.17569e-02   1.38628e-02  -2.63849e-02  -6.83157e-03   7.77634e-03
T6   -1.67297e+00   1.05667e-02  -1.01814e-02   4.71185e-02   7.45402e-02   2.06723e-02   6.26359e-02   5.10855e-02   2.49005e-02   1.59449e-02  -1.33259e-02  -6.94937e-03   8.86373e-03  -4.99152e-03  -8.63279e-03   3.65593e-02   4.49473e-02   3.58360e-02  -6.70514e-03  -5.30214e-03   9.58419e-04
T7   -4.97963e-01  -1.43449e-02   9.54413e-03  -8.61979e-04   4.39848e-03  -7.66587e-04   2.17421e-02   2.49005e-02  -3.60875e-02  -1.84374e-04   2.82691e-04   1.20889e-02   3.62839e-02  -7.87814e-03   2.04333e-03  -3.94976e-03   1.31005e-03  -5.08863e-03  -9.32646e-03   1.00691e-03  -1.08278e-02
T8    4.98845e-01   4.99758e-03   2.63873e-02   2.42139e-02   7.15173e-03  -4.35792e-02   2.01772e-02   1.59449e-02  -1.84374e-04  -7.20704e-02  -5.72207e-03  -1.02918e-02   7.70390e-02  -2.75748e-02  -2.27624e-02  -4.45112e-03   1.02885e-02   8.23438e-03  -3.53266e-02  -1.75917e-02  -1.83616e-03
T9    7.54507e-01   3.44867e-03   5.08023e-03  -1.14750e-02   1.80198e-03  -1.08599e-02  -1.38047e-03  -1.33259e-02   2.82691e-04  -5.72207e-03  -6.17652e-02  -2.00341e-02  -3.09461e-02  -6.54672e-03  -1.86733e-02   1.16326e-02  -9.06683e-03  -8.55471e-03   2.08048e-02  -6.08588e-03  -2.16523e-02
T10    5.39892e-02  -1.06319e-02  -1.65475e-02   1.76957e-02   1.05224e-02  -1.14015e-02  -1.40923e-02  -6.94937e-03   1.20889e-02  -1.02918e-02  -2.00341e-02  -4.66656e-02   9.33329e-04  -2.68039e-04  -1.92479e-02   2.24692e-03  -5.94199e-03   1.13464e-03  -1.11901e-03   3.19024e-03  -1.74511e-02
T11   -1.70425e+00   3.01889e-02   1.31469e-01   2.34943e-02   4.80774e-03   4.48936e-03   7.64837e-02   8.86373e-03   3.62839e-02   7.70390e-02  -3.09461e-02   9.33329e-04   2.20778e-02  -1.67563e-02  -1.53259e-02   5.18545e-02   3.84964e-02   3.89146e-02   1.55870e-02  -1.14822e-02  -3.91430e-03
T12    1.80552e+00  -2.98077e-03  -1.70793e-02  -8.47178e-03  -6.70695e-04  -2.60458e-02  -1.06549e-02  -4.99152e-03  -7.87814e-03  -2.75748e-02  -6.54672e-03  -2.68039e-04  -1.67563e-02  -1.82567e-01  -8.23726e-03  -9.00669e-03  -3.58989e-03  -1.96819e-03   8.59062e-04   3.53697e-03   1.62591e-03
T13    1.11970e+00   6.97499e-03  -9.55663e-03  -5.32091e-03   2.08836e-03  -2.05552e-02  -6.99802e-03  -8.63279e-03   2.04333e-03  -2.27624e-02  -1.86733e-02  -1.92479e-02  -1.53259e-02  -8.23726e-03  -5.43173e-02  -5.99010e-03  -1.66043e-02  -6.53162e-03  -2.26418e-02  -2.54742e-02  -1.28514e-02
T14   -5.55678e-01   2.38303e-03   5.34651e-03   2.56929e-02   2.24106e-02  -6.91439e-03   1.76408e-02   3.65593e-02  -3.94976e-03  -4.45112e-03   1.16326e-02   2.24692e-03   5.18545e-02  -9.00669e-03  -5.99010e-03  -3.28663e-02   2.33992e-02   8.66085e-03  -3.44564e-02  -1.48665e-02  -1.84824e-03
T15   -5.65458e-01   7.15975e-03   2.79714e-02  -5.36730e-03   2.53123e-02  -2.14124e-02   1.17569e-02   4.49473e-02   1.31005e-03   1.02885e-02  -9.06683e-03  -5.94199e-03   3.84964e-02  -3.58989e-03  -1.66043e-02   2.33992e-02  -3.03058e-02  -7.29653e-03  -1.19602e-02  -9.81141e-03  -4.64227e-03
T16   -3.48923e-01  -2.10528e-03   3.08413e-02  -1.17220e-03   1.44382e-02   1.24679e-03   1.38628e-02   3.58360e-02  -5.08863e-03   8.23438e-03  -8.55471e-03   1.13464e-03   3.89146e-02  -1.96819e-03  -6.53162e-03   8.66085e-03  -7.29653e-03  -3.48598e-02  -6.13545e-03  -7.35470e-03  -1.39777e-02
T17    1.90100e+00   3.65703e-03  -1.84072e-02  -7.09402e-03  -1.90967e-02  -2.13093e-02  -2.63849e-02  -6.70514e-03  -9.32646e-03  -3.53266e-02   2.08048e-02  -1.11901e-03   1.55870e-02   8.59062e-04  -2.26418e-02  -3.44564e-02  -1.19602e-02  -6.13545e-03  -1.24532e-01  -2.95998e-02   1.14699e-02
T18    7.43457e-01   1.23276e-02   5.10886e-03  -2.27152e-02  -1.14817e-02  -4.90876e-03  -6.83157e-03  -5.30214e-03   1.00691e-03  -1.75917e-02  -6.08588e-03   3.19024e-03  -1.14822e-02   3.53697e-03  -2.54742e-02  -1.48665e-02  -9.81141e-03  -7.35470e-03  -2.95998e-02  -4.72359e-02   6.40151e-03
T19    3.37336e-01  -1.15747e-02  -4.72900e-03   1.34198e-02   4.70946e-03  -1.16175e-02   7.77634e-03   9.58419e-04  -1.08278e-02  -1.83616e-03  -2.16523e-02  -1.74511e-02  -3.91430e-03   1.62591e-03  -1.28514e-02  -1.84824e-03  -4.64227e-03  -1.39777e-02   1.14699e-02   6.40151e-03  -4.42622e-02
