T0   -3.99583e-01  -5.00842e-02   5.35200e-03   2.00970e-02   3.32742e-03   9.59075e-03   3.35389e-03   1.25804e-02  -1.56599e-02   5.80488e-03   1.46419e-03  -1.28406e-02   3.49207e-02  -3.85559e-03   6.03583e-03   2.67499e-03   7.25886e-03  -3.10588e-03   2.65858e-03   1.26922e-02  -1.40724e-02
T1   -1.01524e+00   5.35200e-03   2.55531e-02   5.69455e-02  -1.75561e-02  -8.74371e-03   5.08776e-02  -1.11506e-02   1.05206e-02   2.91518e-02   7.07550e-03  -1.66415e-02   1.42937e-01  -1.93283e-02  -1.00738e-02   5.04660e-03   3.13290e-02   3.54099e-02  -1.96212e-02   5.65018e-03  -3.57900e-03
T2   -6.62333e-01   2.00970e-02   5.69455e-02  -5.39150e-02   1.64014e-02   8.71184e-03   1.31769e-02   5.16337e-02  -2.24523e-03   2.41897e-02  -1.03856e-02   2.02108e-02   2.59476e-02  -9.01801e-03  -3.98071e-03   2.63361e-02  -6.56307e-03  -4.37565e-04  -6.08558e-03  -2.33849e-02   1.60881e-02
T3   -1.25022e+00   3.32742e-03  -1.75561e-02   1.64014e-02   3.50425e-02   2.38309e-02   4.22303e-02   8.08005e-02   4.03504e-03   6.57105e-03   4.14128e-03   1.35671e-02   4.36618e-03   4.09628e-04   4.32618e-03   2.21132e-02   2.63977e-02   1.57130e-02  -1.65337e-02  -1.04699e-02   7.57088e-03
T4    2.15648e+00   9.59075e-03  -8.74371e-03   8.71184e-03   2.38309e-02  -3.06224e-01  -3.26731e-03   2.49490e-02  -9.28577e-04  -4.48148e-02  -1.45895e-02  -1.46476e-02   7.28085e-03  -3.08577e-02  -2.43802e-02  -6.61147e-03  -2.33154e-02  -1.52857e-04  -2.68579e-02  -6.99693e-03  -1.54679e-02
T5   -7.90415e-01   3.35389e-03   5.08776e-02   1.31769e-02   4.22303e-02  -3.26731e-03  -3.40147e-02   6.73496e-02   2.25232e-02   2.23047e-02   3.15947e-04  -1.42158e-02   8.36666e-02  -1.12251e-02  -7.21870e-03   1.82189e-02   1.35640e-02   1.45377e-02  -2.91816e-02  -6.36701e-03   8.76903e-03
T6   -1.71178e+00   1.25804e-02  -1.11506e-02   5.16337e-02   8.08005e-02   2.49490e-02   6.73496e-02   5.71595e-02   2.67268e-02   1.65615e-02  -1.23058e-02  -6.35634e-03   9.43074e-03  -2.87539e-03  -7.12906e-03   3.86377e-02   4.85520e-02   4.06357e-02  -6.50859e-03  -4.43220e-03   3.74048e-03
T7   -5.10473e-01  -1.56599e-02   1.05206e-02  -2.24523e-03   4.03504e-03  -9.28577e-04   2.25232e-02   2.67268e-02  -3.89204e-02  -2.61486e-03   1.78513e-03   1.36070e-02   3.89528e-02  -8.66858e-03   3.45204e-03  -5.73425e-03  -7.98393e-04  -5.93626e-03  -8.36515e-03   2.16717e-03  -1.00304e-02
T8    4.69720e-01   5.80488e-03   2.91518e-02   2.41897e-02   6.57105e-03  -4.48148e-02   2.23047e-02   1.65615e-02  -2.61486e-03  -8.03642e-02  -4.05310e-03  -9.47241e-03   8.43383e-02  -2.95615e-02  -2.30595e-02  -5.02132e-03   9.72459e-03   9.68981e-03  -3.66627e-02  -1.80335e-02   1.76676e-04
T9    8.09341e-01   1.46419e-03   7.07550e-03  -1.03856e-02   4.14128e-03  -1.45895e-02   3.15947e-04  -1.23058e-02   1.78513e-03  -4.05310e-03  -7.02900e-02  -2.56812e-02  -3.22681e-02  -1.09841e-02  -2.50878e-02   1.49546e-02  -8.43355e-03  -1.04262e-02   1.77865e-02  -9.36710e-03  -2.78328e-02
T10    1.03947e-01  -1.28406e-02  -1.66415e-02   2.02108e-02   1.35671e-02  -1.46476e-02  -1.42158e-02  -6.35634e-03   1.36070e-02  -9.47241e-03  -2.56812e-02  -5.32500e-02   2.20924e-03  -2.93230e-03  -2.42395e-02   4.16184e-03  -4.99234e-03   7.19924e-04  -4.18286e-03   5.58864e-04  -2.33271e-02
T11   -1.74591e+00   3.49207e-02   1.42937e-01   2.59476e-02   4.36618e-03   7.28085e-03   8.36666e-02   9.43074e-03   3.89528e-02   8.43383e-02  -3.22681e-02   2.20924e-03   2.70138e-02  -1.51781e-02  -1.47588e-02   5.50536e-02   4.34451e-02   4.32567e-02   1.61035e-02  -1.00361e-02  -2.01194e-03
T12    1.83518e+00  -3.85559e-03  -1.93283e-02  -9.01801e-03   4.09628e-04  -3.08577e-02  -1.12251e-02  -2.87539e-03  -8.66858e-03  -2.95615e-02  -1.09841e-02  -2.93230e-03  -1.51781e-02  -1.91791e-01  -1.21217e-02  -9.12804e-03  -4.49800e-03  -2.17970e-03  -1.74077e-03   1.46172e-03  -1.33452e-03
T13    1.16662e+00   6.03583e-03  -1.00738e-02  -3.98071e-03   4.32618e-03  -2.43802e-02  -7.21870e-03  -7.12906e-03   3.45204e-03  -2.30595e-02  -2.50878e-02  -2.42395e-02  -1.47588e-02  -1.21217e-02  -6.15075e-02  -4.46077e-03  -1.68823e-02  -8.21537e-03  -2.80626e-02  -3.05726e-02  -1.78712e-02
T14   -5.72933e-01   2.67499e-03   5.04660e-03   2.63361e-02   2.21132e-02  -6.61147e-03   1.82189e-02   3.86377e-02  -5.73425e-03  -5.02132e-03   1.49546e-02   4.16184e-03   5.50536e-02  -9.12804e-03  -4.46077e-03  -3.60376e-02   2.44667e-02   1.01939e-02  -3.65972e-02  -1.49919e-02   3.08872e-04
T15   -5.90274e-01   7.25886e-03   3.13290e-02  -6.56307e-03   2.63977e-02  -2.33154e-02   1.35640e-02   4.85520e-02  -7.98393e-04   9.72459e-03  -8.43355e-03  -4.99234e-03   4.34451e-02  -4.49800e-03  -1.68823e-02   2.44667e-02  -3.25219e-02  -7.44609e-03  -1.09748e-02  -1.05119e-02  -3.27966e-03
T16   -3.63486e-01  -3.10588e-03   3.54099e-02  -4.37565e-04   1.57130e-02  -1.52857e-04   1.45377e-02   4.06357e-02  -5.93626e-03   9.68981e-03  -1.04262e-02   7.19924e-04   4.32567e-02  -2.17970e-03  -8.21537e-03   1.01939e-02  -7.44609e-03  -3.60096e-02  -6.55280e-03  -7.30248e-03  -1.57547e-02
T17    1.93619e+00   2.65858e-03  -1.96212e-02  -6.08558e-03  -1.65337e-02  -2.68579e-02  -2.91816e-02  -6.50859e-03  -8.36515e-03  -3.66627e-02   1.77865e-02  -4.18286e-03   1.61035e-02  -1.74077e-03  -2.80626e-02  -3.65972e-02  -1.09748e-02  -6.55280e-03  -1.35793e-01  -3.48299e-02   8.64651e-03
T18    7.54822e-01   1.26922e-02   5.65018e-03  -2.33849e-02  -1.04699e-02  -6.99693e-03  -6.36701e-03  -4.43220e-03   2.16717e-03  -1.80335e-02  -9.36710e-03   5.58864e-04  -1.00361e-02   1.46172e-03  -3.05726e-02  -1.49919e-02  -1.05119e-02  -7.30248e-03  -3.48299e-02  -5.17192e-02   4.14750e-03
T19    3.80328e-01  -1.40724e-02  -3.57900e-03   1.60881e-02   7.57088e-03  -1.54679e-02   8.76903e-03   3.74048e-03  -1.00304e-02   1.76676e-04  -2.78328e-02  -2.33271e-02  -2.01194e-03  -1.33452e-03  -1.78712e-02   3.08872e-04  -3.27966e-03  -1.57547e-02   8.64651e-03   4.14750e-03  -5.14461e-02
