T0   -8.48414e-01  -1.67600e-01   2.66292e-01   2.43280e-01   3.24724e-01  -1.58913e-01   2.44859e-01   4.39292e-01  -2.86921e-02   1.42874e-01  -1.89612e-01  -1.63539e-01   4.86447e-01  -1.22890e-01  -1.65560e-01   8.70287e-02   9.92090e-02   3.22221e-02  -1.38607e-01  -4.28850e-02  -2.30416e-01
T1   -6.56451e-01   2.66292e-01   4.62930e-01   2.04827e-01  -4.74623e-01   1.07112e-01   1.79071e-01  -4.72394e-01   5.76070e-02   2.18733e-01   1.75589e-01   8.27215e-02   9.37835e-01   1.26284e-01   3.57079e-03   9.31848e-02   1.38815e-01   1.36799e-01  -2.19961e-01  -9.24609e-02   1.80876e-01
T2   -6.46856e-01   2.43280e-01   2.04827e-01  -1.84646e-01   5.27015e-02   1.76568e-02   1.16380e-01   2.47648e-01  -5.04259e-02   7.27189e-02   2.49546e-01   3.48720e-01   1.85121e-01   1.53786e-01   1.21310e-01   7.45313e-02  -1.79991e-02   7.35300e-03   4.76816e-03  -1.18605e-02   2.44205e-01
T3   -1.11089e+00   3.24724e-01  -4.74623e-01   5.27015e-02   4.64066e-01   2.08567e-01   2.71254e-01   7.33029e-01   6.65358e-02  -2.36742e-01   4.48742e-01   5.11142e-01  -3.33589e-01   3.24898e-01   3.24235e-01   2.38707e-01   6.59744e-02   1.37263e-01   5.00783e-02  -4.66351e-02   3.79065e-01
T4    2.11406e+00  -1.58913e-01   1.07112e-01   1.76568e-02   2.08567e-01  -1.50834e+00   9.30745e-02   3.14180e-01  -1.57712e-01  -1.90935e-01  -3.18482e-01  -2.99784e-01   2.28087e-01  -3.42789e-01  -4.36469e-01  -1.34480e-01  -9.94779e-02  -7.17887e-02  -4.20674e-01  -2.39834e-01  -3.36926e-01
T5   -6.51508e-01   2.44859e-01   1.79071e-01   1.16380e-01   2.71254e-01   9.30745e-02   1.20895e-01   3.86355e-01   9.35400e-02   1.51303e-01   1.75413e-01   1.90211e-01   3.75340e-01   9.89589e-02   6.04016e-02   1.12614e-01   1.08169e-01   8.42286e-02  -1.50710e-01  -2.03842e-02   1.93717e-01
T6   -1.36901e+00   4.39292e-01  -4.72394e-01   2.47648e-01   7.33029e-01   3.14180e-01   3.86355e-01   7.67808e-01   2.89381e-01  -1.18980e-01   3.41829e-01   4.04907e-01  -3.03011e-01   3.03016e-01   2.33974e-01   3.52534e-01   2.10603e-01   2.48287e-01  -2.05373e-02  -4.82764e-02   3.30573e-01
T7   -8.07727e-01  -2.86921e-02   5.76070e-02  -5.04259e-02   6.65358e-02  -1.57712e-01   9.35400e-02   2.89381e-01  -1.53385e-01  -9.11769e-03   8.29325e-02   1.75111e-01   1.94254e-01  -3.98573e-03  -4.98301e-03  -1.82751e-02  -4.88753e-02  -1.40547e-02  -5.82036e-02  -2.94346e-02   1.39018e-02
T8    3.94823e-01   1.42874e-01   2.18733e-01   7.27189e-02  -2.36742e-01  -1.90935e-01   1.51303e-01  -1.18980e-01  -9.11769e-03  -3.78071e-01   8.94119e-02   7.51535e-02   5.05114e-01  -6.73464e-02  -1.08210e-01   3.60531e-02  -4.50838e-02  -2.17961e-03  -2.99928e-01  -2.31364e-01   9.09855e-02
T9    5.81013e-01  -1.89612e-01   1.75589e-01   2.49546e-01   4.48742e-01  -3.18482e-01   1.75413e-01   3.41829e-01   8.29325e-02   8.94119e-02  -6.56520e-01  -5.46026e-01   2.43195e-01  -4.04305e-01  -5.62401e-01   1.04823e-01   9.41130e-02  -5.70710e-02  -4.03626e-01  -3.76173e-01  -4.83581e-01
T10   -7.32936e-02  -1.63539e-01   8.27215e-02   3.48720e-01   5.11142e-01  -2.99784e-01   1.90211e-01   4.04907e-01   1.75111e-01   7.51535e-02  -5.46026e-01  -6.02319e-01   3.33196e-01  -3.71151e-01  -5.56464e-01   8.71352e-02   1.75398e-01   3.61404e-02  -4.93633e-01  -3.33053e-01  -4.47307e-01
T11   -1.27153e+00   4.86447e-01   9.37835e-01   1.85121e-01  -3.33589e-01   2.28087e-01   3.75340e-01  -3.03011e-01   1.94254e-01   5.05114e-01   2.43195e-01   3.33196e-01   9.00418e-01   3.07957e-01   2.13090e-01   4.45534e-01   2.21858e-01   2.28842e-01   9.30225e-02  -3.99513e-02   2.84467e-01
T12    1.49332e+00  -1.22890e-01   1.26284e-01   1.53786e-01   3.24898e-01  -3.42789e-01   9.89589e-02   3.03016e-01  -3.98573e-03  -6.73464e-02  -4.04305e-01  -3.71151e-01   3.07957e-01  -7.27892e-01  -5.52705e-01  -7.68123e-03   7.34291e-02  -6.02829e-03  -5.22312e-01  -3.46714e-01  -3.09254e-01
T13    1.22935e+00  -1.65560e-01   3.57079e-03   1.21310e-01   3.24235e-01  -4.36469e-01   6.04016e-02   2.33974e-01  -4.98301e-03  -1.08210e-01  -5.62401e-01  -5.56464e-01   2.13090e-01  -5.52705e-01  -7.47537e-01  -8.15409e-02   7.27947e-03  -5.35585e-02  -6.41659e-01  -5.19866e-01  -4.38563e-01
T14   -5.13222e-01   8.70287e-02   9.31848e-02   7.45313e-02   2.38707e-01  -1.34480e-01   1.12614e-01   3.52534e-01  -1.82751e-02   3.60531e-02   1.04823e-01   8.71352e-02   4.45534e-01  -7.68123e-03  -8.15409e-02  -3.26517e-02   9.67724e-02   6.91414e-02  -3.98280e-01  -2.67840e-01   6.20085e-02
T15   -7.62143e-01   9.92090e-02   1.38815e-01  -1.79991e-02   6.59744e-02  -9.94779e-02   1.08169e-01   2.10603e-01  -4.88753e-02  -4.50838e-02   9.41130e-02   1.75398e-01   2.21858e-01   7.34291e-02   7.27947e-03   9.67724e-02  -8.65902e-02  -1.93578e-02  -3.59577e-02   4.74469e-03   4.99489e-02
T16   -5.22976e-01   3.22221e-02   1.36799e-01   7.35300e-03   1.37263e-01  -7.17887e-02   8.42286e-02   2.48287e-01  -1.40547e-02  -2.17961e-03  -5.70710e-02   3.61404e-02   2.28842e-01  -6.02829e-03  -5.35585e-02   6.91414e-02  -1.93578e-02  -1.15449e-01  -5.21960e-02  -2.19353e-02  -1.03414e-01
T17    2.32735e+00  -1.38607e-01  -2.19961e-01   4.76816e-03   5.00783e-02  -4.20674e-01  -1.50710e-01  -2.05373e-02  -5.82036e-02  -2.99928e-01  -4.03626e-01  -4.93633e-01   9.30225e-02  -5.22312e-01  -6.41659e-01  -3.98280e-01  -3.59577e-02  -5.21960e-02  -7.98008e-01  -4.81872e-01  -3.38474e-01
T18    9.29369e-01  -4.28850e-02  -9.24609e-02  -1.18605e-02  -4.66351e-02  -2.39834e-01  -2.03842e-02  -4.82764e-02  -2.94346e-02  -2.31364e-01  -3.76173e-01  -3.33053e-01  -3.99513e-02  -3.46714e-01  -5.19866e-01  -2.67840e-01   4.74469e-03  -2.19353e-02  -4.81872e-01  -3.62845e-01  -2.53178e-01
T19    1.64737e-01  -2.30416e-01   1.80876e-01   2.44205e-01   3.79065e-01  -3.36926e-01   1.93717e-01   3.30573e-01   1.39018e-02   9.09855e-02  -4.83581e-01  -4.47307e-01   2.84467e-01  -3.09254e-01  -4.38563e-01   6.20085e-02   4.99489e-02  -1.03414e-01  -3.38474e-01  -2.53178e-01  -5.21596e-01
