T0   -2.22055e-01  -8.67698e-01   2.25677e-01   1.13881e-01   3.39718e-01  -9.58281e-01   3.41955e-02   3.47526e-01  -2.48731e-01  -1.49246e-01  -9.04284e-01  -9.31791e-01   5.68249e-01  -8.52020e-01  -7.01411e-01  -2.59089e-01  -1.81448e-01  -3.36758e-01  -4.34965e-01  -5.73187e-01  -1.01597e+00
T1   -3.06651e-01   2.25677e-01   5.01114e-01   3.11199e-01  -6.60694e-01  -7.16523e-02   2.12164e-01  -6.07047e-01   2.76585e-01   8.42720e-02   3.24630e-01   2.54188e-01   1.46465e+00   1.43054e-01  -5.15702e-02   3.89391e-01   2.54587e-01   3.23194e-01  -6.68485e-01  -3.44837e-01   2.42433e-01
T2   -2.04499e-01   1.13881e-01   3.11199e-01  -4.25865e-01  -2.00255e-02  -1.05475e-01   9.89259e-02   3.38771e-01  -9.03780e-02   2.23570e-01   4.65205e-01   5.40776e-01   3.86191e-01   1.34665e-01   4.04612e-01   2.78564e-01  -2.18385e-01  -8.98837e-02   1.34882e-01   1.94734e-01   4.44893e-01
T3   -6.21878e-01   3.39718e-01  -6.60694e-01  -2.00255e-02   9.80704e-01   2.53804e-01   5.57379e-01   1.47563e+00   8.09403e-02  -4.16083e-01   8.93852e-01   8.91205e-01  -3.46521e-01   6.49898e-01   1.08060e+00   6.03868e-01  -2.02801e-01  -2.81489e-02   1.21400e+00   8.13262e-01   7.26384e-01
T4    2.11665e+00  -9.58281e-01  -7.16523e-02  -1.05475e-01   2.53804e-01  -3.42338e+00  -1.57773e-01   2.33114e-01  -5.68678e-01  -6.78282e-01  -8.70087e-01  -8.31010e-01   2.24759e-01  -1.07010e+00  -8.16476e-01  -5.33710e-01  -4.21077e-01  -3.56242e-01  -8.74731e-01  -4.94165e-01  -9.85491e-01
T5   -1.28553e-01   3.41955e-02   2.12164e-01   9.89259e-02   5.57379e-01  -1.57773e-01   2.59352e-01   7.82879e-01   1.74268e-01   2.36001e-01   2.65634e-01   3.58652e-01   5.13393e-01   6.47451e-02   2.42697e-01   2.25197e-01  -4.08336e-02  -1.14853e-02  -3.23671e-02   1.37077e-01   1.69211e-01
T6   -7.75977e-01   3.47526e-01  -6.07047e-01   3.38771e-01   1.47563e+00   2.33114e-01   7.82879e-01   1.61712e+00   4.14382e-01   7.75257e-03   5.40319e-01   7.45745e-01  -3.07623e-01   5.44947e-01   7.92469e-01   5.45920e-01  -2.11077e-02   1.44443e-01   8.48956e-01   6.33896e-01   4.21906e-01
T7   -5.50452e-01  -2.48731e-01   2.76585e-01  -9.03780e-02   8.09403e-02  -5.68678e-01   1.74268e-01   4.14382e-01  -3.45765e-01   1.83033e-02   4.98510e-02   8.20155e-02   5.58006e-01  -3.19267e-01  -1.86785e-01   1.78339e-02  -1.47925e-01  -1.18095e-01  -2.56604e-01  -2.57933e-01  -1.36422e-01
T8    6.14068e-01  -1.49246e-01   8.42720e-02   2.23570e-01  -4.16083e-01  -6.78282e-01   2.36001e-01   7.75257e-03   1.83033e-02  -4.72404e-01   5.49290e-02   3.23012e-02   5.64590e-01  -1.96535e-01  -1.76871e-01  -1.01520e-01  -4.10464e-01  -1.21168e-01  -4.68372e-01  -3.53184e-01   2.64755e-03
T9   -1.39334e-01  -9.04284e-01   3.24630e-01   4.65205e-01   8.93852e-01  -8.70087e-01   2.65634e-01   5.40319e-01   4.98510e-02   5.49290e-02  -8.48104e-01  -3.44723e-01   9.53660e-01  -5.72598e-01  -6.13680e-01   4.23838e-01   7.83440e-02   1.32453e-01  -4.38061e-01  -4.90878e-01  -8.04347e-01
T10   -7.81430e-01  -9.31791e-01   2.54188e-01   5.40776e-01   8.91205e-01  -8.31010e-01   3.58652e-01   7.45745e-01   8.20155e-02   3.23012e-02  -3.44723e-01  -9.96134e-03   1.24296e+00  -2.99844e-01  -5.62166e-01   4.58309e-01   1.14709e-01   3.59429e-01  -5.81646e-01  -4.33429e-01  -5.09006e-01
T11   -6.76922e-01   5.68249e-01   1.46465e+00   3.86191e-01  -3.46521e-01   2.24759e-01   5.13393e-01  -3.07623e-01   5.58006e-01   5.64590e-01   9.53660e-01   1.24296e+00   2.06627e+00   6.38833e-01   3.18353e-01   1.26011e+00   3.51631e-01   5.19250e-01  -2.70775e-01  -2.55763e-01   7.87383e-01
T12    1.15913e+00  -8.52020e-01   1.43054e-01   1.34665e-01   6.49898e-01  -1.07010e+00   6.47451e-02   5.44947e-01  -3.19267e-01  -1.96535e-01  -5.72598e-01  -2.99844e-01   6.38833e-01  -1.19326e+00  -7.13272e-01  -1.76185e-01  -9.01276e-02   1.46686e-02  -7.34476e-01  -5.77356e-01  -6.51631e-01
T13    1.66356e-01  -7.01411e-01  -5.15702e-02   4.04612e-01   1.08060e+00  -8.16476e-01   2.42697e-01   7.92469e-01  -1.86785e-01  -1.76871e-01  -6.13680e-01  -5.62166e-01   3.18353e-01  -7.13272e-01  -5.00766e-01  -3.33617e-01   1.73228e-01   4.42830e-01  -2.99757e-01  -2.00284e-01  -6.02600e-01
T14   -2.51555e-01  -2.59089e-01   3.89391e-01   2.78564e-01   6.03868e-01  -5.33710e-01   2.25197e-01   5.45920e-01   1.78339e-02  -1.01520e-01   4.23838e-01   4.58309e-01   1.26011e+00  -1.76185e-01  -3.33617e-01   2.05177e-01   7.23195e-02   2.92567e-01  -8.95129e-01  -6.54600e-01   1.79699e-01
T15   -3.51333e-01  -1.81448e-01   2.54587e-01  -2.18385e-01  -2.02801e-01  -4.21077e-01  -4.08336e-02  -2.11077e-02  -1.47925e-01  -4.10464e-01   7.83440e-02   1.14709e-01   3.51631e-01  -9.01276e-02   1.73228e-01   7.23195e-02  -3.32093e-01  -2.27583e-01   5.84287e-02   5.48520e-02  -1.06309e-01
T16   -3.52740e-01  -3.36758e-01   3.23194e-01  -8.98837e-02  -2.81489e-02  -3.56242e-01  -1.14853e-02   1.44443e-01  -1.18095e-01  -1.21168e-01   1.32453e-01   3.59429e-01   5.19250e-01   1.46686e-02   4.42830e-01   2.92567e-01  -2.27583e-01  -2.92316e-01   4.68677e-01   3.09197e-01  -7.43685e-02
T17    1.23196e+00  -4.34965e-01  -6.68485e-01   1.34882e-01   1.21400e+00  -8.74731e-01  -3.23671e-02   8.48956e-01  -2.56604e-01  -4.68372e-01  -4.38061e-01  -5.81646e-01  -2.70775e-01  -7.34476e-01  -2.99757e-01  -8.95129e-01   5.84287e-02   4.68677e-01   1.66889e-01  -3.57028e-02  -3.68027e-01
T18    3.00180e-01  -5.73187e-01  -3.44837e-01   1.94734e-01   8.13262e-01  -4.94165e-01   1.37077e-01   6.33896e-01  -2.57933e-01  -3.53184e-01  -4.90878e-01  -4.33429e-01  -2.55763e-01  -5.77356e-01  -2.00284e-01  -6.54600e-01   5.48520e-02   3.09197e-01  -3.57028e-02  -9.90728e-02  -4.46888e-01
T19   -2.24956e-01  -1.01597e+00   2.42433e-01   4.44893e-01   7.26384e-01  -9.85491e-01   1.69211e-01   4.21906e-01  -1.36422e-01   2.64755e-03  -8.04347e-01  -5.09006e-01   7.87383e-01  -6.51631e-01  -6.02600e-01   1.79699e-01  -1.06309e-01  -7.43685e-02  -3.68027e-01  -4.46888e-01  -9.74741e-01
