T0   -2.26944e-01  -9.81775e-01   1.80567e-01   5.84295e-02   2.98465e-01  -1.05050e+00  -1.04351e-02   3.07052e-01  -3.34438e-01  -2.05553e-01  -9.32426e-01  -9.37141e-01   5.46714e-01  -8.91580e-01  -7.16685e-01  -3.17300e-01  -2.65452e-01  -3.69972e-01  -4.80109e-01  -6.05717e-01  -1.06166e+00
T1   -2.67927e-01   1.80567e-01   4.54998e-01   2.63839e-01  -7.37288e-01  -1.11623e-01   1.84403e-01  -6.49631e-01   2.52347e-01   2.55884e-02   3.51759e-01   2.84509e-01   1.47560e+00   1.46274e-01  -1.05070e-01   3.58279e-01   2.00335e-01   2.97547e-01  -7.49264e-01  -3.86050e-01   2.50198e-01
T2   -1.68393e-01   5.84295e-02   2.63839e-01  -4.54451e-01  -5.45837e-02  -1.22385e-01   9.30848e-02   3.54407e-01  -1.43262e-01   2.23259e-01   4.85810e-01   5.68424e-01   3.72451e-01   1.26369e-01   3.90226e-01   2.88301e-01  -2.86475e-01  -1.31242e-01   8.55098e-02   1.92095e-01   4.62219e-01
T3   -5.74739e-01   2.98465e-01  -7.37288e-01  -5.45837e-02   9.54292e-01   2.43430e-01   5.66815e-01   1.47008e+00   9.75211e-03  -3.72292e-01   9.34020e-01   9.46198e-01  -3.63707e-01   6.41337e-01   1.14081e+00   6.11125e-01  -2.85519e-01  -8.14017e-02   1.30567e+00   1.00123e+00   7.62525e-01
T4    2.06308e+00  -1.05050e+00  -1.11623e-01  -1.22385e-01   2.43430e-01  -3.60868e+00  -1.85296e-01   2.30576e-01  -6.34049e-01  -6.90367e-01  -8.56705e-01  -7.86047e-01   2.39742e-01  -1.10387e+00  -8.41298e-01  -5.17760e-01  -4.61503e-01  -3.89290e-01  -9.45139e-01  -5.03488e-01  -9.86444e-01
T5   -1.00697e-01  -1.04351e-02   1.84403e-01   9.30848e-02   5.66815e-01  -1.85296e-01   3.05687e-01   8.11858e-01   1.40354e-01   2.49879e-01   3.03917e-01   4.31646e-01   5.16429e-01   7.81415e-02   2.45433e-01   2.49351e-01  -9.12929e-02  -2.44921e-02  -9.47135e-02   1.27169e-01   2.06245e-01
T6   -7.32961e-01   3.07052e-01  -6.49631e-01   3.54407e-01   1.47008e+00   2.30576e-01   8.11858e-01   1.63072e+00   3.62705e-01   1.06042e-01   5.73716e-01   8.05406e-01  -3.16638e-01   5.49157e-01   8.25538e-01   5.54474e-01  -9.55949e-02   1.10316e-01   8.48072e-01   7.10800e-01   4.50958e-01
T7   -5.18362e-01  -3.34438e-01   2.52347e-01  -1.43262e-01   9.75211e-03  -6.34049e-01   1.40354e-01   3.62705e-01  -4.08327e-01  -3.77981e-02   6.17137e-02   1.10525e-01   5.48857e-01  -3.50307e-01  -2.26393e-01  -2.34709e-02  -2.27402e-01  -1.46021e-01  -3.29702e-01  -3.07429e-01  -1.18545e-01
T8    6.19710e-01  -2.05553e-01   2.55884e-02   2.23259e-01  -3.72292e-01  -6.90367e-01   2.49879e-01   1.06042e-01  -3.77981e-02  -4.98079e-01   3.24292e-02   2.92431e-02   5.22148e-01  -1.92119e-01  -1.37065e-01  -1.22120e-01  -4.72863e-01  -1.32503e-01  -5.13308e-01  -3.89389e-01  -1.05513e-02
T9   -2.02821e-01  -9.32426e-01   3.51759e-01   4.85810e-01   9.34020e-01  -8.56705e-01   3.03917e-01   5.73716e-01   6.17137e-02   3.24292e-02  -7.62314e-01  -1.57523e-01   1.07385e+00  -4.94129e-01  -6.17259e-01   5.01295e-01   7.40726e-02   1.75884e-01  -4.55737e-01  -5.10609e-01  -7.41043e-01
T10   -8.44061e-01  -9.37141e-01   2.84509e-01   5.68424e-01   9.46198e-01  -7.86047e-01   4.31646e-01   8.05406e-01   1.10525e-01   2.92431e-02  -1.57523e-01   2.79471e-01   1.45046e+00  -1.51558e-01  -5.59955e-01   6.39726e-01   1.19419e-01   4.41667e-01  -6.25832e-01  -4.37076e-01  -3.71390e-01
T11   -6.32412e-01   5.46714e-01   1.47560e+00   3.72451e-01  -3.63707e-01   2.39742e-01   5.16429e-01  -3.16638e-01   5.48857e-01   5.22148e-01   1.07385e+00   1.45046e+00   2.17842e+00   7.31734e-01   3.00273e-01   1.35168e+00   3.10410e-01   5.18373e-01  -3.44993e-01  -2.92706e-01   8.80855e-01
T12    1.10192e+00  -8.91580e-01   1.46274e-01   1.26369e-01   6.41337e-01  -1.10387e+00   7.81415e-02   5.49157e-01  -3.50307e-01  -1.92119e-01  -4.94129e-01  -1.51558e-01   7.31734e-01  -1.15598e+00  -7.20872e-01  -9.96284e-02  -1.30125e-01   4.80750e-02  -7.51677e-01  -5.89213e-01  -5.90382e-01
T13    1.41789e-01  -7.16685e-01  -1.05070e-01   3.90226e-01   1.14081e+00  -8.41298e-01   2.45433e-01   8.25538e-01  -2.26393e-01  -1.37065e-01  -6.17259e-01  -5.59955e-01   3.00273e-01  -7.20872e-01  -4.00640e-01  -3.70429e-01   2.06754e-01   4.99064e-01  -2.32243e-01  -9.78828e-02  -6.18317e-01
T14   -2.34974e-01  -3.17300e-01   3.58279e-01   2.88301e-01   6.11125e-01  -5.17760e-01   2.49351e-01   5.54474e-01  -2.34709e-02  -1.22120e-01   5.01295e-01   6.39726e-01   1.35168e+00  -9.96284e-02  -3.70429e-01   2.56520e-01   3.17127e-02   3.00185e-01  -9.68880e-01  -7.03585e-01   2.45031e-01
T15   -3.13046e-01  -2.65452e-01   2.00335e-01  -2.86475e-01  -2.85519e-01  -4.61503e-01  -9.12929e-02  -9.55949e-02  -2.27402e-01  -4.72863e-01   7.40726e-02   1.19419e-01   3.10410e-01  -1.30125e-01   2.06754e-01   3.17127e-02  -4.16875e-01  -2.82185e-01   5.13341e-02   9.21680e-02  -1.27405e-01
T16   -3.36732e-01  -3.69972e-01   2.97547e-01  -1.31242e-01  -8.14017e-02  -3.89290e-01  -2.44921e-02   1.10316e-01  -1.46021e-01  -1.32503e-01   1.75884e-01   4.41667e-01   5.18373e-01   4.80750e-02   4.99064e-01   3.00185e-01  -2.82185e-01  -3.20030e-01   4.77326e-01   3.27503e-01  -4.17406e-02
T17    1.23885e+00  -4.80109e-01  -7.49264e-01   8.55098e-02   1.30567e+00  -9.45139e-01  -9.47135e-02   8.48072e-01  -3.29702e-01  -5.13308e-01  -4.55737e-01  -6.25832e-01  -3.44993e-01  -7.51677e-01  -2.32243e-01  -9.68880e-01   5.13341e-02   4.77326e-01   3.83145e-01   8.03267e-02  -4.14408e-01
T18    2.81723e-01  -6.05717e-01  -3.86050e-01   1.92095e-01   1.00123e+00  -5.03488e-01   1.27169e-01   7.10800e-01  -3.07429e-01  -3.89389e-01  -5.10609e-01  -4.37076e-01  -2.92706e-01  -5.89213e-01  -9.78828e-02  -7.03585e-01   9.21680e-02   3.27503e-01   8.03267e-02   3.07068e-02  -4.68175e-01
T19   -2.93013e-01  -1.06166e+00   2.50198e-01   4.62219e-01   7.62525e-01  -9.86444e-01   2.06245e-01   4.50958e-01  -1.18545e-01  -1.05513e-02  -7.41043e-01  -3.71390e-01   8.80855e-01  -5.90382e-01  -6.18317e-01   2.45031e-01  -1.27405e-01  -4.17406e-02  -4.14408e-01  -4.68175e-01  -9.31590e-01
