T0   -4.33835e-01  -9.14524e-02   1.94157e-02   6.51176e-02   4.31197e-02  -1.20112e-02   2.56305e-02   6.02620e-02  -2.24951e-02   2.06578e-02  -3.79798e-02  -5.67995e-02   9.77714e-02  -3.85022e-02  -2.90111e-02   1.61180e-02   2.66188e-02   2.57539e-03  -2.45113e-02   1.03627e-03  -5.76602e-02
T1   -1.07350e+00   1.94157e-02   7.84071e-02   8.49140e-02  -9.71157e-02   3.61831e-03   7.72880e-02  -8.37834e-02   2.11121e-02   4.39687e-02   6.34476e-02   2.40158e-02   2.80631e-01   1.93982e-02   2.58259e-02   4.33535e-03   4.36881e-02   6.56902e-02  -7.12377e-03   2.53072e-02   3.18645e-02
T2   -7.89735e-01   6.51176e-02   8.49140e-02  -9.44721e-02   2.22194e-02   1.21270e-02   3.25822e-02   9.35923e-02  -6.49766e-03   2.64345e-02   1.90057e-02   6.62246e-02   4.20838e-02  -1.65294e-03   1.19048e-02   3.81240e-02  -1.43732e-02   3.62149e-03   9.68403e-04  -2.83859e-02   5.60881e-02
T3   -1.36747e+00   4.31197e-02  -9.71157e-02   2.22194e-02   9.56274e-02   5.52336e-02   8.00209e-02   1.70237e-01  -5.22293e-04  -3.38140e-02   5.69221e-02   6.85964e-02  -4.28481e-02   3.76581e-02   5.22888e-02   4.15960e-02   4.00895e-02   3.72406e-02   1.38709e-03   1.67370e-03   6.08545e-02
T4    2.45649e+00  -1.20112e-02   3.61831e-03   1.21270e-02   5.52336e-02  -5.45247e-01  -1.53496e-04   6.36590e-02  -1.89797e-02  -6.70425e-02  -6.82349e-02  -6.85512e-02   2.95332e-02  -9.99974e-02  -1.01100e-01  -2.53650e-02  -4.31749e-02  -1.08649e-02  -8.72734e-02  -5.12836e-02  -7.12266e-02
T5   -8.75303e-01   2.56305e-02   7.72880e-02   3.25822e-02   8.00209e-02  -1.53496e-04  -1.48789e-02   1.26951e-01   4.48119e-02   4.23172e-02   3.28941e-02   6.11174e-03   1.44902e-01  -4.87686e-03   1.25549e-02   2.63721e-02   2.42331e-02   2.91953e-02  -3.62118e-02  -2.26247e-03   3.92986e-02
T6   -1.79124e+00   6.02620e-02  -8.37834e-02   9.35923e-02   1.70237e-01   6.36590e-02   1.26951e-01   1.40056e-01   6.62187e-02   6.02413e-03   3.09220e-02   3.71414e-02  -2.77601e-02   2.69030e-02   3.53896e-02   8.52486e-02   8.72530e-02   8.85780e-02   2.07310e-02   8.39138e-03   4.88154e-02
T7   -6.71000e-01  -2.24951e-02   2.11121e-02  -6.49766e-03  -5.22293e-04  -1.89797e-02   4.48119e-02   6.62187e-02  -7.64189e-02  -2.29921e-02   1.83293e-02   2.74247e-02   7.96398e-02  -1.81852e-02   7.08588e-03  -1.39934e-02  -9.74116e-03  -1.05232e-02  -8.83630e-03   5.79102e-03  -4.62089e-03
T8    3.58930e-01   2.06578e-02   4.39687e-02   2.64345e-02  -3.38140e-02  -6.70425e-02   4.23172e-02   6.02413e-03  -2.29921e-02  -1.66659e-01   2.89328e-02   1.82594e-02   1.53145e-01  -3.30824e-02  -2.55959e-02   2.96275e-03  -8.29814e-03   9.34360e-03  -6.36480e-02  -2.70205e-02   2.40922e-02
T9    9.70512e-01  -3.79798e-02   6.34476e-02   1.90057e-02   5.69221e-02  -6.82349e-02   3.28941e-02   3.09220e-02   1.83293e-02   2.89328e-02  -1.94210e-01  -1.18814e-01   2.13251e-04  -7.67250e-02  -1.18623e-01   4.41258e-02  -4.10756e-03  -2.79389e-02  -3.22276e-02  -5.93613e-02  -1.18658e-01
T10    2.47156e-01  -5.67995e-02   2.40158e-02   6.62246e-02   6.85964e-02  -6.85512e-02   6.11174e-03   3.71414e-02   2.74247e-02   1.82594e-02  -1.18814e-01  -1.54844e-01   6.17857e-02  -5.87754e-02  -1.06109e-01   2.26711e-02   5.77497e-03  -6.00937e-03  -6.29078e-02  -3.08256e-02  -1.02043e-01
T11   -1.80152e+00   9.77714e-02   2.80631e-01   4.20838e-02  -4.28481e-02   2.95332e-02   1.44902e-01  -2.77601e-02   7.96398e-02   1.53145e-01   2.13251e-04   6.17857e-02   1.03476e-01   4.08665e-02   2.80651e-02   1.14190e-01   7.68931e-02   9.08628e-02   7.43534e-02   4.48189e-04   3.92927e-02
T12    1.87894e+00  -3.85022e-02   1.93982e-02  -1.65294e-03   3.76581e-02  -9.99974e-02  -4.87686e-03   2.69030e-02  -1.81852e-02  -3.30824e-02  -7.67250e-02  -5.87754e-02   4.08665e-02  -3.18129e-01  -8.91027e-02   1.67129e-03  -8.90699e-03  -1.39218e-02  -5.48782e-02  -4.83147e-02  -5.58094e-02
T13    1.31173e+00  -2.90111e-02   2.58259e-02   1.19048e-02   5.22888e-02  -1.01100e-01   1.25549e-02   3.53896e-02   7.08588e-03  -2.55959e-02  -1.18623e-01  -1.06109e-01   2.80651e-02  -8.91027e-02  -1.69375e-01   1.24159e-02  -2.04531e-02  -2.21176e-02  -1.15695e-01  -9.82356e-02  -8.85015e-02
T14   -6.57503e-01   1.61180e-02   4.33535e-03   3.81240e-02   4.15960e-02  -2.53650e-02   2.63721e-02   8.52486e-02  -1.39934e-02   2.96275e-03   4.41258e-02   2.26711e-02   1.14190e-01   1.67129e-03   1.24159e-02  -6.67338e-02   3.89691e-02   2.98717e-02  -6.54733e-02  -4.19639e-02   1.70503e-02
T15   -7.10052e-01   2.66188e-02   4.36881e-02  -1.43732e-02   4.00895e-02  -4.31749e-02   2.42331e-02   8.72530e-02  -9.74116e-03  -8.29814e-03  -4.10756e-03   5.77497e-03   7.68931e-02  -8.90699e-03  -2.04531e-02   3.89691e-02  -3.96188e-02  -5.17856e-03  -2.01151e-02  -1.29119e-02   1.02968e-02
T16   -4.62646e-01   2.57539e-03   6.56902e-02   3.62149e-03   3.72406e-02  -1.08649e-02   2.91953e-02   8.85780e-02  -1.05232e-02   9.34360e-03  -2.79389e-02  -6.00937e-03   9.08628e-02  -1.39218e-02  -2.21176e-02   2.98717e-02  -5.17856e-03  -4.35153e-02  -1.33226e-02  -1.74790e-02  -3.31170e-02
T17    2.07211e+00  -2.45113e-02  -7.12377e-03   9.68403e-04   1.38709e-03  -8.72734e-02  -3.62118e-02   2.07310e-02  -8.83630e-03  -6.36480e-02  -3.22276e-02  -6.29078e-02   7.43534e-02  -5.48782e-02  -1.15695e-01  -6.54733e-02  -2.01151e-02  -1.33226e-02  -2.60132e-01  -9.14080e-02  -4.33405e-02
T18    8.20742e-01   1.03627e-03   2.53072e-02  -2.83859e-02   1.67370e-03  -5.12836e-02  -2.26247e-03   8.39138e-03   5.79102e-03  -2.70205e-02  -5.93613e-02  -3.08256e-02   4.48189e-04  -4.83147e-02  -9.82356e-02  -4.19639e-02  -1.29119e-02  -1.74790e-02  -9.14080e-02  -9.30028e-02  -3.40261e-02
T19    5.17194e-01  -5.76602e-02   3.18645e-02   5.60881e-02   6.08545e-02  -7.12266e-02   3.92986e-02   4.88154e-02  -4.62089e-03   2.40922e-02  -1.18658e-01  -1.02043e-01   3.92927e-02  -5.58094e-02  -8.85015e-02   1.70503e-02   1.02968e-02  -3.31170e-02  -4.33405e-02  -3.40261e-02  -1.45073e-01
