T0   -4.08505e-01  -4.56045e-02   3.89458e-03   1.79698e-02   2.06048e-03   1.06456e-02   1.50366e-03   1.02051e-02  -1.42839e-02   4.92915e-03   3.61989e-03  -1.04643e-02   2.97902e-02  -2.88986e-03   7.04986e-03   2.28545e-03   7.06562e-03  -2.08636e-03   3.50344e-03   1.24273e-02  -1.14149e-02
T1   -9.77753e-01   3.89458e-03   2.33231e-02   5.26341e-02  -1.50980e-02  -8.93575e-03   4.49132e-02  -1.03493e-02   9.17131e-03   2.62208e-02   4.92441e-03  -1.65286e-02   1.30474e-01  -1.71002e-02  -9.82021e-03   5.49855e-03   2.78825e-02   3.03200e-02  -1.79289e-02   4.85422e-03  -5.06020e-03
T2   -6.21874e-01   1.79698e-02   5.26341e-02  -5.08384e-02   1.52243e-02   7.61859e-03   9.89188e-03   4.66975e-02  -8.38257e-04   2.42545e-02  -1.15839e-02   1.72178e-02   2.33281e-02  -8.34975e-03  -5.57100e-03   2.57658e-02  -5.31891e-03  -1.11508e-03  -7.57377e-03  -2.26537e-02   1.31239e-02
T3   -1.20986e+00   2.06048e-03  -1.50980e-02   1.52243e-02   3.18345e-02   2.06735e-02   3.78036e-02   7.36292e-02   4.45491e-03   7.12851e-03   1.30551e-03   1.02545e-02   4.90434e-03  -1.00758e-03   1.59294e-03   2.25078e-02   2.55354e-02   1.40621e-02  -1.88121e-02  -1.18131e-02   4.41492e-03
T4    2.11344e+00   1.06456e-02  -8.93575e-03   7.61859e-03   2.06735e-02  -2.86614e-01  -2.94626e-03   2.01615e-02  -8.60532e-04  -4.37096e-02  -1.01623e-02  -1.08773e-02   3.93179e-03  -2.52058e-02  -2.05704e-02  -6.88602e-03  -2.11153e-02   1.46597e-03  -2.02857e-02  -4.38086e-03  -1.09092e-02
T5   -7.52289e-01   1.50366e-03   4.49132e-02   9.89188e-03   3.78036e-02  -2.94626e-03  -3.40312e-02   6.21573e-02   2.17109e-02   2.04588e-02  -1.57950e-03  -1.42789e-02   7.58381e-02  -1.08277e-02  -7.10038e-03   1.74590e-02   1.16643e-02   1.36042e-02  -2.59283e-02  -6.97586e-03   7.60645e-03
T6   -1.66720e+00   1.02051e-02  -1.03493e-02   4.66975e-02   7.36292e-02   2.01615e-02   6.21573e-02   5.03722e-02   2.48600e-02   1.59668e-02  -1.34605e-02  -6.95552e-03   8.62795e-03  -5.06279e-03  -8.61041e-03   3.64053e-02   4.42478e-02   3.55227e-02  -6.36914e-03  -5.84841e-03   7.29899e-04
T7   -4.96415e-01  -1.42839e-02   9.17131e-03  -8.38257e-04   4.45491e-03  -8.60532e-04   2.17109e-02   2.48600e-02  -3.55045e-02   2.88609e-04   1.18571e-04   1.18874e-02   3.59349e-02  -7.81184e-03   1.80782e-03  -3.86879e-03   1.37781e-03  -4.95519e-03  -9.47628e-03   1.04656e-03  -1.08476e-02
T8    5.00768e-01   4.92915e-03   2.62208e-02   2.42545e-02   7.12851e-03  -4.37096e-02   2.04588e-02   1.59668e-02   2.88609e-04  -7.16128e-02  -6.04805e-03  -1.05378e-02   7.62631e-02  -2.72950e-02  -2.28225e-02  -4.44158e-03   1.05354e-02   8.11517e-03  -3.54804e-02  -1.75017e-02  -1.86703e-03
T9    7.47777e-01   3.61989e-03   4.92441e-03  -1.15839e-02   1.30551e-03  -1.01623e-02  -1.57950e-03  -1.34605e-02   1.18571e-04  -6.04805e-03  -6.07447e-02  -1.93824e-02  -3.08276e-02  -6.20423e-03  -1.79504e-02   1.12866e-02  -9.12540e-03  -8.44061e-03   2.13517e-02  -5.62998e-03  -2.08061e-02
T10    4.76576e-02  -1.04643e-02  -1.65286e-02   1.72178e-02   1.02545e-02  -1.08773e-02  -1.42789e-02  -6.95552e-03   1.18874e-02  -1.05378e-02  -1.93824e-02  -4.58609e-02   6.56893e-04   2.69007e-04  -1.84944e-02   2.18548e-03  -5.91969e-03   1.39289e-03  -8.32527e-04   3.30913e-03  -1.69362e-02
T11   -1.69840e+00   2.97902e-02   1.30474e-01   2.33281e-02   4.90434e-03   3.93179e-03   7.58381e-02   8.62795e-03   3.59349e-02   7.62631e-02  -3.08276e-02   6.56893e-04   2.13256e-02  -1.67377e-02  -1.54151e-02   5.13694e-02   3.83184e-02   3.82334e-02   1.43364e-02  -1.14739e-02  -4.12012e-03
T12    1.80174e+00  -2.88986e-03  -1.71002e-02  -8.34975e-03  -1.00758e-03  -2.52058e-02  -1.08277e-02  -5.06279e-03  -7.81184e-03  -2.72950e-02  -6.20423e-03   2.69007e-04  -1.67377e-02  -1.80855e-01  -7.69273e-03  -9.13136e-03  -3.80170e-03  -2.18050e-03   1.64473e-03   3.77502e-03   1.99124e-03
T13    1.11411e+00   7.04986e-03  -9.82021e-03  -5.57100e-03   1.59294e-03  -2.05704e-02  -7.10038e-03  -8.61041e-03   1.80782e-03  -2.28225e-02  -1.79504e-02  -1.84944e-02  -1.54151e-02  -7.69273e-03  -5.31795e-02  -6.09030e-03  -1.66427e-02  -6.05857e-03  -2.20165e-02  -2.48173e-02  -1.24563e-02
T14   -5.53933e-01   2.28545e-03   5.49855e-03   2.57658e-02   2.25078e-02  -6.88602e-03   1.74590e-02   3.64053e-02  -3.86879e-03  -4.44158e-03   1.12866e-02   2.18548e-03   5.13694e-02  -9.13136e-03  -6.09030e-03  -3.27368e-02   2.30375e-02   8.48714e-03  -3.42965e-02  -1.48958e-02  -1.85471e-03
T15   -5.63429e-01   7.06562e-03   2.78825e-02  -5.31891e-03   2.55354e-02  -2.11153e-02   1.16643e-02   4.42478e-02   1.37781e-03   1.05354e-02  -9.12540e-03  -5.91969e-03   3.83184e-02  -3.80170e-03  -1.66427e-02   2.30375e-02  -3.05533e-02  -7.09482e-03  -1.20868e-02  -9.56906e-03  -4.60596e-03
T16   -3.47513e-01  -2.08636e-03   3.03200e-02  -1.11508e-03   1.40621e-02   1.46597e-03   1.36042e-02   3.55227e-02  -4.95519e-03   8.11517e-03  -8.44061e-03   1.39289e-03   3.82334e-02  -2.18050e-03  -6.05857e-03   8.48714e-03  -7.09482e-03  -3.47231e-02  -5.98416e-03  -7.77100e-03  -1.38140e-02
T17    1.89601e+00   3.50344e-03  -1.79289e-02  -7.57377e-03  -1.88121e-02  -2.02857e-02  -2.59283e-02  -6.36914e-03  -9.47628e-03  -3.54804e-02   2.13517e-02  -8.32527e-04   1.43364e-02   1.64473e-03  -2.20165e-02  -3.42965e-02  -1.20868e-02  -5.98416e-03  -1.24013e-01  -2.87839e-02   1.20529e-02
T18    7.43661e-01   1.24273e-02   4.85422e-03  -2.26537e-02  -1.18131e-02  -4.38086e-03  -6.97586e-03  -5.84841e-03   1.04656e-03  -1.75017e-02  -5.62998e-03   3.30913e-03  -1.14739e-02   3.77502e-03  -2.48173e-02  -1.48958e-02  -9.56906e-03  -7.77100e-03  -2.87839e-02  -4.65329e-02   6.72329e-03
T19    3.32014e-01  -1.14149e-02  -5.06020e-03   1.31239e-02   4.41492e-03  -1.09092e-02   7.60645e-03   7.29899e-04  -1.08476e-02  -1.86703e-03  -2.08061e-02  -1.69362e-02  -4.12012e-03   1.99124e-03  -1.24563e-02  -1.85471e-03  -4.60596e-03  -1.38140e-02   1.20529e-02   6.72329e-03  -4.35474e-02
