T0   -4.20320e-01  -9.75111e-02   2.31845e-02   6.86183e-02   4.75302e-02  -1.72911e-02   2.66831e-02   6.54224e-02  -2.24960e-02   1.91150e-02  -4.48386e-02  -6.64698e-02   1.05831e-01  -4.44945e-02  -3.50899e-02   1.72756e-02   2.97113e-02   3.75208e-03  -2.81249e-02  -2.82240e-03  -6.51449e-02
T1   -1.07978e+00   2.31845e-02   9.13476e-02   8.72422e-02  -1.16227e-01   7.04201e-03   8.17599e-02  -9.85640e-02   1.64018e-02   4.69008e-02   7.85832e-02   3.75558e-02   3.05980e-01   3.35558e-02   3.56995e-02   7.35407e-03   4.36136e-02   6.67260e-02  -1.42130e-03   2.78414e-02   3.79502e-02
T2   -7.81126e-01   6.86183e-02   8.72422e-02  -9.84228e-02   2.23136e-02   1.01171e-02   3.50189e-02   1.01623e-01  -7.73603e-03   2.81142e-02   2.40870e-02   7.53049e-02   4.25904e-02   1.63954e-03   1.48401e-02   4.20265e-02  -1.53167e-02   7.97337e-04   2.19562e-03  -2.82104e-02   6.13351e-02
T3   -1.35777e+00   4.75302e-02  -1.16227e-01   2.23136e-02   1.10422e-01   5.63713e-02   8.71318e-02   1.87066e-01   1.02980e-03  -3.94979e-02   6.65198e-02   8.01153e-02  -5.58393e-02   4.88454e-02   6.55084e-02   4.45909e-02   4.05476e-02   3.83957e-02   5.73480e-03   4.52704e-04   6.86961e-02
T4    2.49473e+00  -1.72911e-02   7.04201e-03   1.01171e-02   5.63713e-02  -5.83569e-01  -2.75339e-03   6.56961e-02  -2.34692e-02  -7.22101e-02  -7.93344e-02  -7.86797e-02   3.48691e-02  -1.10682e-01  -1.10977e-01  -2.93541e-02  -4.79528e-02  -1.71281e-02  -9.67886e-02  -5.89355e-02  -8.23035e-02
T5   -8.73356e-01   2.66831e-02   8.17599e-02   3.50189e-02   8.71318e-02  -2.75339e-03  -1.02982e-02   1.35484e-01   4.75489e-02   4.67657e-02   4.07164e-02   1.70552e-02   1.54359e-01  -1.17048e-03   1.71759e-02   2.69984e-02   2.16976e-02   2.69684e-02  -3.36711e-02   5.89289e-04   4.18049e-02
T6   -1.78469e+00   6.54224e-02  -9.85640e-02   1.01623e-01   1.87066e-01   6.56961e-02   1.35484e-01   1.54570e-01   7.57931e-02   6.95077e-03   4.04418e-02   5.26955e-02  -3.83929e-02   3.99076e-02   4.62487e-02   9.11728e-02   9.03088e-02   9.26136e-02   2.21118e-02   9.34600e-03   5.52219e-02
T7   -6.65745e-01  -2.24960e-02   1.64018e-02  -7.73603e-03   1.02980e-03  -2.34692e-02   4.75489e-02   7.57931e-02  -8.04270e-02  -2.52317e-02   1.77109e-02   3.00655e-02   7.93578e-02  -1.99893e-02   3.25219e-03  -1.50556e-02  -9.77177e-03  -1.05853e-02  -1.25314e-02   5.19688e-04  -5.29461e-03
T8    3.46631e-01   1.91150e-02   4.69008e-02   2.81142e-02  -3.94979e-02  -7.22101e-02   4.67657e-02   6.95077e-03  -2.52317e-02  -1.73415e-01   3.52305e-02   2.48957e-02   1.63291e-01  -3.28256e-02  -2.43367e-02   3.03557e-03  -1.30588e-02   6.32222e-03  -6.92344e-02  -2.71081e-02   2.61426e-02
T9    9.62758e-01  -4.48386e-02   7.85832e-02   2.40870e-02   6.65198e-02  -7.93344e-02   4.07164e-02   4.04418e-02   1.77109e-02   3.52305e-02  -2.14481e-01  -1.35467e-01   1.42388e-02  -8.95701e-02  -1.33568e-01   4.70974e-02  -2.96932e-03  -3.13034e-02  -4.29920e-02  -6.59952e-02  -1.33933e-01
T10    2.26279e-01  -6.64698e-02   3.75558e-02   7.53049e-02   8.01153e-02  -7.86797e-02   1.70552e-02   5.26955e-02   3.00655e-02   2.48957e-02  -1.35467e-01  -1.71842e-01   8.09552e-02  -6.93862e-02  -1.20390e-01   2.41828e-02   7.22184e-03  -7.42466e-03  -7.26144e-02  -3.65303e-02  -1.16530e-01
T11   -1.79419e+00   1.05831e-01   3.05980e-01   4.25904e-02  -5.58393e-02   3.48691e-02   1.54359e-01  -3.83929e-02   7.93578e-02   1.63291e-01   1.42388e-02   8.09552e-02   1.21287e-01   5.72850e-02   4.03068e-02   1.22115e-01   7.63701e-02   9.41244e-02   9.05703e-02   5.96376e-03   4.72021e-02
T12    1.84883e+00  -4.44945e-02   3.35558e-02   1.63954e-03   4.88454e-02  -1.10682e-01  -1.17048e-03   3.99076e-02  -1.99893e-02  -3.28256e-02  -8.95701e-02  -6.93862e-02   5.72850e-02  -3.37513e-01  -1.04916e-01  -1.61613e-03  -7.41240e-03  -1.64223e-02  -6.56181e-02  -5.41007e-02  -6.73243e-02
T13    1.28263e+00  -3.50899e-02   3.56995e-02   1.48401e-02   6.55084e-02  -1.10977e-01   1.71759e-02   4.62487e-02   3.25219e-03  -2.43367e-02  -1.33568e-01  -1.20390e-01   4.03068e-02  -1.04916e-01  -1.87141e-01   1.52649e-02  -1.99176e-02  -2.08462e-02  -1.30483e-01  -1.07785e-01  -1.00554e-01
T14   -6.46439e-01   1.72756e-02   7.35407e-03   4.20265e-02   4.45909e-02  -2.93541e-02   2.69984e-02   9.11728e-02  -1.50556e-02   3.03557e-03   4.70974e-02   2.41828e-02   1.22115e-01  -1.61613e-03   1.52649e-02  -6.88783e-02   3.90928e-02   3.42597e-02  -7.13286e-02  -4.36892e-02   1.64475e-02
T15   -6.93922e-01   2.97113e-02   4.36136e-02  -1.53167e-02   4.05476e-02  -4.79528e-02   2.16976e-02   9.03088e-02  -9.77177e-03  -1.30588e-02  -2.96932e-03   7.22184e-03   7.63701e-02  -7.41240e-03  -1.99176e-02   3.90928e-02  -4.25372e-02  -6.87966e-03  -1.82635e-02  -1.41379e-02   1.01819e-02
T16   -4.45376e-01   3.75208e-03   6.67260e-02   7.97337e-04   3.83957e-02  -1.71281e-02   2.69684e-02   9.26136e-02  -1.05853e-02   6.32222e-03  -3.13034e-02  -7.42466e-03   9.41244e-02  -1.64223e-02  -2.08462e-02   3.42597e-02  -6.87966e-03  -4.74209e-02  -1.43496e-02  -1.36284e-02  -3.86016e-02
T17    2.04719e+00  -2.81249e-02  -1.42130e-03   2.19562e-03   5.73480e-03  -9.67886e-02  -3.36711e-02   2.21118e-02  -1.25314e-02  -6.92344e-02  -4.29920e-02  -7.26144e-02   9.05703e-02  -6.56181e-02  -1.30483e-01  -7.13286e-02  -1.82635e-02  -1.43496e-02  -2.74061e-01  -1.03629e-01  -4.84216e-02
T18    7.97034e-01  -2.82240e-03   2.78414e-02  -2.82104e-02   4.52704e-04  -5.89355e-02   5.89289e-04   9.34600e-03   5.19688e-04  -2.71081e-02  -6.59952e-02  -3.65303e-02   5.96376e-03  -5.41007e-02  -1.07785e-01  -4.36892e-02  -1.41379e-02  -1.36284e-02  -1.03629e-01  -9.65039e-02  -3.76227e-02
T19    5.36628e-01  -6.51449e-02   3.79502e-02   6.13351e-02   6.86961e-02  -8.23035e-02   4.18049e-02   5.52219e-02  -5.29461e-03   2.61426e-02  -1.33933e-01  -1.16530e-01   4.72021e-02  -6.73243e-02  -1.00554e-01   1.64475e-02   1.01819e-02  -3.86016e-02  -4.84216e-02  -3.76227e-02  -1.59511e-01
