T0   -5.01317e-01  -1.41329e-01   8.63782e-02   1.09957e-01   1.08542e-01  -7.00250e-02   7.18667e-02   1.56294e-01  -5.03963e-02   5.06733e-02  -9.50765e-02  -1.12571e-01   2.19387e-01  -8.15544e-02  -7.01473e-02   2.05649e-02   3.33117e-02  -8.59564e-03  -4.31138e-02  -1.52139e-02  -1.29819e-01
T1   -9.20038e-01   8.63782e-02   1.97571e-01   1.00061e-01  -2.52173e-01   2.76269e-02   1.09584e-01  -2.26734e-01  -3.25038e-03   7.94883e-02   1.62489e-01   1.11059e-01   4.67779e-01   1.04513e-01   7.48806e-02   4.25783e-03   4.47947e-02   7.48416e-02  -7.00553e-03   3.45088e-02   9.95468e-02
T2   -6.61688e-01   1.09957e-01   1.00061e-01  -1.57556e-01   8.19906e-03  -2.26620e-03   2.73527e-02   1.26746e-01  -3.20608e-02   2.46344e-02   9.34231e-02   1.73181e-01   4.39500e-02   4.49062e-02   5.35483e-02   4.70689e-02  -3.40214e-02  -1.43793e-02   1.48831e-02  -2.19123e-02   1.10305e-01
T3   -1.18590e+00   1.08542e-01  -2.52173e-01   8.19906e-03   1.77198e-01   7.44901e-02   9.59568e-02   2.84430e-01   1.32446e-02  -1.13848e-01   1.78414e-01   2.04257e-01  -1.77448e-01   1.16217e-01   1.50627e-01   7.00423e-02   3.69268e-02   4.79601e-02   3.00021e-02  -8.27864e-03   1.41083e-01
T4    2.53901e+00  -7.00250e-02   2.76269e-02  -2.26620e-03   7.44901e-02  -8.66241e-01   1.44856e-02   1.09630e-01  -7.55655e-02  -1.04317e-01  -1.51961e-01  -1.52379e-01   8.14163e-02  -1.92365e-01  -2.03133e-01  -7.19441e-02  -8.67306e-02  -6.21610e-02  -1.83361e-01  -1.06576e-01  -1.63913e-01
T5   -7.78900e-01   7.18667e-02   1.09584e-01   2.73527e-02   9.59568e-02   1.44856e-02   1.17690e-02   1.94732e-01   3.65620e-02   5.31486e-02   1.18106e-01   1.11067e-01   2.10132e-01   4.26399e-02   5.87487e-02   3.80376e-02   1.51834e-02   2.47910e-02  -3.33492e-02   1.42443e-02   9.00358e-02
T6   -1.60715e+00   1.56294e-01  -2.26734e-01   1.26746e-01   2.84430e-01   1.09630e-01   1.94732e-01   2.57965e-01   1.20666e-01  -4.84768e-02   1.54386e-01   1.99657e-01  -1.44802e-01   1.52912e-01   1.38140e-01   1.41369e-01   1.04765e-01   1.14711e-01   4.29972e-02   3.57949e-03   1.29893e-01
T7   -5.41572e-01  -5.03963e-02  -3.25038e-03  -3.20608e-02   1.32446e-02  -7.55655e-02   3.65620e-02   1.20666e-01  -1.06635e-01  -3.70762e-02   1.20971e-02   3.28554e-02   7.79991e-02  -4.21748e-02  -3.12389e-03  -1.98753e-02  -3.00897e-02  -2.82471e-02  -3.02984e-02  -7.06047e-03  -2.55253e-02
T8    3.91994e-01   5.06733e-02   7.94883e-02   2.46344e-02  -1.13848e-01  -1.04317e-01   5.31486e-02  -4.84768e-02  -3.70762e-02  -2.82266e-01   7.74562e-02   7.36229e-02   2.30286e-01  -3.31939e-02  -2.59790e-02   4.92280e-03  -3.60289e-02   4.22803e-04  -1.05307e-01  -6.28486e-02   4.93917e-02
T9    6.48757e-01  -9.50765e-02   1.62489e-01   9.34231e-02   1.78414e-01  -1.51961e-01   1.18106e-01   1.54386e-01   1.20971e-02   7.74562e-02  -3.34294e-01  -2.38941e-01   1.30578e-01  -1.67610e-01  -2.41213e-01   8.23366e-02   2.03699e-02  -2.75537e-02  -1.18414e-01  -1.33369e-01  -2.30895e-01
T10   -8.41708e-02  -1.12571e-01   1.11059e-01   1.73181e-01   2.04257e-01  -1.52379e-01   1.11067e-01   1.99657e-01   3.28554e-02   7.36229e-02  -2.38941e-01  -2.82185e-01   2.27064e-01  -1.40213e-01  -2.25492e-01   5.21821e-02   4.75102e-02   1.73153e-02  -1.55691e-01  -9.31524e-02  -2.05402e-01
T11   -1.58301e+00   2.19387e-01   4.67779e-01   4.39500e-02  -1.77448e-01   8.14163e-02   2.10132e-01  -1.44802e-01   7.79991e-02   2.30286e-01   1.30578e-01   2.27064e-01   2.76856e-01   1.89407e-01   1.28379e-01   1.90720e-01   8.23466e-02   1.16202e-01   1.49478e-01   1.33053e-02   1.32602e-01
T12    1.60358e+00  -8.15544e-02   1.04513e-01   4.49062e-02   1.16217e-01  -1.92365e-01   4.26399e-02   1.52912e-01  -4.21748e-02  -3.31939e-02  -1.67610e-01  -1.40213e-01   1.89407e-01  -4.45067e-01  -2.19997e-01  -9.91352e-04  -7.73919e-04  -1.95180e-02  -1.66668e-01  -1.04432e-01  -1.34017e-01
T13    1.11015e+00  -7.01473e-02   7.48806e-02   5.35483e-02   1.50627e-01  -2.03133e-01   5.87487e-02   1.38140e-01  -3.12389e-03  -2.59790e-02  -2.41213e-01  -2.25492e-01   1.28379e-01  -2.19997e-01  -3.26477e-01   1.46713e-03  -1.35353e-02  -1.76648e-02  -2.34858e-01  -1.91758e-01  -1.84970e-01
T14   -5.37052e-01   2.05649e-02   4.25783e-03   4.70689e-02   7.00423e-02  -7.19441e-02   3.80376e-02   1.41369e-01  -1.98753e-02   4.92280e-03   8.23366e-02   5.21821e-02   1.90720e-01  -9.91352e-04   1.46713e-03  -8.51477e-02   4.75318e-02   4.73482e-02  -1.38715e-01  -9.16193e-02   3.86390e-02
T15   -6.21974e-01   3.33117e-02   4.47947e-02  -3.40214e-02   3.69268e-02  -8.67306e-02   1.51834e-02   1.04765e-01  -3.00897e-02  -3.60289e-02   2.03699e-02   4.75102e-02   8.23466e-02  -7.73919e-04  -1.35353e-02   4.75318e-02  -6.75143e-02  -2.71165e-02  -1.21809e-02  -1.80686e-02   2.12384e-02
T16   -4.10847e-01  -8.59564e-03   7.48416e-02  -1.43793e-02   4.79601e-02  -6.21610e-02   2.47910e-02   1.14711e-01  -2.82471e-02   4.22803e-04  -2.75537e-02   1.73153e-02   1.16202e-01  -1.95180e-02  -1.76648e-02   4.73482e-02  -2.71165e-02  -7.85299e-02  -2.97241e-03  -2.42912e-02  -5.15216e-02
T17    1.96602e+00  -4.31138e-02  -7.00553e-03   1.48831e-02   3.00021e-02  -1.83361e-01  -3.33492e-02   4.29972e-02  -3.02984e-02  -1.05307e-01  -1.18414e-01  -1.55691e-01   1.49478e-01  -1.66668e-01  -2.34858e-01  -1.38715e-01  -1.21809e-02  -2.97241e-03  -4.05364e-01  -1.74303e-01  -1.05624e-01
T18    7.90272e-01  -1.52139e-02   3.45088e-02  -2.19123e-02  -8.27864e-03  -1.06576e-01   1.42443e-02   3.57949e-03  -7.06047e-03  -6.28486e-02  -1.33369e-01  -9.31524e-02   1.33053e-02  -1.04432e-01  -1.91758e-01  -9.16193e-02  -1.80686e-02  -2.42912e-02  -1.74303e-01  -1.52016e-01  -8.88870e-02
T19    3.83845e-01  -1.29819e-01   9.95468e-02   1.10305e-01   1.41083e-01  -1.63913e-01   9.00358e-02   1.29893e-01  -2.55253e-02   4.93917e-02  -2.30895e-01  -2.05402e-01   1.32602e-01  -1.34017e-01  -1.84970e-01   3.86390e-02   2.12384e-02  -5.15216e-02  -1.05624e-01  -8.88870e-02  -2.61098e-01
