T0   -4.36426e-01  -7.46787e-02   1.88596e-02   4.69741e-02   2.32254e-02  -3.20344e-03   1.91077e-02   4.04911e-02  -2.59189e-02   1.75293e-02  -1.94697e-02  -3.77621e-02   7.80315e-02  -2.35706e-02  -1.05633e-02   7.11407e-03   1.73738e-02  -6.80130e-04  -1.21014e-02   1.10530e-02  -3.88129e-02
T1   -1.05744e+00   1.88596e-02   4.80185e-02   7.85212e-02  -5.90763e-02   6.65667e-04   6.59121e-02  -5.05873e-02   2.27496e-02   3.71050e-02   3.74302e-02  -3.91615e-03   2.21825e-01  -6.23605e-03  -1.31589e-04   5.42172e-03   4.87022e-02   6.03758e-02  -1.73324e-02   9.83613e-03   1.43412e-02
T2   -7.87689e-01   4.69741e-02   7.85212e-02  -7.99406e-02   2.06951e-02   1.46210e-02   2.60756e-02   8.08614e-02  -5.93385e-03   2.96777e-02   5.40550e-03   4.59729e-02   3.98245e-02  -2.95128e-03   1.79607e-03   3.44304e-02  -1.19696e-02   1.17329e-04  -2.64150e-03  -2.82449e-02   4.08500e-02
T3   -1.37166e+00   2.32254e-02  -5.90763e-02   2.06951e-02   6.83846e-02   4.94266e-02   6.59132e-02   1.38483e-01  -1.88339e-03  -1.32854e-02   3.28568e-02   4.41741e-02  -1.36891e-02   2.45950e-02   3.06171e-02   3.17813e-02   3.31030e-02   2.68012e-02  -9.34687e-03  -9.05701e-04   3.82874e-02
T4    2.35099e+00  -3.20344e-03   6.65667e-04   1.46210e-02   4.94266e-02  -4.52687e-01   6.02611e-04   5.40193e-02  -1.04068e-02  -5.44075e-02  -4.65910e-02  -4.50832e-02   2.21292e-02  -7.18760e-02  -6.65464e-02  -1.21545e-02  -3.42779e-02  -6.21137e-03  -6.50762e-02  -2.96422e-02  -4.87932e-02
T5   -8.77839e-01   1.91077e-02   6.59121e-02   2.60756e-02   6.59132e-02   6.02611e-04  -2.38402e-02   1.04155e-01   3.81050e-02   3.52391e-02   1.67286e-02  -6.40603e-03   1.21855e-01  -1.08987e-02  -5.41483e-03   2.01526e-02   2.36751e-02   3.00809e-02  -3.40859e-02  -7.91641e-03   2.91300e-02
T6   -1.80551e+00   4.04911e-02  -5.05873e-02   8.08614e-02   1.38483e-01   5.40193e-02   1.04155e-01   1.07691e-01   5.00731e-02   1.20397e-02   9.30865e-03   1.44339e-02  -8.98602e-03   1.32147e-02   9.85299e-03   6.46390e-02   7.38748e-02   7.42260e-02   1.40702e-03  -4.11353e-04   2.85226e-02
T7   -6.20221e-01  -2.59189e-02   2.27496e-02  -5.93385e-03  -1.88339e-03  -1.04068e-02   3.81050e-02   5.00731e-02  -6.49651e-02  -1.44455e-02   1.12137e-02   2.24303e-02   7.02617e-02  -1.42585e-02   1.18740e-02  -1.25603e-02  -1.09472e-02  -1.20291e-02  -1.30123e-03   9.61893e-03  -6.77030e-03
T8    3.77335e-01   1.75293e-02   3.71050e-02   2.96777e-02  -1.32854e-02  -5.44075e-02   3.52391e-02   1.20397e-02  -1.44455e-02  -1.35493e-01   1.55610e-02   5.50352e-03   1.26600e-01  -3.57001e-02  -3.06063e-02  -2.41801e-03   1.91491e-03   1.17909e-02  -5.68243e-02  -2.83605e-02   1.62040e-02
T9    9.55794e-01  -1.94697e-02   3.74302e-02   5.40550e-03   3.28568e-02  -4.65910e-02   1.67286e-02   9.30865e-03   1.12137e-02   1.55610e-02  -1.44227e-01  -7.84175e-02  -1.77829e-02  -4.83609e-02  -7.96319e-02   3.47423e-02  -5.08471e-03  -1.94311e-02  -8.61823e-03  -4.08555e-02  -8.19359e-02
T10    2.54609e-01  -3.77621e-02  -3.91615e-03   4.59729e-02   4.41741e-02  -4.50832e-02  -6.40603e-03   1.44339e-02   2.24303e-02   5.50352e-03  -7.84175e-02  -1.11038e-01   2.82538e-02  -3.29656e-02  -7.32156e-02   1.74099e-02   2.54683e-03  -2.61134e-03  -3.85560e-02  -2.05252e-02  -6.93891e-02
T11   -1.82118e+00   7.80315e-02   2.21825e-01   3.98245e-02  -1.36891e-02   2.21292e-02   1.21855e-01  -8.98602e-03   7.02617e-02   1.26600e-01  -1.77829e-02   2.82538e-02   6.41996e-02   1.07073e-02  -3.39437e-03   8.80753e-02   7.08331e-02   7.86715e-02   4.29970e-02  -1.28103e-02   2.20748e-02
T12    1.89468e+00  -2.35706e-02  -6.23605e-03  -2.95128e-03   2.45950e-02  -7.18760e-02  -1.08987e-02   1.32147e-02  -1.42585e-02  -3.57001e-02  -4.83609e-02  -3.29656e-02   1.07073e-02  -2.70833e-01  -5.90653e-02   1.05605e-03  -5.86405e-03  -9.48799e-03  -3.23087e-02  -2.80389e-02  -3.01299e-02
T13    1.34720e+00  -1.05633e-02  -1.31589e-04   1.79607e-03   3.06171e-02  -6.65464e-02  -5.41483e-03   9.85299e-03   1.18740e-02  -3.06063e-02  -7.96319e-02  -7.32156e-02  -3.39437e-03  -5.90653e-02  -1.23619e-01   9.29336e-03  -1.50125e-02  -1.75366e-02  -7.78019e-02  -7.20553e-02  -6.00248e-02
T14   -6.44356e-01   7.11407e-03   5.42172e-03   3.44304e-02   3.17813e-02  -1.21545e-02   2.01526e-02   6.46390e-02  -1.25603e-02  -2.41801e-03   3.47423e-02   1.74099e-02   8.80753e-02   1.05605e-03   9.29336e-03  -6.18174e-02   2.89424e-02   2.16248e-02  -5.06070e-02  -2.45151e-02   1.17163e-02
T15   -7.07823e-01   1.73738e-02   4.87022e-02  -1.19696e-02   3.31030e-02  -3.42779e-02   2.36751e-02   7.38748e-02  -1.09472e-02   1.91491e-03  -5.08471e-03   2.54683e-03   7.08331e-02  -5.86405e-03  -1.50125e-02   2.89424e-02  -4.14367e-02  -8.05914e-03  -1.33196e-02  -8.49169e-03   6.07105e-03
T16   -4.66770e-01  -6.80130e-04   6.03758e-02   1.17329e-04   2.68012e-02  -6.21137e-03   3.00809e-02   7.42260e-02  -1.20291e-02   1.17909e-02  -1.94311e-02  -2.61134e-03   7.86715e-02  -9.48799e-03  -1.75366e-02   2.16248e-02  -8.05914e-03  -3.95501e-02  -9.79999e-03  -1.07156e-02  -2.61849e-02
T17    2.08130e+00  -1.21014e-02  -1.73324e-02  -2.64150e-03  -9.34687e-03  -6.50762e-02  -3.40859e-02   1.40702e-03  -1.30123e-03  -5.68243e-02  -8.61823e-03  -3.85560e-02   4.29970e-02  -3.23087e-02  -7.78019e-02  -5.06070e-02  -1.33196e-02  -9.79999e-03  -2.14907e-01  -7.30232e-02  -2.17661e-02
T18    8.40678e-01   1.10530e-02   9.83613e-03  -2.82449e-02  -9.05701e-04  -2.96422e-02  -7.91641e-03  -4.11353e-04   9.61893e-03  -2.83605e-02  -4.08555e-02  -2.05252e-02  -1.28103e-02  -2.80389e-02  -7.20553e-02  -2.45151e-02  -8.49169e-03  -1.07156e-02  -7.30232e-02  -8.21716e-02  -1.52818e-02
T19    4.94323e-01  -3.88129e-02   1.43412e-02   4.08500e-02   3.82874e-02  -4.87932e-02   2.91300e-02   2.85226e-02  -6.77030e-03   1.62040e-02  -8.19359e-02  -6.93891e-02   2.20748e-02  -3.01299e-02  -6.00248e-02   1.17163e-02   6.07105e-03  -2.61849e-02  -2.17661e-02  -1.52818e-02  -1.07422e-01
