T0   -3.97788e-01  -5.07970e-02   5.61677e-03   2.07542e-02   3.17217e-03   9.22520e-03   3.49627e-03   1.32087e-02  -1.59901e-02   6.10716e-03   8.96972e-04  -1.33841e-02   3.61761e-02  -4.08112e-03   5.73277e-03   2.32333e-03   7.24104e-03  -3.21963e-03   2.58592e-03   1.28653e-02  -1.47822e-02
T1   -1.02310e+00   5.61677e-03   2.58762e-02   5.74296e-02  -1.84992e-02  -7.95955e-03   5.18443e-02  -1.16516e-02   1.09047e-02   2.91237e-02   7.58189e-03  -1.62676e-02   1.45703e-01  -1.95800e-02  -9.55271e-03   5.80491e-03   3.19353e-02   3.65648e-02  -1.96056e-02   6.09736e-03  -3.40045e-03
T2   -6.70095e-01   2.07542e-02   5.74296e-02  -5.47315e-02   1.65465e-02   8.78739e-03   1.35799e-02   5.26068e-02  -2.71893e-03   2.45184e-02  -9.73096e-03   2.08070e-02   2.65453e-02  -7.86036e-03  -3.66942e-03   2.65017e-02  -7.11681e-03  -1.50189e-04  -5.81520e-03  -2.32765e-02   1.68189e-02
T3   -1.26030e+00   3.17217e-03  -1.84992e-02   1.65465e-02   3.64901e-02   2.50532e-02   4.35786e-02   8.34509e-02   3.70556e-03   5.65666e-03   5.07113e-03   1.39819e-02   3.90170e-03   1.37376e-03   5.18025e-03   2.20577e-02   2.68299e-02   1.61078e-02  -1.68058e-02  -9.77433e-03   8.67530e-03
T4    2.16575e+00   9.22520e-03  -7.95955e-03   8.78739e-03   2.50532e-02  -3.10993e-01  -2.53885e-03   2.58507e-02  -1.21401e-03  -4.63680e-02  -1.57665e-02  -1.56762e-02   7.71096e-03  -3.14589e-02  -2.54655e-02  -7.45052e-03  -2.38219e-02  -3.23313e-04  -2.71082e-02  -7.87289e-03  -1.62306e-02
T5   -7.99295e-01   3.49627e-03   5.18443e-02   1.35799e-02   4.35786e-02  -2.53885e-03  -3.34005e-02   6.89853e-02   2.28789e-02   2.27889e-02   4.14971e-04  -1.42273e-02   8.57168e-02  -1.22595e-02  -7.68573e-03   1.89663e-02   1.41849e-02   1.52365e-02  -2.90973e-02  -6.29979e-03   8.87596e-03
T6   -1.72094e+00   1.32087e-02  -1.16516e-02   5.26068e-02   8.34509e-02   2.58507e-02   6.89853e-02   5.88045e-02   2.69126e-02   1.68324e-02  -1.18976e-02  -6.43808e-03   9.41247e-03  -1.83644e-03  -6.76811e-03   3.90217e-02   4.90011e-02   4.18508e-02  -5.62931e-03  -4.07967e-03   4.76028e-03
T7   -5.14353e-01  -1.59901e-02   1.09047e-02  -2.71893e-03   3.70556e-03  -1.21401e-03   2.28789e-02   2.69126e-02  -3.99643e-02  -3.19882e-03   2.13331e-03   1.41310e-02   4.00547e-02  -8.77759e-03   3.76854e-03  -5.98415e-03  -1.36883e-03  -5.96088e-03  -7.75531e-03   2.44684e-03  -9.87799e-03
T8    4.64516e-01   6.10716e-03   2.91237e-02   2.45184e-02   5.65666e-03  -4.63680e-02   2.27889e-02   1.68324e-02  -3.19882e-03  -8.13162e-02  -3.48049e-03  -9.15842e-03   8.58792e-02  -2.96089e-02  -2.31754e-02  -4.83463e-03   1.00378e-02   9.66583e-03  -3.72363e-02  -1.84645e-02   5.24455e-04
T9    8.22066e-01   8.96972e-04   7.58189e-03  -9.73096e-03   5.07113e-03  -1.57665e-02   4.14971e-04  -1.18976e-02   2.13331e-03  -3.48049e-03  -7.28434e-02  -2.72248e-02  -3.24738e-02  -1.24075e-02  -2.68207e-02   1.60522e-02  -8.26054e-03  -1.09978e-02   1.65955e-02  -1.02636e-02  -2.95279e-02
T10    1.16489e-01  -1.33841e-02  -1.62676e-02   2.08070e-02   1.39819e-02  -1.56762e-02  -1.42273e-02  -6.43808e-03   1.41310e-02  -9.15842e-03  -2.72248e-02  -5.51500e-02   2.97861e-03  -3.94354e-03  -2.55951e-02   4.32908e-03  -4.74943e-03   3.92956e-04  -5.02669e-03  -1.06496e-04  -2.47002e-02
T11   -1.75530e+00   3.61761e-02   1.45703e-01   2.65453e-02   3.90170e-03   7.71096e-03   8.57168e-02   9.41247e-03   4.00547e-02   8.58792e-02  -3.24738e-02   2.97861e-03   2.84078e-02  -1.51466e-02  -1.47513e-02   5.64562e-02   4.45280e-02   4.46716e-02   1.74752e-02  -1.04224e-02  -1.77021e-03
T12    1.84298e+00  -4.08112e-03  -1.95800e-02  -7.86036e-03   1.37376e-03  -3.14589e-02  -1.22595e-02  -1.83644e-03  -8.77759e-03  -2.96089e-02  -1.24075e-02  -3.94354e-03  -1.51466e-02  -1.94497e-01  -1.34211e-02  -9.00807e-03  -4.52431e-03  -2.44507e-03  -3.33730e-03   3.20087e-04  -2.63596e-03
T13    1.17845e+00   5.73277e-03  -9.55271e-03  -3.66942e-03   5.18025e-03  -2.54655e-02  -7.68573e-03  -6.76811e-03   3.76854e-03  -2.31754e-02  -2.68207e-02  -2.55951e-02  -1.47513e-02  -1.34211e-02  -6.32918e-02  -4.38798e-03  -1.71543e-02  -8.21280e-03  -2.93927e-02  -3.24135e-02  -1.93484e-02
T14   -5.77664e-01   2.32333e-03   5.80491e-03   2.65017e-02   2.20577e-02  -7.45052e-03   1.89663e-02   3.90217e-02  -5.98415e-03  -4.83463e-03   1.60522e-02   4.32908e-03   5.64562e-02  -9.00807e-03  -4.38798e-03  -3.74998e-02   2.51140e-02   1.06841e-02  -3.69827e-02  -1.50620e-02   8.37891e-04
T15   -5.95943e-01   7.24104e-03   3.19353e-02  -7.11681e-03   2.68299e-02  -2.38219e-02   1.41849e-02   4.90011e-02  -1.36883e-03   1.00378e-02  -8.26054e-03  -4.74943e-03   4.45280e-02  -4.52431e-03  -1.71543e-02   2.51140e-02  -3.27044e-02  -7.73337e-03  -1.14577e-02  -1.03560e-02  -2.80231e-03
T16   -3.67746e-01  -3.21963e-03   3.65648e-02  -1.50189e-04   1.61078e-02  -3.23313e-04   1.52365e-02   4.18508e-02  -5.96088e-03   9.66583e-03  -1.09978e-02   3.92956e-04   4.46716e-02  -2.44507e-03  -8.21280e-03   1.06841e-02  -7.73337e-03  -3.60620e-02  -7.22024e-03  -7.65103e-03  -1.64185e-02
T17    1.94342e+00   2.58592e-03  -1.96056e-02  -5.81520e-03  -1.68058e-02  -2.71082e-02  -2.90973e-02  -5.62931e-03  -7.75531e-03  -3.72363e-02   1.65955e-02  -5.02669e-03   1.74752e-02  -3.33730e-03  -2.93927e-02  -3.69827e-02  -1.14577e-02  -7.22024e-03  -1.38413e-01  -3.68034e-02   7.60549e-03
T18    7.59148e-01   1.28653e-02   6.09736e-03  -2.32765e-02  -9.77433e-03  -7.87289e-03  -6.29979e-03  -4.07967e-03   2.44684e-03  -1.84645e-02  -1.02636e-02  -1.06496e-04  -1.04224e-02   3.20087e-04  -3.24135e-02  -1.50620e-02  -1.03560e-02  -7.65103e-03  -3.68034e-02  -5.26184e-02   3.39842e-03
T19    3.89717e-01  -1.47822e-02  -3.40045e-03   1.68189e-02   8.67530e-03  -1.62306e-02   8.87596e-03   4.76028e-03  -9.87799e-03   5.24455e-04  -2.95279e-02  -2.47002e-02  -1.77021e-03  -2.63596e-03  -1.93484e-02   8.37891e-04  -2.80231e-03  -1.64185e-02   7.60549e-03   3.39842e-03  -5.32252e-02
