T0   -5.56529e-01  -1.61124e-01   1.08142e-01   1.14817e-01   1.15902e-01  -9.02021e-02   9.17633e-02   1.85155e-01  -6.08533e-02   5.48334e-02  -9.84963e-02  -1.12669e-01   2.61747e-01  -8.35098e-02  -7.96276e-02   2.74867e-02   3.58968e-02   3.32827e-04  -4.23907e-02  -1.96825e-02  -1.33717e-01
T1   -8.66700e-01   1.08142e-01   2.27130e-01   9.92168e-02  -2.85646e-01   3.54511e-02   1.14571e-01  -2.62208e-01  -4.51571e-03   8.72771e-02   1.78545e-01   1.20881e-01   5.05250e-01   1.18826e-01   8.28691e-02   6.25604e-03   4.64963e-02   7.73245e-02  -1.84443e-02   2.86615e-02   1.17071e-01
T2   -6.29432e-01   1.14817e-01   9.92168e-02  -1.72092e-01   1.66616e-03  -2.11452e-03   3.14040e-02   1.35255e-01  -3.60323e-02   2.38587e-02   1.17847e-01   2.00407e-01   4.40693e-02   6.07607e-02   6.70859e-02   4.44110e-02  -3.92043e-02  -2.27643e-02   1.78521e-02  -2.08657e-02   1.24884e-01
T3   -1.14169e+00   1.15902e-01  -2.85646e-01   1.66616e-03   1.94440e-01   7.51984e-02   1.03115e-01   3.17492e-01   1.55956e-02  -1.26887e-01   2.05577e-01   2.45803e-01  -2.01538e-01   1.42797e-01   1.77750e-01   7.70380e-02   3.04852e-02   4.60217e-02   3.90649e-02  -4.21577e-03   1.55403e-01
T4    2.49960e+00  -9.02021e-02   3.54511e-02  -2.11452e-03   7.51984e-02  -9.40728e-01   2.28237e-02   1.28085e-01  -9.09963e-02  -1.16351e-01  -1.67105e-01  -1.66438e-01   1.03178e-01  -2.16048e-01  -2.27986e-01  -7.97966e-02  -9.62221e-02  -6.40799e-02  -2.04275e-01  -1.19812e-01  -1.82262e-01
T5   -7.39990e-01   9.17633e-02   1.14571e-01   3.14040e-02   1.03115e-01   2.28237e-02   1.93454e-02   2.07826e-01   3.69541e-02   4.74908e-02   1.30770e-01   1.28721e-01   2.20651e-01   4.84668e-02   6.96057e-02   3.53397e-02   1.57212e-02   2.71487e-02  -3.60756e-02   1.44211e-02   1.00398e-01
T6   -1.54711e+00   1.85155e-01  -2.62208e-01   1.35255e-01   3.17492e-01   1.28085e-01   2.07826e-01   2.91104e-01   1.34924e-01  -6.06823e-02   1.76416e-01   2.31053e-01  -1.73415e-01   1.72823e-01   1.60956e-01   1.50996e-01   1.09991e-01   1.22699e-01   4.74973e-02   3.32503e-03   1.46683e-01
T7   -5.39955e-01  -6.08533e-02  -4.51571e-03  -3.60323e-02   1.55956e-02  -9.09963e-02   3.69541e-02   1.34924e-01  -1.15863e-01  -3.70696e-02   1.95141e-02   3.92482e-02   7.85050e-02  -4.74603e-02  -1.01053e-02  -2.53833e-02  -3.68589e-02  -3.12222e-02  -4.02092e-02  -1.53296e-02  -1.92234e-02
T8    4.19558e-01   5.48334e-02   8.72771e-02   2.38587e-02  -1.26887e-01  -1.16351e-01   4.74908e-02  -6.06823e-02  -3.70696e-02  -3.11850e-01   8.13020e-02   7.95999e-02   2.47011e-01  -2.88186e-02  -2.74975e-02   3.17381e-03  -3.99070e-02   5.68532e-04  -1.17457e-01  -7.75189e-02   5.48038e-02
T9    5.83906e-01  -9.84963e-02   1.78545e-01   1.17847e-01   2.05577e-01  -1.67105e-01   1.30770e-01   1.76416e-01   1.95141e-02   8.13020e-02  -3.66612e-01  -2.64970e-01   1.50583e-01  -1.87627e-01  -2.68981e-01   9.50391e-02   3.29578e-02  -2.57488e-02  -1.40715e-01  -1.52921e-01  -2.55533e-01
T10   -1.49764e-01  -1.12669e-01   1.20881e-01   2.00407e-01   2.45803e-01  -1.66438e-01   1.28721e-01   2.31053e-01   3.92482e-02   7.95999e-02  -2.64970e-01  -3.08095e-01   2.50733e-01  -1.61379e-01  -2.54901e-01   5.96812e-02   6.16467e-02   3.13627e-02  -1.80574e-01  -1.14022e-01  -2.24414e-01
T11   -1.51200e+00   2.61747e-01   5.05250e-01   4.40693e-02  -2.01538e-01   1.03178e-01   2.20651e-01  -1.73415e-01   7.85050e-02   2.47011e-01   1.50583e-01   2.50733e-01   3.18871e-01   2.19635e-01   1.49628e-01   2.04389e-01   8.95854e-02   1.19765e-01   1.60471e-01   1.14828e-02   1.53701e-01
T12    1.55886e+00  -8.35098e-02   1.18826e-01   6.07607e-02   1.42797e-01  -2.16048e-01   4.84668e-02   1.72823e-01  -4.74603e-02  -2.88186e-02  -1.87627e-01  -1.61379e-01   2.19635e-01  -4.70709e-01  -2.50137e-01  -4.74449e-03   4.51903e-03  -1.36157e-02  -1.97207e-01  -1.22776e-01  -1.50194e-01
T13    1.08318e+00  -7.96276e-02   8.28691e-02   6.70859e-02   1.77750e-01  -2.27986e-01   6.96057e-02   1.60956e-01  -1.01053e-02  -2.74975e-02  -2.68981e-01  -2.54901e-01   1.49628e-01  -2.50137e-01  -3.58204e-01  -2.95866e-03  -1.16720e-02  -1.82380e-02  -2.67640e-01  -2.16068e-01  -2.09007e-01
T14   -5.12639e-01   2.74867e-02   6.25604e-03   4.44110e-02   7.70380e-02  -7.97966e-02   3.53397e-02   1.50996e-01  -2.53833e-02   3.17381e-03   9.50391e-02   5.96812e-02   2.04389e-01  -4.74449e-03  -2.95866e-03  -8.11458e-02   5.26690e-02   4.98796e-02  -1.62668e-01  -1.09506e-01   4.50294e-02
T15   -6.17999e-01   3.58968e-02   4.64963e-02  -3.92043e-02   3.04852e-02  -9.62221e-02   1.57212e-02   1.09991e-01  -3.68589e-02  -3.99070e-02   3.29578e-02   6.16467e-02   8.95854e-02   4.51903e-03  -1.16720e-02   5.26690e-02  -7.27099e-02  -3.41197e-02  -9.15596e-03  -1.71068e-02   2.37222e-02
T16   -4.22823e-01   3.32827e-04   7.73245e-02  -2.27643e-02   4.60217e-02  -6.40799e-02   2.71487e-02   1.22699e-01  -3.12222e-02   5.68532e-04  -2.57488e-02   3.13627e-02   1.19765e-01  -1.36157e-02  -1.82380e-02   4.98796e-02  -3.41197e-02  -8.58501e-02  -4.31106e-03  -2.43769e-02  -5.57468e-02
T17    1.97247e+00  -4.23907e-02  -1.84443e-02   1.78521e-02   3.90649e-02  -2.04275e-01  -3.60756e-02   4.74973e-02  -4.02092e-02  -1.17457e-01  -1.40715e-01  -1.80574e-01   1.60471e-01  -1.97207e-01  -2.67640e-01  -1.62668e-01  -9.15596e-03  -4.31106e-03  -4.40245e-01  -1.96481e-01  -1.24343e-01
T18    8.01256e-01  -1.96825e-02   2.86615e-02  -2.08657e-02  -4.21577e-03  -1.19812e-01   1.44211e-02   3.32503e-03  -1.53296e-02  -7.75189e-02  -1.52921e-01  -1.14022e-01   1.14828e-02  -1.22776e-01  -2.16068e-01  -1.09506e-01  -1.71068e-02  -2.43769e-02  -1.96481e-01  -1.63037e-01  -1.03397e-01
T19    3.17792e-01  -1.33717e-01   1.17071e-01   1.24884e-01   1.55403e-01  -1.82262e-01   1.00398e-01   1.46683e-01  -1.92234e-02   5.48038e-02  -2.55533e-01  -2.24414e-01   1.53701e-01  -1.50194e-01  -2.09007e-01   4.50294e-02   2.37222e-02  -5.57468e-02  -1.24343e-01  -1.03397e-01  -2.87309e-01
