T0   -4.05929e-01  -6.80382e-02   1.59222e-02   3.64356e-02   1.42677e-02   5.46326e-04   1.36025e-02   3.01648e-02  -2.22386e-02   1.34509e-02  -1.22011e-02  -2.92297e-02   6.34759e-02  -1.68910e-02  -2.56284e-03   3.98783e-03   1.25304e-02  -4.05162e-03  -4.04837e-03   1.28992e-02  -3.10087e-02
T1   -1.07149e+00   1.59222e-02   3.73914e-02   7.40628e-02  -3.99855e-02   1.72432e-03   6.42395e-02  -3.48646e-02   2.05572e-02   3.22864e-02   2.51805e-02  -1.07058e-02   1.94218e-01  -1.34785e-02  -8.96453e-03   7.30608e-03   4.73976e-02   5.40956e-02  -2.48923e-02   5.64570e-03   7.46099e-03
T2   -7.71030e-01   3.64356e-02   7.40628e-02  -7.04144e-02   1.85339e-02   1.28230e-02   2.36397e-02   7.24195e-02  -5.82398e-03   2.70823e-02  -7.45940e-04   3.61001e-02   3.65876e-02  -2.78321e-03   3.54980e-04   2.99637e-02  -1.23571e-02   7.02893e-04  -1.29032e-03  -2.58118e-02   3.18118e-02
T3   -1.36123e+00   1.42677e-02  -3.99855e-02   1.85339e-02   5.34405e-02   3.91586e-02   5.79423e-02   1.16357e-01  -1.14252e-03  -5.75943e-03   2.18606e-02   3.28738e-02  -4.17481e-03   1.44444e-02   2.20142e-02   2.53765e-02   2.99173e-02   2.49577e-02  -9.66788e-03  -1.88139e-04   2.92442e-02
T4    2.30212e+00   5.46326e-04   1.72432e-03   1.28230e-02   3.91586e-02  -4.01026e-01   1.02247e-03   4.41846e-02  -5.37829e-03  -5.20526e-02  -3.61563e-02  -3.43941e-02   1.82772e-02  -5.81955e-02  -5.05736e-02  -1.11733e-02  -3.21393e-02  -3.93075e-03  -5.21492e-02  -2.08679e-02  -3.66100e-02
T5   -8.74780e-01   1.36025e-02   6.42395e-02   2.36397e-02   5.79423e-02   1.02247e-03  -2.75395e-02   9.18658e-02   3.24452e-02   3.28492e-02   8.94411e-03  -1.13129e-02   1.12145e-01  -1.35689e-02  -6.69503e-03   1.90821e-02   2.16773e-02   2.49046e-02  -3.39395e-02  -6.67319e-03   2.13814e-02
T6   -1.80711e+00   3.01648e-02  -3.48646e-02   7.24195e-02   1.16357e-01   4.41846e-02   9.18658e-02   9.05100e-02   4.07034e-02   1.29503e-02  -2.70014e-04   4.56229e-03   9.29630e-04   6.45093e-03   3.49737e-03   5.33752e-02   6.63365e-02   6.44486e-02   1.69217e-03   8.26708e-04   2.06941e-02
T7   -5.85201e-01  -2.22386e-02   2.05572e-02  -5.82398e-03  -1.14252e-03  -5.37829e-03   3.24452e-02   4.07034e-02  -5.68480e-02  -1.31257e-02   7.87095e-03   1.98191e-02   5.99939e-02  -1.07972e-02   9.10806e-03  -1.03948e-02  -8.58685e-03  -1.12278e-02  -2.14135e-03   7.86704e-03  -8.63790e-03
T8    3.85759e-01   1.34509e-02   3.22864e-02   2.70823e-02  -5.75943e-03  -5.20526e-02   3.28492e-02   1.29503e-02  -1.31257e-02  -1.14715e-01   9.28576e-03   3.99981e-04   1.15841e-01  -3.49737e-02  -2.75153e-02  -3.99182e-03   6.92597e-03   1.20479e-02  -4.86039e-02  -2.47311e-02   1.15756e-02
T9    9.55094e-01  -1.22011e-02   2.51805e-02  -7.45940e-04   2.18606e-02  -3.61563e-02   8.94411e-03  -2.70014e-04   7.87095e-03   9.28576e-03  -1.19494e-01  -5.94820e-02  -2.49822e-02  -3.63017e-02  -6.09565e-02   2.83968e-02  -6.21298e-03  -1.70203e-02   1.67229e-03  -2.95256e-02  -6.37825e-02
T10    2.50146e-01  -2.92297e-02  -1.07058e-02   3.61001e-02   3.28738e-02  -3.43941e-02  -1.13129e-02   4.56229e-03   1.98191e-02   3.99981e-04  -5.94820e-02  -9.03731e-02   1.65301e-02  -2.10159e-02  -5.50955e-02   1.20281e-02  -2.12903e-03  -2.57570e-03  -2.54169e-02  -1.22351e-02  -5.38820e-02
T11   -1.83639e+00   6.34759e-02   1.94218e-01   3.65876e-02  -4.17481e-03   1.82772e-02   1.12145e-01   9.29630e-04   5.99939e-02   1.15841e-01  -2.49822e-02   1.65301e-02   5.49560e-02   1.61581e-04  -1.02358e-02   7.66093e-02   6.39616e-02   6.74356e-02   3.01002e-02  -1.45657e-02   1.22493e-02
T12    1.90278e+00  -1.68910e-02  -1.34785e-02  -2.78321e-03   1.44444e-02  -5.81955e-02  -1.35689e-02   6.45093e-03  -1.07972e-02  -3.49737e-02  -3.63017e-02  -2.10159e-02   1.61581e-04  -2.45466e-01  -4.15007e-02  -4.83020e-03  -5.52085e-03  -7.57426e-03  -2.32640e-02  -1.66149e-02  -1.96314e-02
T13    1.31803e+00  -2.56284e-03  -8.96453e-03   3.54980e-04   2.20142e-02  -5.05736e-02  -6.69503e-03   3.49737e-03   9.10806e-03  -2.75153e-02  -6.09565e-02  -5.50955e-02  -1.02358e-02  -4.15007e-02  -1.02141e-01   4.29012e-03  -1.55144e-02  -1.45306e-02  -6.08737e-02  -5.90027e-02  -4.48464e-02
T14   -6.22982e-01   3.98783e-03   7.30608e-03   2.99637e-02   2.53765e-02  -1.11733e-02   1.90821e-02   5.33752e-02  -1.03948e-02  -3.99182e-03   2.83968e-02   1.20281e-02   7.66093e-02  -4.83020e-03   4.29012e-03  -5.26844e-02   2.76471e-02   1.72467e-02  -4.37020e-02  -1.84119e-02   8.38552e-03
T15   -6.80627e-01   1.25304e-02   4.73976e-02  -1.23571e-02   2.99173e-02  -3.21393e-02   2.16773e-02   6.63365e-02  -8.58685e-03   6.92597e-03  -6.21298e-03  -2.12903e-03   6.39616e-02  -5.52085e-03  -1.55144e-02   2.76471e-02  -3.89110e-02  -8.70199e-03  -1.28124e-02  -7.04890e-03   2.53235e-03
T16   -4.35385e-01  -4.05162e-03   5.40956e-02   7.02893e-04   2.49577e-02  -3.93075e-03   2.49046e-02   6.44486e-02  -1.12278e-02   1.20479e-02  -1.70203e-02  -2.57570e-03   6.74356e-02  -7.57426e-03  -1.45306e-02   1.72467e-02  -8.70199e-03  -3.86559e-02  -6.40491e-03  -9.56654e-03  -2.34082e-02
T17    2.03800e+00  -4.04837e-03  -2.48923e-02  -1.29032e-03  -9.66788e-03  -5.21492e-02  -3.39395e-02   1.69217e-03  -2.14135e-03  -4.86039e-02   1.67229e-03  -2.54169e-02   3.01002e-02  -2.32640e-02  -6.08737e-02  -4.37020e-02  -1.28124e-02  -6.40491e-03  -1.92229e-01  -6.33981e-02  -1.06626e-02
T18    8.07962e-01   1.28992e-02   5.64570e-03  -2.58118e-02  -1.88139e-04  -2.08679e-02  -6.67319e-03   8.26708e-04   7.86704e-03  -2.47311e-02  -2.95256e-02  -1.22351e-02  -1.45657e-02  -1.66149e-02  -5.90027e-02  -1.84119e-02  -7.04890e-03  -9.56654e-03  -6.33981e-02  -7.48945e-02  -8.72810e-03
T19    4.92269e-01  -3.10087e-02   7.46099e-03   3.18118e-02   2.92442e-02  -3.66100e-02   2.13814e-02   2.06941e-02  -8.63790e-03   1.15756e-02  -6.37825e-02  -5.38820e-02   1.22493e-02  -1.96314e-02  -4.48464e-02   8.38552e-03   2.53235e-03  -2.34082e-02  -1.06626e-02  -8.72810e-03  -8.92896e-02
