T0   -4.18165e-01  -1.38333e-01   5.24119e-02   8.37681e-02   7.27939e-02  -4.99097e-02   5.02022e-02   1.06557e-01  -2.71717e-02   4.41917e-02  -7.68367e-02  -9.24407e-02   1.58113e-01  -6.53845e-02  -4.76909e-02   2.06189e-02   2.43859e-02  -8.61674e-03  -3.45092e-02  -1.96770e-03  -1.03057e-01
T1   -1.02012e+00   5.24119e-02   1.45724e-01   9.14855e-02  -1.90998e-01   1.53354e-02   1.02460e-01  -1.63168e-01   2.44723e-03   5.81567e-02   1.31430e-01   8.61001e-02   3.92397e-01   8.07245e-02   6.72937e-02   8.36097e-03   4.18525e-02   6.98581e-02  -2.26979e-03   3.75247e-02   6.71419e-02
T2   -7.22610e-01   8.37681e-02   9.14855e-02  -1.29811e-01   1.59238e-02   3.81270e-03   3.06898e-02   1.17307e-01  -1.87907e-02   2.14119e-02   6.01621e-02   1.25318e-01   4.14433e-02   2.34947e-02   3.44049e-02   4.84184e-02  -2.48486e-02  -3.22441e-03   1.12294e-02  -2.84890e-02   9.17875e-02
T3   -1.27599e+00   7.27939e-02  -1.90998e-01   1.59238e-02   1.41716e-01   6.21160e-02   9.42887e-02   2.35329e-01   7.21451e-03  -8.03872e-02   1.32661e-01   1.40111e-01  -1.18717e-01   8.11565e-02   1.04814e-01   5.75386e-02   4.24208e-02   4.80004e-02   1.89815e-02  -5.61466e-03   1.17596e-01
T4    2.58616e+00  -4.99097e-02   1.53354e-02   3.81270e-03   6.21160e-02  -7.34849e-01   2.41887e-03   8.41040e-02  -4.37042e-02  -9.27917e-02  -1.20500e-01  -1.20683e-01   4.93331e-02  -1.56175e-01  -1.58847e-01  -5.22494e-02  -7.08829e-02  -4.27983e-02  -1.41619e-01  -8.19349e-02  -1.28803e-01
T5   -8.42036e-01   5.02022e-02   1.02460e-01   3.06898e-02   9.42887e-02   2.41887e-03   3.35888e-03   1.69541e-01   3.73218e-02   4.77725e-02   7.75713e-02   6.52051e-02   1.86054e-01   2.38891e-02   4.63713e-02   2.90384e-02   2.16903e-02   2.53752e-02  -2.85814e-02   7.76933e-03   6.72208e-02
T6   -1.71130e+00   1.06557e-01  -1.63168e-01   1.17307e-01   2.35329e-01   8.41040e-02   1.69541e-01   2.01189e-01   9.97312e-02  -1.86482e-02   1.03637e-01   1.29228e-01  -9.31979e-02   1.01865e-01   9.88982e-02   1.16653e-01   1.00370e-01   1.08395e-01   3.35584e-02   7.31653e-03   9.38116e-02
T7   -5.86078e-01  -2.71717e-02   2.44723e-03  -1.87907e-02   7.21451e-03  -4.37042e-02   3.73218e-02   9.97312e-02  -9.87816e-02  -3.99463e-02   1.41503e-02   2.81354e-02   7.34747e-02  -3.45320e-02  -3.79365e-03  -1.61214e-02  -1.44000e-02  -1.43844e-02  -2.34517e-02  -3.71631e-03  -1.64615e-02
T8    3.44731e-01   4.41917e-02   5.81567e-02   2.14119e-02  -8.03872e-02  -9.27917e-02   4.77725e-02  -1.86482e-02  -3.99463e-02  -2.34539e-01   6.42000e-02   5.27267e-02   1.95630e-01  -2.63506e-02  -2.09733e-02   1.06606e-02  -2.19158e-02   3.23172e-03  -8.67865e-02  -4.28592e-02   4.19931e-02
T9    8.10018e-01  -7.68367e-02   1.31430e-01   6.01621e-02   1.32661e-01  -1.20500e-01   7.75713e-02   1.03637e-01   1.41503e-02   6.42000e-02  -2.84039e-01  -1.96836e-01   7.69908e-02  -1.32542e-01  -1.93002e-01   6.10564e-02   8.39637e-03  -3.71378e-02  -8.00954e-02  -9.88922e-02  -1.89090e-01
T10    6.39280e-02  -9.24407e-02   8.61001e-02   1.25318e-01   1.40111e-01  -1.20683e-01   6.52051e-02   1.29228e-01   2.81354e-02   5.27267e-02  -1.96836e-01  -2.35703e-01   1.66293e-01  -1.10231e-01  -1.77205e-01   3.85362e-02   2.36857e-02   1.23177e-03  -1.15035e-01  -6.35985e-02  -1.66948e-01
T11   -1.70757e+00   1.58113e-01   3.92397e-01   4.14433e-02  -1.18717e-01   4.93331e-02   1.86054e-01  -9.31979e-02   7.34747e-02   1.95630e-01   7.69908e-02   1.66293e-01   1.98457e-01   1.35657e-01   9.58814e-02   1.57216e-01   7.93451e-02   1.06560e-01   1.33622e-01   1.60384e-02   9.24691e-02
T12    1.70729e+00  -6.53845e-02   8.07245e-02   2.34947e-02   8.11565e-02  -1.56175e-01   2.38891e-02   1.01865e-01  -3.45320e-02  -2.63506e-02  -1.32542e-01  -1.10231e-01   1.35657e-01  -3.97542e-01  -1.67469e-01  -5.27858e-03  -2.13557e-03  -2.29679e-02  -1.13128e-01  -8.09148e-02  -1.06209e-01
T13    1.16083e+00  -4.76909e-02   6.72937e-02   3.44049e-02   1.04814e-01  -1.58847e-01   4.63713e-02   9.88982e-02  -3.79365e-03  -2.09733e-02  -1.93002e-01  -1.77205e-01   9.58814e-02  -1.67469e-01  -2.62893e-01   1.33349e-02  -1.54775e-02  -1.77980e-02  -1.86279e-01  -1.52803e-01  -1.44536e-01
T14   -5.86326e-01   2.06189e-02   8.36097e-03   4.84184e-02   5.75386e-02  -5.22494e-02   2.90384e-02   1.16653e-01  -1.61214e-02   1.06606e-02   6.10564e-02   3.85362e-02   1.57216e-01  -5.27858e-03   1.33349e-02  -8.19932e-02   4.48683e-02   4.10038e-02  -1.02832e-01  -6.58067e-02   2.27260e-02
T15   -6.41552e-01   2.43859e-02   4.18525e-02  -2.48486e-02   4.24208e-02  -7.08829e-02   2.16903e-02   1.00370e-01  -1.44000e-02  -2.19158e-02   8.39637e-03   2.36857e-02   7.93451e-02  -2.13557e-03  -1.54775e-02   4.48683e-02  -5.91166e-02  -1.85801e-02  -1.85908e-02  -1.55459e-02   1.15091e-02
T16   -4.01145e-01  -8.61674e-03   6.98581e-02  -3.22441e-03   4.80004e-02  -4.27983e-02   2.53752e-02   1.08395e-01  -1.43844e-02   3.23172e-03  -3.71378e-02   1.23177e-03   1.06560e-01  -2.29679e-02  -1.77980e-02   4.10038e-02  -1.85801e-02  -7.01199e-02  -8.58355e-03  -1.72004e-02  -5.18628e-02
T17    1.97863e+00  -3.45092e-02  -2.26979e-03   1.12294e-02   1.89815e-02  -1.41619e-01  -2.85814e-02   3.35584e-02  -2.34517e-02  -8.67865e-02  -8.00954e-02  -1.15035e-01   1.33622e-01  -1.13128e-01  -1.86279e-01  -1.02832e-01  -1.85908e-02  -8.58355e-03  -3.45131e-01  -1.41127e-01  -7.51159e-02
T18    7.64741e-01  -1.96770e-03   3.75247e-02  -2.84890e-02  -5.61466e-03  -8.19349e-02   7.76933e-03   7.31653e-03  -3.71631e-03  -4.28592e-02  -9.88922e-02  -6.35985e-02   1.60384e-02  -8.09148e-02  -1.52803e-01  -6.58067e-02  -1.55459e-02  -1.72004e-02  -1.41127e-01  -1.25145e-01  -6.11697e-02
T19    4.96567e-01  -1.03057e-01   6.71419e-02   9.17875e-02   1.17596e-01  -1.28803e-01   6.72208e-02   9.38116e-02  -1.64615e-02   4.19931e-02  -1.89090e-01  -1.66948e-01   9.24691e-02  -1.06209e-01  -1.44536e-01   2.27260e-02   1.15091e-02  -5.18628e-02  -7.51159e-02  -6.11697e-02  -2.22006e-01
