T0   -5.73664e-01  -1.62348e-01   1.11801e-01   1.15735e-01   1.18265e-01  -9.40459e-02   9.84876e-02   1.94334e-01  -6.19712e-02   5.92886e-02  -1.00693e-01  -1.10499e-01   2.73087e-01  -8.54975e-02  -8.19402e-02   2.88815e-02   3.59863e-02   2.42486e-03  -4.52762e-02  -2.07421e-02  -1.38013e-01
T1   -8.52126e-01   1.11801e-01   2.36635e-01   1.01278e-01  -2.95145e-01   3.65564e-02   1.19197e-01  -2.71882e-01  -4.04233e-03   9.17408e-02   1.85249e-01   1.21337e-01   5.14413e-01   1.23334e-01   8.35648e-02   6.19993e-03   4.74803e-02   7.77072e-02  -2.24740e-02   2.54815e-02   1.21624e-01
T2   -6.21071e-01   1.15735e-01   1.01278e-01  -1.75779e-01  -3.70994e-04  -2.35000e-03   3.27181e-02   1.36682e-01  -3.80093e-02   2.23636e-02   1.23173e-01   2.07691e-01   4.51785e-02   6.26659e-02   6.88448e-02   4.52854e-02  -4.11621e-02  -2.42702e-02   1.97721e-02  -1.92462e-02   1.30247e-01
T3   -1.13155e+00   1.18265e-01  -2.95145e-01  -3.70994e-04   1.98340e-01   7.59794e-02   1.05512e-01   3.27919e-01   1.52456e-02  -1.30225e-01   2.11555e-01   2.57409e-01  -2.07475e-01   1.51048e-01   1.84802e-01   8.07119e-02   2.88991e-02   4.67717e-02   3.84492e-02  -3.33916e-03   1.62210e-01
T4    2.48400e+00  -9.40459e-02   3.65564e-02  -2.35000e-03   7.59794e-02  -9.60312e-01   1.99459e-02   1.34399e-01  -9.64962e-02  -1.13988e-01  -1.72885e-01  -1.69148e-01   1.08438e-01  -2.18766e-01  -2.34263e-01  -7.92620e-02  -9.87165e-02  -6.50500e-02  -2.13308e-01  -1.23461e-01  -1.85992e-01
T5   -7.30831e-01   9.84876e-02   1.19197e-01   3.27181e-02   1.05512e-01   1.99459e-02   2.25007e-02   2.10911e-01   3.46431e-02   4.76482e-02   1.34364e-01   1.33500e-01   2.24439e-01   5.07623e-02   7.24654e-02   3.58874e-02   1.68621e-02   2.55213e-02  -4.08409e-02   1.56625e-02   1.03636e-01
T6   -1.53172e+00   1.94334e-01  -2.71882e-01   1.36682e-01   3.27919e-01   1.34399e-01   2.10911e-01   3.04087e-01   1.37377e-01  -6.30316e-02   1.82616e-01   2.37493e-01  -1.78985e-01   1.80973e-01   1.67266e-01   1.52482e-01   1.12473e-01   1.24515e-01   4.62922e-02   2.35515e-03   1.50022e-01
T7   -5.43049e-01  -6.19712e-02  -4.04233e-03  -3.80093e-02   1.52456e-02  -9.64962e-02   3.46431e-02   1.37377e-01  -1.17578e-01  -3.83482e-02   2.17435e-02   4.11061e-02   8.08636e-02  -4.79190e-02  -1.14224e-02  -2.64567e-02  -3.83148e-02  -3.08218e-02  -4.11720e-02  -1.78741e-02  -1.68151e-02
T8    4.25864e-01   5.92886e-02   9.17408e-02   2.23636e-02  -1.30225e-01  -1.13988e-01   4.76482e-02  -6.30316e-02  -3.83482e-02  -3.16746e-01   8.43868e-02   7.88494e-02   2.52377e-01  -3.03374e-02  -2.99803e-02   3.09914e-03  -4.11213e-02  -1.96315e-03  -1.22876e-01  -8.23273e-02   5.53389e-02
T9    5.70405e-01  -1.00693e-01   1.85249e-01   1.23173e-01   2.11555e-01  -1.72885e-01   1.34364e-01   1.82616e-01   2.17435e-02   8.43868e-02  -3.75049e-01  -2.72709e-01   1.56551e-01  -1.92054e-01  -2.76376e-01   9.78421e-02   3.53885e-02  -2.58702e-02  -1.46071e-01  -1.58566e-01  -2.61949e-01
T10   -1.62405e-01  -1.10499e-01   1.21337e-01   2.07691e-01   2.57409e-01  -1.69148e-01   1.33500e-01   2.37493e-01   4.11061e-02   7.88494e-02  -2.72709e-01  -3.15754e-01   2.54435e-01  -1.66576e-01  -2.62339e-01   6.14957e-02   6.66028e-02   3.36921e-02  -1.88931e-01  -1.19520e-01  -2.30389e-01
T11   -1.49393e+00   2.73087e-01   5.14413e-01   4.51785e-02  -2.07475e-01   1.08438e-01   2.24439e-01  -1.78985e-01   8.08636e-02   2.52377e-01   1.56551e-01   2.54435e-01   3.29583e-01   2.23173e-01   1.55673e-01   2.08837e-01   9.09304e-02   1.22059e-01   1.62712e-01   9.35350e-03   1.59429e-01
T12    1.54743e+00  -8.54975e-02   1.23334e-01   6.26659e-02   1.51048e-01  -2.18766e-01   5.07623e-02   1.80973e-01  -4.79190e-02  -3.03374e-02  -1.92054e-01  -1.66576e-01   2.23173e-01  -4.79217e-01  -2.57302e-01  -6.26425e-03   6.36930e-03  -1.39579e-02  -2.04025e-01  -1.28345e-01  -1.54298e-01
T13    1.07477e+00  -8.19402e-02   8.35648e-02   6.88448e-02   1.84802e-01  -2.34263e-01   7.24654e-02   1.67266e-01  -1.14224e-02  -2.99803e-02  -2.76376e-01  -2.62339e-01   1.55673e-01  -2.57302e-01  -3.67732e-01  -3.21851e-03  -1.01905e-02  -1.81951e-02  -2.77107e-01  -2.24037e-01  -2.15089e-01
T14   -5.05931e-01   2.88815e-02   6.19993e-03   4.52854e-02   8.07119e-02  -7.92620e-02   3.58874e-02   1.52482e-01  -2.64567e-02   3.09914e-03   9.78421e-02   6.14957e-02   2.08837e-01  -6.26425e-03  -3.21851e-03  -8.35017e-02   5.43156e-02   5.00353e-02  -1.68316e-01  -1.14358e-01   4.60901e-02
T15   -6.18057e-01   3.59863e-02   4.74803e-02  -4.11621e-02   2.88991e-02  -9.87165e-02   1.68621e-02   1.12473e-01  -3.83148e-02  -4.11213e-02   3.53885e-02   6.66028e-02   9.09304e-02   6.36930e-03  -1.01905e-02   5.43156e-02  -7.59580e-02  -3.37657e-02  -7.19716e-03  -1.57475e-02   2.33480e-02
T16   -4.25019e-01   2.42486e-03   7.77072e-02  -2.42702e-02   4.67717e-02  -6.50500e-02   2.55213e-02   1.24515e-01  -3.08218e-02  -1.96315e-03  -2.58702e-02   3.36921e-02   1.22059e-01  -1.39579e-02  -1.81951e-02   5.00353e-02  -3.37657e-02  -8.84202e-02  -2.34494e-03  -2.53575e-02  -5.59811e-02
T17    1.97762e+00  -4.52762e-02  -2.24740e-02   1.97721e-02   3.84492e-02  -2.13308e-01  -4.08409e-02   4.62922e-02  -4.11720e-02  -1.22876e-01  -1.46071e-01  -1.88931e-01   1.62712e-01  -2.04025e-01  -2.77107e-01  -1.68316e-01  -7.19716e-03  -2.34494e-03  -4.50200e-01  -2.01279e-01  -1.28652e-01
T18    8.05103e-01  -2.07421e-02   2.54815e-02  -1.92462e-02  -3.33916e-03  -1.23461e-01   1.56625e-02   2.35515e-03  -1.78741e-02  -8.23273e-02  -1.58566e-01  -1.19520e-01   9.35350e-03  -1.28345e-01  -2.24037e-01  -1.14358e-01  -1.57475e-02  -2.53575e-02  -2.01279e-01  -1.66958e-01  -1.07287e-01
T19    3.04167e-01  -1.38013e-01   1.21624e-01   1.30247e-01   1.62210e-01  -1.85992e-01   1.03636e-01   1.50022e-01  -1.68151e-02   5.53389e-02  -2.61949e-01  -2.30389e-01   1.59429e-01  -1.54298e-01  -2.15089e-01   4.60901e-02   2.33480e-02  -5.59811e-02  -1.28652e-01  -1.07287e-01  -2.94315e-01
