T0   -2.58224e-01  -1.24889e+00   5.23675e-02  -6.13242e-02   1.95507e-01  -1.21848e+00  -1.02940e-01   2.03239e-01  -5.34796e-01  -3.21594e-01  -9.88489e-01  -9.19891e-01   5.15308e-01  -9.86717e-01  -8.01841e-01  -4.28491e-01  -4.60811e-01  -4.55113e-01  -6.25149e-01  -7.04443e-01  -1.12800e+00
T1   -2.11079e-01   5.23675e-02   3.48077e-01   1.77049e-01  -9.24405e-01  -1.90881e-01   1.34038e-01  -6.84076e-01   2.20353e-01  -1.10879e-01   4.01662e-01   4.01824e-01   1.49933e+00   1.67944e-01  -2.09152e-01   3.30762e-01   5.64200e-02   2.33533e-01  -9.44912e-01  -5.37420e-01   2.65182e-01
T2   -1.16700e-01  -6.13242e-02   1.77049e-01  -3.92860e-01  -7.47271e-02  -2.00028e-01   1.21154e-01   4.15102e-01  -2.82381e-01   2.27225e-01   5.51656e-01   6.55512e-01   3.41385e-01   1.04570e-01   3.40375e-01   2.69963e-01  -4.52832e-01  -2.02443e-01  -1.96819e-02   1.31225e-01   5.03860e-01
T3   -4.83999e-01   1.95507e-01  -9.24405e-01  -7.47271e-02   8.60755e-01   1.78897e-01   6.18230e-01   1.41782e+00  -1.47008e-01  -3.05630e-01   1.00999e+00   1.04375e+00  -3.89616e-01   5.92102e-01   1.21819e+00   5.99831e-01  -4.95794e-01  -2.29736e-01   1.45955e+00   1.22449e+00   7.76019e-01
T4    1.94289e+00  -1.21848e+00  -1.90881e-01  -2.00028e-01   1.78897e-01  -4.02416e+00  -1.90725e-01   2.12459e-01  -7.89216e-01  -7.28848e-01  -8.15925e-01  -5.88618e-01   3.15231e-01  -1.10330e+00  -9.21774e-01  -5.07363e-01  -6.02856e-01  -4.37636e-01  -1.08154e+00  -6.05254e-01  -9.25807e-01
T5   -4.66713e-02  -1.02940e-01   1.34038e-01   1.21154e-01   6.18230e-01  -1.90725e-01   3.79104e-01   8.83384e-01   4.05238e-02   1.95708e-01   3.92889e-01   5.98667e-01   5.34643e-01   1.32781e-01   1.98661e-01   2.62460e-01  -2.14461e-01  -6.24626e-02  -2.42699e-01   7.51123e-02   2.76685e-01
T6   -6.56203e-01   2.03239e-01  -6.84076e-01   4.15102e-01   1.41782e+00   2.12459e-01   8.83384e-01   1.67820e+00   2.48718e-01   3.60824e-01   6.68486e-01   9.88405e-01  -3.20440e-01   5.62566e-01   8.49684e-01   5.37165e-01  -2.87023e-01   2.20952e-02   8.12516e-01   8.04434e-01   5.04623e-01
T7   -4.70662e-01  -5.34796e-01   2.20353e-01  -2.82381e-01  -1.47008e-01  -7.89216e-01   4.05238e-02   2.48718e-01  -5.50876e-01  -1.60644e-01   1.26750e-01   2.02097e-01   5.60988e-01  -4.25182e-01  -3.53481e-01  -9.48432e-02  -4.21856e-01  -2.27110e-01  -5.25554e-01  -4.41746e-01  -8.03396e-02
T8    6.27804e-01  -3.21594e-01  -1.10879e-01   2.27225e-01  -3.05630e-01  -7.28848e-01   1.95708e-01   3.60824e-01  -1.60644e-01  -5.55512e-01  -1.22246e-02   3.90046e-02   4.94556e-01  -1.90331e-01  -1.45448e-01  -2.09010e-01  -6.03475e-01  -1.25033e-01  -6.67916e-01  -4.54826e-01  -6.93184e-02
T9   -3.10243e-01  -9.88489e-01   4.01662e-01   5.51656e-01   1.00999e+00  -8.15925e-01   3.92889e-01   6.68486e-01   1.26750e-01  -1.22246e-02  -4.45841e-01   3.70489e-01   1.42491e+00  -2.70650e-01  -6.43508e-01   8.11698e-01   7.90670e-02   2.92085e-01  -5.64095e-01  -5.61237e-01  -4.99615e-01
T10   -9.24932e-01  -9.19891e-01   4.01824e-01   6.55512e-01   1.04375e+00  -5.88618e-01   5.98667e-01   9.88405e-01   2.02097e-01   3.90046e-02   3.70489e-01   1.02662e+00   1.98545e+00   2.81135e-01  -5.28310e-01   1.10407e+00   1.57998e-01   6.32166e-01  -7.03567e-01  -4.48495e-01   7.98278e-04
T11   -5.50746e-01   5.15308e-01   1.49933e+00   3.41385e-01  -3.89616e-01   3.15231e-01   5.34643e-01  -3.20440e-01   5.60988e-01   4.94556e-01   1.42491e+00   1.98545e+00   2.49213e+00   9.88922e-01   2.30929e-01   1.62780e+00   2.19680e-01   5.36733e-01  -5.25386e-01  -4.01601e-01   1.10061e+00
T12    1.00692e+00  -9.86717e-01   1.67944e-01   1.04570e-01   5.92102e-01  -1.10330e+00   1.32781e-01   5.62566e-01  -4.25182e-01  -1.90331e-01  -2.70650e-01   2.81135e-01   9.88922e-01  -1.02224e+00  -7.48178e-01   6.54305e-02  -1.63781e-01   6.65529e-02  -8.72062e-01  -6.23932e-01  -4.30279e-01
T13    1.13512e-01  -8.01841e-01  -2.09152e-01   3.40375e-01   1.21819e+00  -9.21774e-01   1.98661e-01   8.49684e-01  -3.53481e-01  -1.45448e-01  -6.43508e-01  -5.28310e-01   2.30929e-01  -7.48178e-01  -1.34029e-01  -4.77468e-01   2.52683e-01   5.57002e-01  -4.40895e-02   1.26285e-01  -6.74460e-01
T14   -2.04389e-01  -4.28491e-01   3.30762e-01   2.69963e-01   5.99831e-01  -5.07363e-01   2.62460e-01   5.37165e-01  -9.48432e-02  -2.09010e-01   8.11698e-01   1.10407e+00   1.62780e+00   6.54305e-02  -4.77468e-01   4.92146e-01  -4.72986e-02   3.55124e-01  -1.13221e+00  -8.34666e-01   4.33326e-01
T15   -2.56433e-01  -4.60811e-01   5.64200e-02  -4.52832e-01  -4.95794e-01  -6.02856e-01  -2.14461e-01  -2.87023e-01  -4.21856e-01  -6.03475e-01   7.90670e-02   1.57998e-01   2.19680e-01  -1.63781e-01   2.52683e-01  -4.72986e-02  -5.94299e-01  -4.07354e-01   5.84175e-02   1.74715e-01  -1.56966e-01
T16   -3.08066e-01  -4.55113e-01   2.33533e-01  -2.02443e-01  -2.29736e-01  -4.37636e-01  -6.24626e-02   2.20952e-02  -2.27110e-01  -1.25033e-01   2.92085e-01   6.32166e-01   5.36733e-01   6.65529e-02   5.57002e-01   3.55124e-01  -4.07354e-01  -3.98357e-01   4.31759e-01   3.82286e-01   3.33864e-02
T17    1.25585e+00  -6.25149e-01  -9.44912e-01  -1.96819e-02   1.45955e+00  -1.08154e+00  -2.42699e-01   8.12516e-01  -5.25554e-01  -6.67916e-01  -5.64095e-01  -7.03567e-01  -5.25386e-01  -8.72062e-01  -4.40895e-02  -1.13221e+00   5.84175e-02   4.31759e-01   5.17798e-01   3.31214e-01  -5.47199e-01
T18    2.67099e-01  -7.04443e-01  -5.37420e-01   1.31225e-01   1.22449e+00  -6.05254e-01   7.51123e-02   8.04434e-01  -4.41746e-01  -4.54826e-01  -5.61237e-01  -4.48495e-01  -4.01601e-01  -6.23932e-01   1.26285e-01  -8.34666e-01   1.74715e-01   3.82286e-01   3.31214e-01   2.18191e-01  -5.35127e-01
T19   -4.15728e-01  -1.12800e+00   2.65182e-01   5.03860e-01   7.76019e-01  -9.25807e-01   2.76685e-01   5.04623e-01  -8.03396e-02  -6.93184e-02  -4.99615e-01   7.98278e-04   1.10061e+00  -4.30279e-01  -6.74460e-01   4.33326e-01  -1.56966e-01   3.33864e-02  -5.47199e-01  -5.35127e-01  -7.55470e-01
