T0   -4.35927e-01  -1.44652e-01   5.78279e-02   9.20024e-02   8.23045e-02  -5.51106e-02   5.19649e-02   1.13651e-01  -2.80199e-02   4.63955e-02  -8.17809e-02  -9.37928e-02   1.68970e-01  -6.95014e-02  -5.31379e-02   2.20373e-02   2.57654e-02  -7.72105e-03  -3.68179e-02  -3.73596e-03  -1.08235e-01
T1   -1.00010e+00   5.78279e-02   1.56816e-01   9.38300e-02  -2.05563e-01   2.00110e-02   1.04910e-01  -1.75370e-01   2.38883e-03   5.91183e-02   1.39215e-01   9.14993e-02   4.07120e-01   8.46240e-02   7.06039e-02   5.91572e-03   4.33984e-02   6.99589e-02  -2.37525e-03   3.72768e-02   7.30910e-02
T2   -7.10715e-01   9.20024e-02   9.38300e-02  -1.36959e-01   1.19758e-02   4.77943e-03   3.11964e-02   1.18787e-01  -2.35017e-02   2.12733e-02   6.56467e-02   1.35086e-01   4.17109e-02   2.48801e-02   3.60147e-02   4.85983e-02  -2.59952e-02  -4.21600e-03   1.54114e-02  -2.73936e-02   9.63124e-02
T3   -1.25891e+00   8.23045e-02  -2.05563e-01   1.19758e-02   1.46024e-01   6.75542e-02   9.64398e-02   2.42706e-01   7.05940e-03  -8.86964e-02   1.41328e-01   1.53665e-01  -1.30540e-01   8.79323e-02   1.14190e-01   5.88606e-02   4.24470e-02   5.07875e-02   2.09533e-02  -7.22221e-03   1.24536e-01
T4    2.58218e+00  -5.51106e-02   2.00110e-02   4.77943e-03   6.75542e-02  -7.61983e-01   5.47184e-03   8.42707e-02  -4.78158e-02  -9.38173e-02  -1.26790e-01  -1.28564e-01   5.16305e-02  -1.65914e-01  -1.67190e-01  -5.59496e-02  -7.48350e-02  -4.67788e-02  -1.49367e-01  -8.74335e-02  -1.34444e-01
T5   -8.30369e-01   5.19649e-02   1.04910e-01   3.11964e-02   9.64398e-02   5.47184e-03   5.91552e-03   1.72826e-01   3.47296e-02   4.75015e-02   8.61717e-02   7.78300e-02   1.90303e-01   2.53470e-02   5.04850e-02   3.15696e-02   1.93699e-02   2.47364e-02  -2.92737e-02   8.31863e-03   7.08883e-02
T6   -1.69059e+00   1.13651e-01  -1.75370e-01   1.18787e-01   2.42706e-01   8.42707e-02   1.72826e-01   2.09808e-01   1.01803e-01  -2.43321e-02   1.14287e-01   1.46109e-01  -1.02793e-01   1.16706e-01   1.07096e-01   1.21241e-01   1.01692e-01   1.10499e-01   3.45588e-02   7.59947e-03   1.01349e-01
T7   -5.72624e-01  -2.80199e-02   2.38883e-03  -2.35017e-02   7.05940e-03  -4.78158e-02   3.47296e-02   1.01803e-01  -1.01304e-01  -3.92456e-02   1.32022e-02   2.79387e-02   7.35298e-02  -3.58619e-02  -1.78919e-03  -1.69816e-02  -1.81869e-02  -1.74425e-02  -2.41747e-02  -3.75114e-03  -1.94672e-02
T8    3.53282e-01   4.63955e-02   5.91183e-02   2.12733e-02  -8.86964e-02  -9.38173e-02   4.75015e-02  -2.43321e-02  -3.92456e-02  -2.45314e-01   6.76341e-02   5.75527e-02   2.01821e-01  -2.69888e-02  -2.09417e-02   1.15416e-02  -2.56037e-02   5.05797e-03  -9.13587e-02  -4.77469e-02   4.42693e-02
T9    7.78527e-01  -8.17809e-02   1.39215e-01   6.56467e-02   1.41328e-01  -1.26790e-01   8.61717e-02   1.14287e-01   1.32022e-02   6.76341e-02  -2.93641e-01  -2.06753e-01   8.85915e-02  -1.39208e-01  -2.02663e-01   6.59660e-02   9.65127e-03  -3.58028e-02  -8.80412e-02  -1.05207e-01  -1.96657e-01
T10    2.93881e-02  -9.37928e-02   9.14993e-02   1.35086e-01   1.53665e-01  -1.28564e-01   7.78300e-02   1.46109e-01   2.79387e-02   5.75527e-02  -2.06753e-01  -2.45180e-01   1.80673e-01  -1.16132e-01  -1.85885e-01   4.01373e-02   2.69885e-02   2.31601e-03  -1.23175e-01  -6.87830e-02  -1.76083e-01
T11   -1.68262e+00   1.68970e-01   4.07120e-01   4.17109e-02  -1.30540e-01   5.16305e-02   1.90303e-01  -1.02793e-01   7.35298e-02   2.01821e-01   8.85915e-02   1.80673e-01   2.12158e-01   1.47216e-01   1.01629e-01   1.64593e-01   8.03765e-02   1.07036e-01   1.36964e-01   1.56854e-02   9.99376e-02
T12    1.68480e+00  -6.95014e-02   8.46240e-02   2.48801e-02   8.79323e-02  -1.65914e-01   2.53470e-02   1.16706e-01  -3.58619e-02  -2.69888e-02  -1.39208e-01  -1.16132e-01   1.47216e-01  -4.08001e-01  -1.76746e-01  -3.95378e-03  -2.06683e-03  -2.47862e-02  -1.19672e-01  -8.46920e-02  -1.11510e-01
T13    1.14748e+00  -5.31379e-02   7.06039e-02   3.60147e-02   1.14190e-01  -1.67190e-01   5.04850e-02   1.07096e-01  -1.78919e-03  -2.09417e-02  -2.02663e-01  -1.85885e-01   1.01629e-01  -1.76746e-01  -2.75545e-01   1.12292e-02  -1.57922e-02  -1.69080e-02  -1.96170e-01  -1.61564e-01  -1.52085e-01
T14   -5.75225e-01   2.20373e-02   5.91572e-03   4.85983e-02   5.88606e-02  -5.59496e-02   3.15696e-02   1.21241e-01  -1.69816e-02   1.15416e-02   6.59660e-02   4.01373e-02   1.64593e-01  -3.95378e-03   1.12292e-02  -8.23068e-02   4.64064e-02   4.15171e-02  -1.07773e-01  -7.11310e-02   2.35997e-02
T15   -6.36516e-01   2.57654e-02   4.33984e-02  -2.59952e-02   4.24470e-02  -7.48350e-02   1.93699e-02   1.01692e-01  -1.81869e-02  -2.56037e-02   9.65127e-03   2.69885e-02   8.03765e-02  -2.06683e-03  -1.57922e-02   4.64064e-02  -6.03995e-02  -1.95944e-02  -1.79910e-02  -1.57604e-02   1.38938e-02
T16   -4.00912e-01  -7.72105e-03   6.99589e-02  -4.21600e-03   5.07875e-02  -4.67788e-02   2.47364e-02   1.10499e-01  -1.74425e-02   5.05797e-03  -3.58028e-02   2.31601e-03   1.07036e-01  -2.47862e-02  -1.69080e-02   4.15171e-02  -1.95944e-02  -7.26378e-02  -8.80574e-03  -1.78360e-02  -5.31800e-02
T17    1.97244e+00  -3.68179e-02  -2.37525e-03   1.54114e-02   2.09533e-02  -1.49367e-01  -2.92737e-02   3.45588e-02  -2.41747e-02  -9.13587e-02  -8.80412e-02  -1.23175e-01   1.36964e-01  -1.19672e-01  -1.96170e-01  -1.07773e-01  -1.79910e-02  -8.80574e-03  -3.56381e-01  -1.46552e-01  -7.94645e-02
T18    7.68707e-01  -3.73596e-03   3.72768e-02  -2.73936e-02  -7.22221e-03  -8.74335e-02   8.31863e-03   7.59947e-03  -3.75114e-03  -4.77469e-02  -1.05207e-01  -6.87830e-02   1.56854e-02  -8.46920e-02  -1.61564e-01  -7.11310e-02  -1.57604e-02  -1.78360e-02  -1.46552e-01  -1.29633e-01  -6.65136e-02
T19    4.77707e-01  -1.08235e-01   7.30910e-02   9.63124e-02   1.24536e-01  -1.34444e-01   7.08883e-02   1.01349e-01  -1.94672e-02   4.42693e-02  -1.96657e-01  -1.76083e-01   9.99376e-02  -1.11510e-01  -1.52085e-01   2.35997e-02   1.38938e-02  -5.31800e-02  -7.94645e-02  -6.65136e-02  -2.30496e-01
