T0   -2.50015e-01  -6.56317e-01   2.91005e-01   1.93824e-01   4.13091e-01  -7.82950e-01   1.26983e-01   4.18719e-01  -1.09385e-01  -5.37853e-02  -8.22197e-01  -8.81992e-01   6.14468e-01  -7.45987e-01  -6.67638e-01  -1.49560e-01  -3.05244e-02  -2.54020e-01  -3.59679e-01  -5.04430e-01  -9.15388e-01
T1   -3.90030e-01   2.91005e-01   5.68188e-01   3.91659e-01  -5.48791e-01  -4.72228e-02   2.63142e-01  -5.11608e-01   2.78219e-01   1.87947e-01   2.99387e-01   2.20900e-01   1.47875e+00   1.47286e-01  -1.97624e-02   4.06690e-01   3.18353e-01   3.57858e-01  -5.54618e-01  -2.58892e-01   2.31596e-01
T2   -2.86903e-01   1.93824e-01   3.91659e-01  -3.53119e-01   6.13528e-02  -6.03235e-02   1.08583e-01   3.63620e-01  -1.52752e-02   2.05705e-01   4.39683e-01   5.03846e-01   4.18709e-01   1.56382e-01   3.70618e-01   2.96598e-01  -1.19401e-01  -2.73253e-02   2.03737e-01   1.98217e-01   3.92466e-01
T3   -7.17060e-01   4.13091e-01  -5.48791e-01   6.13528e-02   1.00556e+00   2.82610e-01   5.48172e-01   1.46984e+00   1.96930e-01  -4.53209e-01   8.28109e-01   8.20402e-01  -3.29975e-01   6.12026e-01   9.46100e-01   6.09415e-01  -9.31414e-02   6.17857e-02   9.42034e-01   4.89632e-01   6.72579e-01
T4    2.20592e+00  -7.82950e-01  -4.72228e-02  -6.03235e-02   2.82610e-01  -3.11389e+00  -1.20757e-01   2.59565e-01  -4.54565e-01  -6.82063e-01  -8.49550e-01  -8.76563e-01   1.88014e-01  -9.89452e-01  -7.85824e-01  -5.09081e-01  -3.24431e-01  -3.15120e-01  -7.80046e-01  -5.03221e-01  -9.40862e-01
T5   -1.92393e-01   1.26983e-01   2.63142e-01   1.08583e-01   5.48172e-01  -1.20757e-01   2.04448e-01   7.23994e-01   2.20877e-01   1.84051e-01   2.28003e-01   2.59192e-01   5.23999e-01   2.63082e-02   2.42621e-01   2.24020e-01   3.79244e-02   2.04040e-02   3.93294e-02   1.21232e-01   1.31938e-01
T6   -8.63885e-01   4.18719e-01  -5.11608e-01   3.63620e-01   1.46984e+00   2.59565e-01   7.23994e-01   1.56338e+00   4.96171e-01  -1.44421e-01   4.92942e-01   6.33442e-01  -3.01291e-01   5.11052e-01   6.97561e-01   5.34807e-01   9.27355e-02   1.83735e-01   7.70378e-01   4.59523e-01   3.88154e-01
T7   -6.26495e-01  -1.09385e-01   2.78219e-01  -1.52752e-02   1.96930e-01  -4.54565e-01   2.20877e-01   4.96171e-01  -2.47567e-01   8.85327e-02   4.59688e-02   4.91293e-02   5.63228e-01  -2.46146e-01  -1.20680e-01   8.94053e-02  -2.73161e-02  -5.30176e-02  -1.55942e-01  -1.79344e-01  -1.15529e-01
T8    6.02706e-01  -5.37853e-02   1.87947e-01   2.05705e-01  -4.53209e-01  -6.82063e-01   1.84051e-01  -1.44421e-01   8.85327e-02  -4.88807e-01   7.25590e-02   2.53197e-02   6.04971e-01  -2.11653e-01  -2.24213e-01  -3.06726e-02  -2.94244e-01  -9.59755e-02  -4.08967e-01  -3.14529e-01   2.31050e-02
T9   -4.73897e-03  -8.22197e-01   2.99387e-01   4.39683e-01   8.28109e-01  -8.49550e-01   2.28003e-01   4.92942e-01   4.59688e-02   7.25590e-02  -9.47228e-01  -5.92385e-01   7.40656e-01  -6.77995e-01  -6.19633e-01   2.70961e-01   8.04085e-02   4.59296e-02  -3.73424e-01  -4.65497e-01  -8.79155e-01
T10   -6.28372e-01  -8.81992e-01   2.20900e-01   5.03846e-01   8.20402e-01  -8.76563e-01   2.59192e-01   6.33442e-01   4.91293e-02   2.53197e-02  -5.92385e-01  -4.18317e-01   9.10744e-01  -5.23228e-01  -5.69468e-01   2.39621e-01   1.10557e-01   2.12089e-01  -5.01948e-01  -4.25881e-01  -6.96156e-01
T11   -7.61911e-01   6.14468e-01   1.47875e+00   4.18709e-01  -3.29975e-01   1.88014e-01   5.23999e-01  -3.01291e-01   5.63228e-01   6.04971e-01   7.40656e-01   9.10744e-01   1.93578e+00   5.12354e-01   3.54287e-01   1.11443e+00   4.00680e-01   4.87194e-01  -1.43218e-01  -1.91455e-01   6.16918e-01
T12    1.27645e+00  -7.45987e-01   1.47286e-01   1.56382e-01   6.12026e-01  -9.89452e-01   2.63082e-02   5.11052e-01  -2.46146e-01  -2.11653e-01  -6.77995e-01  -5.23228e-01   5.12354e-01  -1.22363e+00  -7.32801e-01  -2.41221e-01  -7.37769e-02  -2.60431e-02  -6.78299e-01  -5.38658e-01  -7.10412e-01
T13    2.43932e-01  -6.67638e-01  -1.97624e-02   3.70618e-01   9.46100e-01  -7.85824e-01   2.42621e-01   6.97561e-01  -1.20680e-01  -2.24213e-01  -6.19633e-01  -5.69468e-01   3.54287e-01  -7.32801e-01  -6.90356e-01  -2.87175e-01   7.64613e-02   3.40315e-01  -4.32762e-01  -3.72342e-01  -5.94497e-01
T14   -2.89877e-01  -1.49560e-01   4.06690e-01   2.96598e-01   6.09415e-01  -5.09081e-01   2.24020e-01   5.34807e-01   8.94053e-02  -3.06726e-02   2.70961e-01   2.39621e-01   1.11443e+00  -2.41221e-01  -2.87175e-01   1.69288e-01   1.27488e-01   2.45170e-01  -7.57525e-01  -5.84075e-01   7.00667e-02
T15   -4.29087e-01  -3.05244e-02   3.18353e-01  -1.19401e-01  -9.31414e-02  -3.24431e-01   3.79244e-02   9.27355e-02  -2.73161e-02  -2.94244e-01   8.04085e-02   1.10557e-01   4.00680e-01  -7.37769e-02   7.64613e-02   1.27488e-01  -1.98891e-01  -1.51250e-01   2.41447e-02  -1.86840e-03  -6.53988e-02
T16   -3.81641e-01  -2.54020e-01   3.57858e-01  -2.73253e-02   6.17857e-02  -3.15120e-01   2.04040e-02   1.83735e-01  -5.30176e-02  -9.59755e-02   4.59296e-02   2.12089e-01   4.87194e-01  -2.60431e-02   3.40315e-01   2.45170e-01  -1.51250e-01  -2.58671e-01   3.74971e-01   2.26370e-01  -1.26185e-01
T17    1.23145e+00  -3.59679e-01  -5.54618e-01   2.03737e-01   9.42034e-01  -7.80046e-01   3.93294e-02   7.70378e-01  -1.55942e-01  -4.08967e-01  -3.73424e-01  -5.01948e-01  -1.43218e-01  -6.78299e-01  -4.32762e-01  -7.57525e-01   2.41447e-02   3.74971e-01  -2.65001e-01  -1.94376e-01  -3.05337e-01
T18    3.49715e-01  -5.04430e-01  -2.58892e-01   1.98217e-01   4.89632e-01  -5.03221e-01   1.21232e-01   4.59523e-01  -1.79344e-01  -3.14529e-01  -4.65497e-01  -4.25881e-01  -1.91455e-01  -5.38658e-01  -3.72342e-01  -5.84075e-01  -1.86840e-03   2.26370e-01  -1.94376e-01  -2.53892e-01  -4.27010e-01
T19   -8.77584e-02  -9.15388e-01   2.31596e-01   3.92466e-01   6.72579e-01  -9.40862e-01   1.31938e-01   3.88154e-01  -1.15529e-01   2.31050e-02  -8.79155e-01  -6.96156e-01   6.16918e-01  -7.10412e-01  -5.94497e-01   7.00667e-02  -6.53988e-02  -1.26185e-01  -3.05337e-01  -4.27010e-01  -1.01501e+00
