T0   -4.74158e-01  -1.38913e-01   7.14359e-02   1.04349e-01   1.01742e-01  -6.16984e-02   6.22043e-02   1.35948e-01  -3.87772e-02   4.84747e-02  -9.06023e-02  -1.03598e-01   1.94178e-01  -7.79602e-02  -6.40058e-02   1.63916e-02   2.80605e-02  -8.03214e-03  -3.92233e-02  -1.08633e-02  -1.22104e-01
T1   -9.54860e-01   7.14359e-02   1.78526e-01   9.67075e-02  -2.32569e-01   2.63005e-02   1.07344e-01  -2.04542e-01  -1.16863e-03   6.77682e-02   1.54598e-01   1.02435e-01   4.38689e-01   9.60986e-02   7.45780e-02   5.05378e-03   4.38395e-02   7.23332e-02  -3.67294e-03   3.72603e-02   8.80937e-02
T2   -6.85999e-01   1.04349e-01   9.67075e-02  -1.46254e-01   1.08242e-02  -2.31448e-04   3.35510e-02   1.21401e-01  -2.85413e-02   2.40848e-02   7.85910e-02   1.56938e-01   4.25889e-02   3.77120e-02   4.48132e-02   4.76698e-02  -2.94862e-02  -1.24817e-02   1.61354e-02  -2.79320e-02   1.04891e-01
T3   -1.22025e+00   1.01742e-01  -2.32569e-01   1.08242e-02   1.65314e-01   7.05458e-02   9.60514e-02   2.65384e-01   9.72551e-03  -1.04656e-01   1.58681e-01   1.83240e-01  -1.59063e-01   1.00218e-01   1.32850e-01   6.39515e-02   4.15316e-02   4.91647e-02   2.61649e-02  -9.49324e-03   1.33091e-01
T4    2.55889e+00  -6.16984e-02   2.63005e-02  -2.31448e-04   7.05458e-02  -8.19331e-01   9.31678e-03   9.40072e-02  -6.35891e-02  -9.95401e-02  -1.41071e-01  -1.41938e-01   7.16797e-02  -1.79701e-01  -1.87472e-01  -6.39366e-02  -8.26472e-02  -5.60461e-02  -1.62620e-01  -9.71383e-02  -1.48935e-01
T5   -8.03750e-01   6.22043e-02   1.07344e-01   3.35510e-02   9.60514e-02   9.31678e-03   9.13171e-03   1.82474e-01   3.33220e-02   4.96357e-02   1.04883e-01   9.75388e-02   2.01804e-01   3.57555e-02   5.63688e-02   3.31357e-02   1.46151e-02   2.57356e-02  -2.97533e-02   1.30034e-02   8.09602e-02
T6   -1.64585e+00   1.35948e-01  -2.04542e-01   1.21401e-01   2.65384e-01   9.40072e-02   1.82474e-01   2.31052e-01   1.10466e-01  -3.69535e-02   1.36827e-01   1.76823e-01  -1.24025e-01   1.38113e-01   1.26313e-01   1.33028e-01   1.04101e-01   1.13666e-01   3.98014e-02   5.31655e-03   1.18087e-01
T7   -5.50914e-01  -3.87772e-02  -1.16863e-03  -2.85413e-02   9.72551e-03  -6.35891e-02   3.33220e-02   1.10466e-01  -1.05403e-01  -3.71505e-02   1.17574e-02   2.88019e-02   7.69595e-02  -4.07212e-02  -3.93494e-04  -1.78484e-02  -2.49062e-02  -2.34465e-02  -2.90915e-02  -4.01890e-03  -2.28527e-02
T8    3.75563e-01   4.84747e-02   6.77682e-02   2.40848e-02  -1.04656e-01  -9.95401e-02   4.96357e-02  -3.69535e-02  -3.71505e-02  -2.65891e-01   7.49841e-02   6.68830e-02   2.17054e-01  -3.07512e-02  -2.46816e-02   7.76158e-03  -3.25994e-02   1.90421e-03  -1.01527e-01  -5.36859e-02   4.80052e-02
T9    7.06391e-01  -9.06023e-02   1.54598e-01   7.85910e-02   1.58681e-01  -1.41071e-01   1.04883e-01   1.36827e-01   1.17574e-02   7.49841e-02  -3.14518e-01  -2.24608e-01   1.14672e-01  -1.53783e-01  -2.24035e-01   7.39986e-02   1.60929e-02  -3.38973e-02  -1.03836e-01  -1.19400e-01  -2.15820e-01
T10   -3.40473e-02  -1.03598e-01   1.02435e-01   1.56938e-01   1.83240e-01  -1.41938e-01   9.75388e-02   1.76823e-01   2.88019e-02   6.68830e-02  -2.24608e-01  -2.65990e-01   2.06737e-01  -1.29592e-01  -2.06134e-01   4.71993e-02   3.71123e-02   7.67995e-03  -1.40148e-01  -8.05594e-02  -1.93634e-01
T11   -1.62819e+00   1.94178e-01   4.38689e-01   4.25889e-02  -1.59063e-01   7.16797e-02   2.01804e-01  -1.24025e-01   7.69595e-02   2.17054e-01   1.14672e-01   2.06737e-01   2.48604e-01   1.72633e-01   1.14764e-01   1.79598e-01   8.02508e-02   1.12065e-01   1.41464e-01   1.31031e-02   1.16331e-01
T12    1.63602e+00  -7.79602e-02   9.60986e-02   3.77120e-02   1.00218e-01  -1.79701e-01   3.57555e-02   1.38113e-01  -4.07212e-02  -3.07512e-02  -1.53783e-01  -1.29592e-01   1.72633e-01  -4.28164e-01  -2.01717e-01   1.42029e-03  -1.16982e-03  -2.27008e-02  -1.46021e-01  -9.40875e-02  -1.21845e-01
T13    1.12787e+00  -6.40058e-02   7.45780e-02   4.48132e-02   1.32850e-01  -1.87472e-01   5.63688e-02   1.26313e-01  -3.93494e-04  -2.46816e-02  -2.24035e-01  -2.06134e-01   1.14764e-01  -2.01717e-01  -3.02559e-01   4.66395e-03  -1.57966e-02  -1.64032e-02  -2.17605e-01  -1.78652e-01  -1.70501e-01
T14   -5.51435e-01   1.63916e-02   5.05378e-03   4.76698e-02   6.39515e-02  -6.39366e-02   3.31357e-02   1.33028e-01  -1.78484e-02   7.76158e-03   7.39986e-02   4.71993e-02   1.79598e-01   1.42029e-03   4.66395e-03  -8.36028e-02   4.64487e-02   4.59606e-02  -1.24428e-01  -8.22007e-02   3.29195e-02
T15   -6.27594e-01   2.80605e-02   4.38395e-02  -2.94862e-02   4.15316e-02  -8.26472e-02   1.46151e-02   1.04101e-01  -2.49062e-02  -3.25994e-02   1.60929e-02   3.71123e-02   8.02508e-02  -1.16982e-03  -1.57966e-02   4.64487e-02  -6.41451e-02  -2.10521e-02  -1.58076e-02  -1.73729e-02   1.88894e-02
T16   -4.03551e-01  -8.03214e-03   7.23332e-02  -1.24817e-02   4.91647e-02  -5.60461e-02   2.57356e-02   1.13666e-01  -2.34465e-02   1.90421e-03  -3.38973e-02   7.67995e-03   1.12065e-01  -2.27008e-02  -1.64032e-02   4.59606e-02  -2.10521e-02  -7.57995e-02  -4.85559e-03  -2.16126e-02  -5.23647e-02
T17    1.96741e+00  -3.92233e-02  -3.67294e-03   1.61354e-02   2.61649e-02  -1.62620e-01  -2.97533e-02   3.98014e-02  -2.90915e-02  -1.01527e-01  -1.03836e-01  -1.40148e-01   1.41464e-01  -1.46021e-01  -2.17605e-01  -1.24428e-01  -1.58076e-02  -4.85559e-03  -3.85167e-01  -1.60585e-01  -9.32001e-02
T18    7.78693e-01  -1.08633e-02   3.72603e-02  -2.79320e-02  -9.49324e-03  -9.71383e-02   1.30034e-02   5.31655e-03  -4.01890e-03  -5.36859e-02  -1.19400e-01  -8.05594e-02   1.31031e-02  -9.40875e-02  -1.78652e-01  -8.22007e-02  -1.73729e-02  -2.16126e-02  -1.60585e-01  -1.39711e-01  -7.82918e-02
T19    4.29770e-01  -1.22104e-01   8.80937e-02   1.04891e-01   1.33091e-01  -1.48935e-01   8.09602e-02   1.18087e-01  -2.28527e-02   4.80052e-02  -2.15820e-01  -1.93634e-01   1.16331e-01  -1.21845e-01  -1.70501e-01   3.29195e-02   1.88894e-02  -5.23647e-02  -9.32001e-02  -7.82918e-02  -2.47406e-01
