T0   -5.67807e-01  -2.46070e-01   3.78558e-01   3.73659e-01   5.64184e-01  -3.73989e-01   3.27063e-01   5.94878e-01   1.01642e-01   1.24775e-01  -5.57788e-01  -5.80876e-01   7.46703e-01  -4.38214e-01  -5.26411e-01   1.21748e-01   2.25208e-01  -9.31299e-03  -3.06710e-01  -2.91574e-01  -5.58896e-01
T1   -5.54224e-01   3.78558e-01   6.85478e-01   4.15235e-01  -5.64594e-01   3.06803e-02   3.21349e-01  -4.90665e-01   2.39401e-01   3.40571e-01   2.20416e-01   1.21247e-01   1.43405e+00   8.99298e-02  -3.35416e-02   3.90571e-01   3.40432e-01   3.28371e-01  -3.48629e-01  -1.81438e-01   1.96451e-01
T2   -4.98391e-01   3.73659e-01   4.15235e-01  -2.09072e-01   1.59148e-01   5.23462e-02   1.83201e-01   4.19365e-01   8.86334e-02   1.32845e-01   3.14955e-01   3.89240e-01   4.07638e-01   1.44141e-01   1.93491e-01   2.72754e-01   2.91186e-02   4.15102e-02   1.46106e-01   2.51826e-03   2.92873e-01
T3   -9.24349e-01   5.64184e-01  -5.64594e-01   1.59148e-01   8.83761e-01   3.35638e-01   5.17609e-01   1.32737e+00   3.68864e-01  -3.72553e-01   6.21419e-01   6.51894e-01  -3.09157e-01   5.25830e-01   6.16414e-01   5.40313e-01   8.07855e-02   1.76193e-01   3.24262e-01  -1.22794e-01   5.54048e-01
T4    2.22688e+00  -3.73989e-01   3.06803e-02   5.23462e-02   3.35638e-01  -2.42271e+00   1.69865e-02   3.11638e-01  -2.24701e-01  -5.15643e-01  -7.10233e-01  -7.46070e-01   2.40981e-01  -7.34623e-01  -7.75685e-01  -3.52281e-01  -1.09221e-01  -1.95967e-01  -6.27574e-01  -4.68073e-01  -7.31359e-01
T5   -3.86134e-01   3.27063e-01   3.21349e-01   1.83201e-01   5.17609e-01   1.69865e-02   1.81016e-01   6.32344e-01   3.07411e-01   1.77310e-01   1.26276e-01   8.58318e-02   5.29961e-01   1.04257e-02   6.45689e-02   2.40936e-01   1.96679e-01   8.39238e-02  -3.14236e-02  -3.17719e-03   9.69033e-02
T6   -1.07569e+00   5.94878e-01  -4.90665e-01   4.19365e-01   1.32737e+00   3.11638e-01   6.32344e-01   1.43046e+00   6.33683e-01  -2.19831e-01   3.83467e-01   4.09570e-01  -3.16166e-01   3.81982e-01   4.07867e-01   5.35390e-01   2.56079e-01   2.71374e-01   2.65960e-01  -3.55366e-02   3.32142e-01
T7   -8.68148e-01   1.01642e-01   2.39401e-01   8.86334e-02   3.68864e-01  -2.24701e-01   3.07411e-01   6.33683e-01  -1.56199e-01   1.37444e-01   6.98420e-02   1.21223e-01   5.19846e-01  -8.11378e-02  -7.00262e-02   1.81212e-01   1.03231e-01   7.85954e-02  -7.58018e-02  -5.66594e-02  -1.66301e-02
T8    5.23832e-01   1.24775e-01   3.40571e-01   1.32845e-01  -3.72553e-01  -5.15643e-01   1.77310e-01  -2.19831e-01   1.37444e-01  -5.42743e-01   7.30180e-02  -7.41421e-03   6.57073e-01  -2.14303e-01  -2.66718e-01   8.46166e-02  -9.17450e-02  -1.65257e-02  -3.55271e-01  -3.79303e-01   2.65942e-02
T9    4.05627e-01  -5.57788e-01   2.20416e-01   3.14955e-01   6.21419e-01  -7.10233e-01   1.26276e-01   3.83467e-01   6.98420e-02   7.30180e-02  -9.97609e-01  -8.71923e-01   3.68284e-01  -7.23831e-01  -6.96922e-01   4.53009e-02   9.79047e-02  -8.94075e-02  -3.46920e-01  -5.18750e-01  -8.74395e-01
T10   -1.04256e-01  -5.80876e-01   1.21247e-01   3.89240e-01   6.51894e-01  -7.46070e-01   8.58318e-02   4.09570e-01   1.21223e-01  -7.41421e-03  -8.71923e-01  -9.24897e-01   3.93703e-01  -6.83090e-01  -6.78807e-01  -6.45186e-02   1.23034e-01  -2.85431e-02  -4.21122e-01  -5.03431e-01  -8.65744e-01
T11   -9.79324e-01   7.46703e-01   1.43405e+00   4.07638e-01  -3.09157e-01   2.40981e-01   5.29961e-01  -3.16166e-01   5.19846e-01   6.57073e-01   3.68284e-01   3.93703e-01   1.74726e+00   3.51734e-01   2.90713e-01   9.18695e-01   4.75551e-01   3.99750e-01   1.02762e-01  -1.25209e-01   3.24461e-01
T12    1.53136e+00  -4.38214e-01   8.99298e-02   1.44141e-01   5.25830e-01  -7.34623e-01   1.04257e-02   3.81982e-01  -8.11378e-02  -2.14303e-01  -7.23831e-01  -6.83090e-01   3.51734e-01  -1.13923e+00  -7.97725e-01  -2.31670e-01   8.69516e-03  -7.78336e-02  -6.05372e-01  -5.77062e-01  -6.78012e-01
T13    6.49469e-01  -5.26411e-01  -3.35416e-02   1.93491e-01   6.16414e-01  -7.75685e-01   6.45689e-02   4.07867e-01  -7.00262e-02  -2.66718e-01  -6.96922e-01  -6.78807e-01   2.90713e-01  -7.97725e-01  -9.45564e-01  -2.70910e-01  -2.35527e-02   6.64662e-02  -5.84613e-01  -6.28505e-01  -6.47355e-01
T14   -4.12421e-01   1.21748e-01   3.90571e-01   2.72754e-01   5.40313e-01  -3.52281e-01   2.40936e-01   5.35390e-01   1.81212e-01   8.46166e-02   4.53009e-02  -6.45186e-02   9.18695e-01  -2.31670e-01  -2.70910e-01   1.43874e-01   2.54429e-01   1.93694e-01  -5.67952e-01  -4.95538e-01  -4.38530e-02
T15   -6.82890e-01   2.25208e-01   3.40432e-01   2.91186e-02   8.07855e-02  -1.09221e-01   1.96679e-01   2.56079e-01   1.03231e-01  -9.17450e-02   9.79047e-02   1.23034e-01   4.75551e-01   8.69516e-03  -2.35527e-02   2.54429e-01  -1.03843e-02  -6.99732e-04   7.56210e-04   2.05639e-04   2.40139e-02
T16   -4.79349e-01  -9.31299e-03   3.28371e-01   4.15102e-02   1.76193e-01  -1.95967e-01   8.39238e-02   2.71374e-01   7.85954e-02  -1.65257e-02  -8.94075e-02  -2.85431e-02   3.99750e-01  -7.78336e-02   6.64662e-02   1.93694e-01  -6.99732e-04  -1.92767e-01   2.23717e-01   3.45320e-02  -1.83262e-01
T17    1.35108e+00  -3.06710e-01  -3.48629e-01   1.46106e-01   3.24262e-01  -6.27574e-01  -3.14236e-02   2.65960e-01  -7.58018e-02  -3.55271e-01  -3.46920e-01  -4.21122e-01   1.02762e-01  -6.05372e-01  -5.84613e-01  -5.67952e-01   7.56210e-04   2.23717e-01  -5.23850e-01  -2.88335e-01  -2.71289e-01
T18    6.32596e-01  -2.91574e-01  -1.81438e-01   2.51826e-03  -1.22794e-01  -4.68073e-01  -3.17719e-03  -3.55366e-02  -5.66594e-02  -3.79303e-01  -5.18750e-01  -5.03431e-01  -1.25209e-01  -5.77062e-01  -6.28505e-01  -4.95538e-01   2.05639e-04   3.45320e-02  -2.88335e-01  -4.09518e-01  -4.33094e-01
T19    2.12139e-01  -5.58896e-01   1.96451e-01   2.92873e-01   5.54048e-01  -7.31359e-01   9.69033e-02   3.32142e-01  -1.66301e-02   2.65942e-02  -8.74395e-01  -8.65744e-01   3.24461e-01  -6.78012e-01  -6.47355e-01  -4.38530e-02   2.40139e-02  -1.83262e-01  -2.71289e-01  -4.33094e-01  -9.37116e-01
