T0   -4.04381e-01  -4.70829e-02   4.23306e-03   1.87229e-02   2.54889e-03   1.03134e-02   1.59910e-03   1.07350e-02  -1.46986e-02   4.96658e-03   2.96459e-03  -1.11054e-02   3.13433e-02  -3.16743e-03   6.88124e-03   2.44201e-03   7.09152e-03  -2.55950e-03   3.60117e-03   1.24951e-02  -1.21780e-02
T1   -9.91535e-01   4.23306e-03   2.40045e-02   5.37070e-02  -1.58646e-02  -8.43497e-03   4.71171e-02  -9.85632e-03   9.68060e-03   2.69257e-02   5.62504e-03  -1.68702e-02   1.34334e-01  -1.79114e-02  -9.74132e-03   5.35135e-03   2.85422e-02   3.20246e-02  -1.88717e-02   5.28867e-03  -4.33313e-03
T2   -6.33505e-01   1.87229e-02   5.37070e-02  -5.22634e-02   1.53625e-02   7.92635e-03   1.09324e-02   4.77663e-02  -1.51985e-03   2.45372e-02  -1.11096e-02   1.83350e-02   2.40305e-02  -8.47613e-03  -4.72556e-03   2.57503e-02  -5.92199e-03  -9.83714e-04  -6.32999e-03  -2.24215e-02   1.40259e-02
T3   -1.22415e+00   2.54889e-03  -1.58646e-02   1.53625e-02   3.28412e-02   2.19239e-02   3.92657e-02   7.65472e-02   3.94981e-03   6.86722e-03   2.22395e-03   1.13881e-02   4.58168e-03  -3.96301e-04   2.78621e-03   2.20370e-02   2.51214e-02   1.47536e-02  -1.83093e-02  -1.12466e-02   5.59268e-03
T4    2.12873e+00   1.03134e-02  -8.43497e-03   7.92635e-03   2.19239e-02  -2.92542e-01  -2.73747e-03   2.18537e-02  -3.79257e-04  -4.34457e-02  -1.17425e-02  -1.22192e-02   4.42705e-03  -2.72390e-02  -2.11986e-02  -7.55121e-03  -2.18979e-02   2.50676e-04  -2.25855e-02  -4.76038e-03  -1.27333e-02
T5   -7.65774e-01   1.59910e-03   4.71171e-02   1.09324e-02   3.92657e-02  -2.73747e-03  -3.35170e-02   6.37430e-02   2.21358e-02   2.06659e-02  -9.62685e-04  -1.40971e-02   7.82769e-02  -1.10818e-02  -7.21830e-03   1.79537e-02   1.20397e-02   1.38672e-02  -2.62430e-02  -6.94354e-03   7.84991e-03
T6   -1.68346e+00   1.07350e-02  -9.85632e-03   4.77663e-02   7.65472e-02   2.18537e-02   6.37430e-02   5.19440e-02   2.51643e-02   1.61653e-02  -1.32479e-02  -6.60118e-03   9.42754e-03  -4.37517e-03  -8.07845e-03   3.67701e-02   4.57346e-02   3.71269e-02  -6.56154e-03  -5.06438e-03   1.55233e-03
T7   -5.00214e-01  -1.46986e-02   9.68060e-03  -1.51985e-03   3.94981e-03  -3.79257e-04   2.21358e-02   2.51643e-02  -3.66257e-02  -7.83008e-04   8.79337e-04   1.24963e-02   3.69226e-02  -7.81491e-03   2.23825e-03  -4.18335e-03   1.04375e-03  -5.41297e-03  -8.84220e-03   8.92974e-04  -1.07497e-02
T8    4.91417e-01   4.96658e-03   2.69257e-02   2.45372e-02   6.86722e-03  -4.34457e-02   2.06659e-02   1.61653e-02  -7.83008e-04  -7.34076e-02  -5.07802e-03  -1.01033e-02   7.89019e-02  -2.82030e-02  -2.31895e-02  -4.71395e-03   1.01303e-02   8.82202e-03  -3.57176e-02  -1.75235e-02  -1.59066e-03
T9    7.67760e-01   2.96459e-03   5.62504e-03  -1.11096e-02   2.22395e-03  -1.17425e-02  -9.62685e-04  -1.32479e-02   8.79337e-04  -5.07802e-03  -6.38582e-02  -2.14144e-02  -3.08006e-02  -7.61404e-03  -2.01889e-02   1.24134e-02  -9.03241e-03  -9.05213e-03   2.00689e-02  -7.11139e-03  -2.31342e-02
T10    6.62774e-02  -1.11054e-02  -1.68702e-02   1.83350e-02   1.13881e-02  -1.22192e-02  -1.40971e-02  -6.60118e-03   1.24963e-02  -1.01033e-02  -2.14144e-02  -4.82781e-02   1.07533e-03  -8.67778e-04  -2.03561e-02   2.62215e-03  -5.52524e-03   1.04312e-03  -1.96503e-03   2.43886e-03  -1.88788e-02
T11   -1.71486e+00   3.13433e-02   1.34334e-01   2.40305e-02   4.58168e-03   4.42705e-03   7.82769e-02   9.42754e-03   3.69226e-02   7.89019e-02  -3.08006e-02   1.07533e-03   2.27327e-02  -1.62958e-02  -1.56149e-02   5.24935e-02   3.98114e-02   4.00465e-02   1.57930e-02  -1.10730e-02  -3.59317e-03
T12    1.81350e+00  -3.16743e-03  -1.79114e-02  -8.47613e-03  -3.96301e-04  -2.72390e-02  -1.10818e-02  -4.37517e-03  -7.81491e-03  -2.82030e-02  -7.61404e-03  -8.67778e-04  -1.62958e-02  -1.84432e-01  -9.01870e-03  -9.65100e-03  -4.26761e-03  -1.70820e-03   8.08136e-04   2.71436e-03   1.02352e-03
T13    1.13062e+00   6.88124e-03  -9.74132e-03  -4.72556e-03   2.78621e-03  -2.11986e-02  -7.21830e-03  -8.07845e-03   2.23825e-03  -2.31895e-02  -2.01889e-02  -2.03561e-02  -1.56149e-02  -9.01870e-03  -5.62181e-02  -5.32077e-03  -1.66401e-02  -7.12266e-03  -2.38245e-02  -2.67264e-02  -1.39917e-02
T14   -5.58983e-01   2.44201e-03   5.35135e-03   2.57503e-02   2.20370e-02  -7.55121e-03   1.79537e-02   3.67701e-02  -4.18335e-03  -4.71395e-03   1.24134e-02   2.62215e-03   5.24935e-02  -9.65100e-03  -5.32077e-03  -3.35653e-02   2.38052e-02   9.26545e-03  -3.48311e-02  -1.51121e-02  -1.32024e-03
T15   -5.71114e-01   7.09152e-03   2.85422e-02  -5.92199e-03   2.51214e-02  -2.18979e-02   1.20397e-02   4.57346e-02   1.04375e-03   1.01303e-02  -9.03241e-03  -5.52524e-03   3.98114e-02  -4.26761e-03  -1.66401e-02   2.38052e-02  -3.07234e-02  -7.21825e-03  -1.20096e-02  -9.61485e-03  -4.40503e-03
T16   -3.52447e-01  -2.55950e-03   3.20246e-02  -9.83714e-04   1.47536e-02   2.50676e-04   1.38672e-02   3.71269e-02  -5.41297e-03   8.82202e-03  -9.05213e-03   1.04312e-03   4.00465e-02  -1.70820e-03  -7.12266e-03   9.26545e-03  -7.21825e-03  -3.53787e-02  -6.30284e-03  -7.03917e-03  -1.43085e-02
T17    1.90826e+00   3.60117e-03  -1.88717e-02  -6.32999e-03  -1.83093e-02  -2.25855e-02  -2.62430e-02  -6.56154e-03  -8.84220e-03  -3.57176e-02   2.00689e-02  -1.96503e-03   1.57930e-02   8.08136e-04  -2.38245e-02  -3.48311e-02  -1.20096e-02  -6.30284e-03  -1.27997e-01  -3.18277e-02   1.07596e-02
T18    7.45128e-01   1.24951e-02   5.28867e-03  -2.24215e-02  -1.12466e-02  -4.76038e-03  -6.94354e-03  -5.06438e-03   8.92974e-04  -1.75235e-02  -7.11139e-03   2.43886e-03  -1.10730e-02   2.71436e-03  -2.67264e-02  -1.51121e-02  -9.61485e-03  -7.03917e-03  -3.18277e-02  -4.79344e-02   6.05278e-03
T19    3.48732e-01  -1.21780e-02  -4.33313e-03   1.40259e-02   5.59268e-03  -1.27333e-02   7.84991e-03   1.55233e-03  -1.07497e-02  -1.59066e-03  -2.31342e-02  -1.88788e-02  -3.59317e-03   1.02352e-03  -1.39917e-02  -1.32024e-03  -4.40503e-03  -1.43085e-02   1.07596e-02   6.05278e-03  -4.59444e-02
