T0   -6.96707e-01  -1.75258e-01   1.67940e-01   1.56815e-01   1.73032e-01  -1.28666e-01   1.47530e-01   2.80987e-01  -6.61287e-02   8.66286e-02  -1.26720e-01  -1.20592e-01   3.54258e-01  -9.73263e-02  -1.03102e-01   4.66856e-02   3.98186e-02   1.39127e-02  -6.75561e-02  -2.32682e-02  -1.72635e-01
T1   -7.49232e-01   1.67940e-01   3.33206e-01   1.29797e-01  -3.76558e-01   6.84361e-02   1.28411e-01  -3.67704e-01   4.13514e-03   1.29515e-01   2.13150e-01   1.36773e-01   6.59851e-01   1.38469e-01   8.48998e-02   1.40978e-02   6.44944e-02   9.37614e-02  -7.86591e-02  -9.75625e-03   1.65662e-01
T2   -5.98513e-01   1.56815e-01   1.29797e-01  -1.92911e-01   6.82670e-03  -8.77010e-04   4.81470e-02   1.68107e-01  -5.41677e-02   3.06153e-02   1.70569e-01   2.77526e-01   7.61149e-02   1.00708e-01   1.06194e-01   4.31438e-02  -4.97547e-02  -1.79739e-02   1.76395e-02  -1.16717e-02   1.65801e-01
T3   -1.08253e+00   1.73032e-01  -3.76558e-01   6.82670e-03   2.58897e-01   1.12386e-01   1.52012e-01   4.51848e-01   2.52958e-02  -1.72566e-01   3.04043e-01   3.73593e-01  -2.72749e-01   2.21348e-01   2.53860e-01   1.14453e-01   1.79228e-02   6.68660e-02   5.12698e-02  -1.00472e-02   2.27551e-01
T4    2.35989e+00  -1.28666e-01   6.84361e-02  -8.77010e-04   1.12386e-01  -1.16684e+00   2.93471e-02   1.72201e-01  -1.35725e-01  -1.41156e-01  -2.27977e-01  -2.12231e-01   1.41896e-01  -2.74368e-01  -3.10082e-01  -1.08243e-01  -1.20784e-01  -8.18797e-02  -2.79590e-01  -1.65997e-01  -2.43673e-01
T5   -6.66014e-01   1.47530e-01   1.28411e-01   4.81470e-02   1.52012e-01   2.93471e-02   4.55350e-02   2.68371e-01   4.48108e-02   7.34299e-02   1.68195e-01   1.76393e-01   2.49560e-01   7.26692e-02   1.07479e-01   3.83350e-02   3.43215e-02   3.11010e-02  -5.28755e-02   1.09959e-02   1.39227e-01
T6   -1.42518e+00   2.80987e-01  -3.67704e-01   1.68107e-01   4.51848e-01   1.72201e-01   2.68371e-01   4.53699e-01   1.78381e-01  -9.25069e-02   2.56650e-01   3.25745e-01  -2.50534e-01   2.38938e-01   2.26845e-01   1.97883e-01   1.32558e-01   1.50675e-01   4.30607e-02  -6.77418e-03   2.10095e-01
T7   -6.32238e-01  -6.61287e-02   4.13514e-03  -5.41677e-02   2.52958e-02  -1.35725e-01   4.48108e-02   1.78381e-01  -1.54866e-01  -4.47793e-02   5.92895e-02   8.78534e-02   1.13686e-01  -4.45004e-02  -2.23493e-02  -3.14602e-02  -4.59484e-02  -2.01849e-02  -4.27265e-02  -3.05252e-02   8.73723e-03
T8    4.44204e-01   8.66286e-02   1.29515e-01   3.06153e-02  -1.72566e-01  -1.41156e-01   7.34299e-02  -9.25069e-02  -4.47793e-02  -3.60821e-01   8.97442e-02   8.85987e-02   3.31664e-01  -4.12442e-02  -3.04840e-02  -6.89914e-03  -4.89021e-02  -4.90126e-03  -1.64502e-01  -1.26805e-01   5.89944e-02
T9    5.21629e-01  -1.26720e-01   2.13150e-01   1.70569e-01   3.04043e-01  -2.27977e-01   1.68195e-01   2.56650e-01   5.92895e-02   8.97442e-02  -4.77695e-01  -3.60504e-01   2.23028e-01  -2.55640e-01  -3.64029e-01   1.10359e-01   4.94880e-02  -4.62897e-02  -2.27686e-01  -2.29069e-01  -3.50329e-01
T10   -2.19925e-01  -1.20592e-01   1.36773e-01   2.77526e-01   3.73593e-01  -2.12231e-01   1.76393e-01   3.25745e-01   8.78534e-02   8.85987e-02  -3.60504e-01  -4.09554e-01   3.05182e-01  -2.28827e-01  -3.51545e-01   8.47856e-02   1.20148e-01   5.18985e-02  -2.86574e-01  -1.83835e-01  -3.05861e-01
T11   -1.35325e+00   3.54258e-01   6.59851e-01   7.61149e-02  -2.72749e-01   1.41896e-01   2.49560e-01  -2.50534e-01   1.13686e-01   3.31664e-01   2.23028e-01   3.05182e-01   4.76759e-01   2.61839e-01   2.21058e-01   2.56078e-01   1.17148e-01   1.49653e-01   1.66742e-01  -1.81577e-03   2.13722e-01
T12    1.46943e+00  -9.73263e-02   1.38469e-01   1.00708e-01   2.21348e-01  -2.74368e-01   7.26692e-02   2.38938e-01  -4.45004e-02  -4.12442e-02  -2.55640e-01  -2.28827e-01   2.61839e-01  -5.68022e-01  -3.51376e-01  -4.30990e-04   3.63329e-02  -4.73264e-03  -3.15316e-01  -1.96141e-01  -1.99948e-01
T13    1.02421e+00  -1.03102e-01   8.48998e-02   1.06194e-01   2.53860e-01  -3.10082e-01   1.07479e-01   2.26845e-01  -2.23493e-02  -3.04840e-02  -3.64029e-01  -3.51545e-01   2.21058e-01  -3.51376e-01  -4.94565e-01  -1.02805e-02   9.13121e-03  -1.81071e-02  -4.04892e-01  -3.17369e-01  -2.81947e-01
T14   -4.56022e-01   4.66856e-02   1.40978e-02   4.31438e-02   1.14453e-01  -1.08243e-01   3.83350e-02   1.97883e-01  -3.14602e-02  -6.89914e-03   1.10359e-01   8.47856e-02   2.56078e-01  -4.30990e-04  -1.02805e-02  -8.76824e-02   6.01807e-02   4.83417e-02  -2.43619e-01  -1.69821e-01   4.96894e-02
T15   -6.34588e-01   3.98186e-02   6.44944e-02  -4.97547e-02   1.79228e-02  -1.20784e-01   3.43215e-02   1.32558e-01  -4.59484e-02  -4.89021e-02   4.94880e-02   1.20148e-01   1.17148e-01   3.63329e-02   9.13121e-03   6.01807e-02  -9.70804e-02  -4.24124e-02  -7.86105e-03  -4.19248e-03   2.73484e-02
T16   -4.47232e-01   1.39127e-02   9.37614e-02  -1.79739e-02   6.68660e-02  -8.18797e-02   3.11010e-02   1.50675e-01  -2.01849e-02  -4.90126e-03  -4.62897e-02   5.18985e-02   1.49653e-01  -4.73264e-03  -1.81071e-02   4.83417e-02  -4.24124e-02  -9.91535e-02  -1.03678e-02  -2.29846e-02  -7.87214e-02
T17    2.07567e+00  -6.75561e-02  -7.86591e-02   1.76395e-02   5.12698e-02  -2.79590e-01  -5.28755e-02   4.30607e-02  -4.27265e-02  -1.64502e-01  -2.27686e-01  -2.86574e-01   1.66742e-01  -3.15316e-01  -4.04892e-01  -2.43619e-01  -7.86105e-03  -1.03678e-02  -5.80856e-01  -2.93241e-01  -1.91434e-01
T18    8.30986e-01  -2.32682e-02  -9.75625e-03  -1.16717e-02  -1.00472e-02  -1.65997e-01   1.09959e-02  -6.77418e-03  -3.05252e-02  -1.26805e-01  -2.29069e-01  -1.83835e-01  -1.81577e-03  -1.96141e-01  -3.17369e-01  -1.69821e-01  -4.19248e-03  -2.29846e-02  -2.93241e-01  -2.23010e-01  -1.53443e-01
T19    2.35400e-01  -1.72635e-01   1.65662e-01   1.65801e-01   2.27551e-01  -2.43673e-01   1.39227e-01   2.10095e-01   8.73723e-03   5.89944e-02  -3.50329e-01  -3.05861e-01   2.13722e-01  -1.99948e-01  -2.81947e-01   4.96894e-02   2.73484e-02  -7.87214e-02  -1.91434e-01  -1.53443e-01  -3.85894e-01
