T0   -8.69598e-01  -1.22787e-01   3.75381e-01   4.11282e-01   5.83098e-01  -1.79153e-01   3.92245e-01   6.55210e-01   8.19247e-02   2.19527e-01  -3.50319e-01  -3.44332e-01   7.26096e-01  -2.45484e-01  -3.58077e-01   1.94642e-01   2.34579e-01   9.42430e-02  -2.86740e-01  -1.56094e-01  -3.36385e-01
T1   -6.16733e-01   3.75381e-01   6.77510e-01   3.15531e-01  -5.54784e-01   9.96561e-02   2.69041e-01  -5.44376e-01   1.77059e-01   3.07655e-01   1.54735e-01   2.83231e-02   1.28985e+00   6.50343e-02  -7.07051e-02   2.90401e-01   2.85303e-01   2.38979e-01  -3.04183e-01  -1.72400e-01   1.62150e-01
T2   -6.41484e-01   4.11282e-01   3.15531e-01  -1.46048e-01   1.34450e-01   8.92077e-02   2.02148e-01   3.98170e-01   4.27242e-02   1.48429e-01   2.54252e-01   3.25970e-01   3.65447e-01   1.45567e-01   9.09295e-02   2.43468e-01   5.26746e-02   5.71306e-02   1.34569e-02  -5.26544e-02   2.91419e-01
T3   -1.08635e+00   5.83098e-01  -5.54784e-01   1.34450e-01   7.45903e-01   3.44840e-01   4.54029e-01   1.13119e+00   3.05425e-01  -2.69838e-01   5.27851e-01   5.47728e-01  -3.05285e-01   4.31496e-01   3.94772e-01   4.72199e-01   1.23086e-01   2.03790e-01   1.65082e-01  -9.42521e-02   4.98993e-01
T4    2.02440e+00  -1.79153e-01   9.96561e-02   8.92077e-02   3.44840e-01  -1.95083e+00   1.13262e-01   3.97317e-01  -1.46320e-01  -3.28998e-01  -5.04749e-01  -5.11040e-01   3.14831e-01  -5.25018e-01  -6.74043e-01  -2.01520e-01  -5.84402e-02  -5.86199e-02  -5.79490e-01  -3.81833e-01  -4.85236e-01
T5   -5.53023e-01   3.92245e-01   2.69041e-01   2.02148e-01   4.54029e-01   1.13262e-01   2.07188e-01   5.69289e-01   2.74715e-01   2.01254e-01   9.33584e-02   6.68882e-02   5.16900e-01   2.31185e-02  -2.55470e-02   2.48199e-01   2.26238e-01   1.17523e-01  -1.59355e-01  -7.49919e-02   1.38366e-01
T6   -1.24451e+00   6.55210e-01  -5.44376e-01   3.98170e-01   1.13119e+00   3.97317e-01   5.69289e-01   1.24019e+00   5.88405e-01  -1.42777e-01   3.11639e-01   3.39178e-01  -2.94592e-01   3.26885e-01   2.16470e-01   5.06582e-01   2.92735e-01   3.04008e-01   5.30208e-02  -1.10699e-01   3.40399e-01
T7   -9.82771e-01   8.19247e-02   1.77059e-01   4.27242e-02   3.05425e-01  -1.46320e-01   2.74715e-01   5.88405e-01  -1.41987e-01   9.79869e-02   1.00993e-01   1.88248e-01   4.04872e-01  -4.55346e-03  -4.66695e-02   1.16304e-01   4.47340e-02   7.03297e-02  -1.04353e-01  -2.53230e-02   2.40414e-02
T8    4.22217e-01   2.19527e-01   3.07655e-01   1.48429e-01  -2.69838e-01  -3.28998e-01   2.01254e-01  -1.42777e-01   9.79869e-02  -4.50081e-01   1.84935e-02  -3.45014e-02   6.48799e-01  -1.85203e-01  -2.54754e-01   1.29939e-01  -2.00867e-02   8.50739e-03  -3.48745e-01  -3.83121e-01   4.86382e-02
T9    6.80819e-01  -3.50319e-01   1.54735e-01   2.54252e-01   5.27851e-01  -5.04749e-01   9.33584e-02   3.11639e-01   1.00993e-01   1.84935e-02  -9.24317e-01  -8.24291e-01   2.17478e-01  -6.37171e-01  -7.62586e-01   2.00106e-02   1.18044e-01  -1.17603e-01  -4.47488e-01  -5.33611e-01  -7.43979e-01
T10    1.91048e-01  -3.44332e-01   2.83231e-02   3.25970e-01   5.47728e-01  -5.11040e-01   6.68882e-02   3.39178e-01   1.88248e-01  -3.45014e-02  -8.24291e-01  -9.14724e-01   2.60367e-01  -6.19860e-01  -7.82622e-01  -5.15930e-02   1.71572e-01  -4.72161e-02  -5.11065e-01  -5.35106e-01  -7.33228e-01
T11   -1.15478e+00   7.26096e-01   1.28985e+00   3.65447e-01  -3.05285e-01   3.14831e-01   5.16900e-01  -2.94592e-01   4.04872e-01   6.48799e-01   2.17478e-01   2.60367e-01   1.50858e+00   2.93776e-01   1.62339e-01   7.87954e-01   4.37967e-01   3.65041e-01   7.44713e-02  -1.27180e-01   2.91357e-01
T12    1.63924e+00  -2.45484e-01   6.50343e-02   1.45567e-01   4.31496e-01  -5.25018e-01   2.31185e-02   3.26885e-01  -4.55346e-03  -1.85203e-01  -6.37171e-01  -6.19860e-01   2.93776e-01  -9.67923e-01  -8.07744e-01  -1.48298e-01   6.51124e-02  -6.98173e-02  -6.30353e-01  -5.57869e-01  -5.24142e-01
T13    1.20269e+00  -3.58077e-01  -7.07051e-02   9.09295e-02   3.94772e-01  -6.74043e-01  -2.55470e-02   2.16470e-01  -4.66695e-02  -2.54754e-01  -7.62586e-01  -7.82622e-01   1.62339e-01  -8.07744e-01  -9.86055e-01  -2.50787e-01  -2.89119e-02  -9.85379e-02  -7.00416e-01  -7.03019e-01  -6.64361e-01
T14   -5.33802e-01   1.94642e-01   2.90401e-01   2.43468e-01   4.72199e-01  -2.01520e-01   2.48199e-01   5.06582e-01   1.16304e-01   1.29939e-01   2.00106e-02  -5.15930e-02   7.87954e-01  -1.48298e-01  -2.50787e-01   1.11042e-01   2.32275e-01   1.56383e-01  -5.42156e-01  -4.18548e-01   1.17043e-02
T15   -8.55353e-01   2.34579e-01   2.85303e-01   5.26746e-02   1.23086e-01  -5.84402e-02   2.26238e-01   2.92735e-01   4.47340e-02  -2.00867e-02   1.18044e-01   1.71572e-01   4.37967e-01   6.51124e-02  -2.89119e-02   2.32275e-01   1.54324e-02   5.00960e-02  -6.34272e-02   2.82527e-02   1.05228e-01
T16   -5.70615e-01   9.42430e-02   2.38979e-01   5.71306e-02   2.03790e-01  -5.86199e-02   1.17523e-01   3.04008e-01   7.03297e-02   8.50739e-03  -1.17603e-01  -4.72161e-02   3.65041e-01  -6.98173e-02  -9.85379e-02   1.56383e-01   5.00960e-02  -1.28780e-01   4.79796e-02  -2.68368e-02  -1.33419e-01
T17    1.80290e+00  -2.86740e-01  -3.04183e-01   1.34569e-02   1.65082e-01  -5.79490e-01  -1.59355e-01   5.30208e-02  -1.04353e-01  -3.48745e-01  -4.47488e-01  -5.11065e-01   7.44713e-02  -6.30353e-01  -7.00416e-01  -5.42156e-01  -6.34272e-02   4.79796e-02  -7.55401e-01  -4.51890e-01  -3.79173e-01
T18    8.97188e-01  -1.56094e-01  -1.72400e-01  -5.26544e-02  -9.42521e-02  -3.81833e-01  -7.49919e-02  -1.10699e-01  -2.53230e-02  -3.83121e-01  -5.33611e-01  -5.35106e-01  -1.27180e-01  -5.57869e-01  -7.03019e-01  -4.18548e-01   2.82527e-02  -2.68368e-02  -4.51890e-01  -4.80114e-01  -4.14428e-01
T19    2.48528e-01  -3.36385e-01   1.62150e-01   2.91419e-01   4.98993e-01  -4.85236e-01   1.38366e-01   3.40399e-01   2.40414e-02   4.86382e-02  -7.43979e-01  -7.33228e-01   2.91357e-01  -5.24142e-01  -6.64361e-01   1.17043e-02   1.05228e-01  -1.33419e-01  -3.79173e-01  -4.14428e-01  -7.43535e-01
