T0   -2.82987e-01  -5.65836e-01   3.12664e-01   2.28475e-01   4.39698e-01  -6.99308e-01   1.69987e-01   4.51573e-01  -5.48925e-02  -2.17810e-02  -7.77773e-01  -8.41750e-01   6.43594e-01  -6.88220e-01  -6.47725e-01  -9.27010e-02   3.41041e-02  -2.05725e-01  -3.44258e-01  -4.70672e-01  -8.54142e-01
T1   -4.28780e-01   3.12664e-01   6.06038e-01   4.26444e-01  -5.27909e-01  -3.38156e-02   2.94160e-01  -4.76797e-01   2.74185e-01   2.23248e-01   2.90453e-01   2.04427e-01   1.46750e+00   1.27568e-01  -1.45734e-02   4.16029e-01   3.31377e-01   3.56832e-01  -4.98171e-01  -2.32580e-01   2.24218e-01
T2   -3.27173e-01   2.28475e-01   4.26444e-01  -3.16352e-01   9.27755e-02  -3.80270e-02   1.29141e-01   3.77223e-01   1.16461e-02   1.69249e-01   4.16041e-01   4.86165e-01   4.20355e-01   1.57877e-01   3.46675e-01   2.99737e-01  -7.87430e-02  -1.07843e-02   2.15934e-01   1.68931e-01   3.66286e-01
T3   -7.58728e-01   4.39698e-01  -5.27909e-01   9.27755e-02   9.94078e-01   2.92887e-01   5.43843e-01   1.43613e+00   2.45399e-01  -4.49593e-01   7.84768e-01   7.83509e-01  -3.25091e-01   5.95114e-01   8.84804e-01   5.98687e-01  -4.99688e-02   8.95078e-02   8.00489e-01   3.44637e-01   6.54397e-01
T4    2.23180e+00  -6.99308e-01  -3.38156e-02  -3.80270e-02   2.92887e-01  -2.97893e+00  -1.02108e-01   2.61397e-01  -4.02073e-01  -6.58795e-01  -8.38488e-01  -8.65506e-01   2.09041e-01  -9.45601e-01  -7.82449e-01  -4.82756e-01  -2.96304e-01  -2.99146e-01  -7.29754e-01  -4.99160e-01  -9.14066e-01
T5   -2.28235e-01   1.69987e-01   2.94160e-01   1.29141e-01   5.43843e-01  -1.02108e-01   1.84315e-01   7.16669e-01   2.45891e-01   1.67587e-01   2.06199e-01   2.16023e-01   5.32488e-01   3.65012e-02   2.21800e-01   2.29560e-01   7.13170e-02   3.67307e-02   6.09502e-02   1.12465e-01   1.19993e-01
T6   -9.05479e-01   4.51573e-01  -4.76797e-01   3.77223e-01   1.43613e+00   2.61397e-01   7.16669e-01   1.54736e+00   5.34605e-01  -1.93049e-01   4.81349e-01   5.76764e-01  -3.01988e-01   4.91205e-01   6.36450e-01   5.35506e-01   1.34359e-01   2.00395e-01   6.74772e-01   3.54998e-01   3.76869e-01
T7   -6.68828e-01  -5.48925e-02   2.74185e-01   1.16461e-02   2.45399e-01  -4.02073e-01   2.45891e-01   5.34605e-01  -2.12583e-01   1.12684e-01   4.44684e-02   5.22479e-02   5.59611e-01  -2.05503e-01  -1.06303e-01   1.18002e-01   1.53581e-02  -2.23709e-02  -1.24301e-01  -1.50411e-01  -9.79935e-02
T8    5.95451e-01  -2.17810e-02   2.23248e-01   1.69249e-01  -4.49593e-01  -6.58795e-01   1.67587e-01  -1.93049e-01   1.12684e-01  -5.16614e-01   8.19259e-02   2.63560e-02   6.28203e-01  -2.20625e-01  -2.36723e-01  -9.99263e-03  -2.42462e-01  -8.80793e-02  -3.93739e-01  -3.07937e-01   2.94297e-02
T9    6.64679e-02  -7.77773e-01   2.90453e-01   4.16041e-01   7.84768e-01  -8.38488e-01   2.06199e-01   4.81349e-01   4.44684e-02   8.19259e-02  -9.73036e-01  -6.80029e-01   6.47055e-01  -7.04191e-01  -6.23399e-01   2.17906e-01   8.70632e-02   1.03902e-02  -3.55242e-01  -4.74414e-01  -8.94686e-01
T10   -5.38478e-01  -8.41750e-01   2.04427e-01   4.86165e-01   7.83509e-01  -8.65506e-01   2.16023e-01   5.76764e-01   5.22479e-02   2.63560e-02  -6.80029e-01  -5.70404e-01   7.84045e-01  -5.87260e-01  -5.79153e-01   1.50952e-01   1.06890e-01   1.46835e-01  -4.67255e-01  -4.27743e-01  -7.61970e-01
T11   -8.01929e-01   6.43594e-01   1.46750e+00   4.20355e-01  -3.25091e-01   2.09041e-01   5.32488e-01  -3.01988e-01   5.59611e-01   6.28203e-01   6.47055e-01   7.84045e-01   1.88838e+00   4.65479e-01   3.57798e-01   1.05823e+00   4.24848e-01   4.66979e-01  -8.51759e-02  -1.67842e-01   5.33839e-01
T12    1.32952e+00  -6.88220e-01   1.27568e-01   1.57877e-01   5.95114e-01  -9.45601e-01   3.65012e-02   4.91205e-01  -2.05503e-01  -2.20625e-01  -7.04191e-01  -5.87260e-01   4.65479e-01  -1.21896e+00  -7.44386e-01  -2.50985e-01  -6.14051e-02  -4.69161e-02  -6.52114e-01  -5.39235e-01  -7.22575e-01
T13    2.93450e-01  -6.47725e-01  -1.45734e-02   3.46675e-01   8.84804e-01  -7.82449e-01   2.21800e-01   6.36450e-01  -1.06303e-01  -2.36723e-01  -6.23399e-01  -5.79153e-01   3.57798e-01  -7.44386e-01  -7.48440e-01  -2.76925e-01   5.54491e-02   2.80485e-01  -4.80505e-01  -4.43060e-01  -5.97653e-01
T14   -3.08327e-01  -9.27010e-02   4.16029e-01   2.99737e-01   5.98687e-01  -4.82756e-01   2.29560e-01   5.35506e-01   1.18002e-01  -9.99263e-03   2.17906e-01   1.50952e-01   1.05823e+00  -2.50985e-01  -2.76925e-01   1.53997e-01   1.55170e-01   2.25335e-01  -7.11632e-01  -5.67102e-01   2.84108e-02
T15   -4.71009e-01   3.41041e-02   3.31377e-01  -7.87430e-02  -4.99688e-02  -2.96304e-01   7.13170e-02   1.34359e-01   1.53581e-02  -2.42462e-01   8.70632e-02   1.06890e-01   4.24848e-01  -6.14051e-02   5.54491e-02   1.55170e-01  -1.51216e-01  -1.22520e-01   1.31126e-02  -1.97598e-02  -4.89215e-02
T16   -3.95103e-01  -2.05725e-01   3.56832e-01  -1.07843e-02   8.95078e-02  -2.99146e-01   3.67307e-02   2.00395e-01  -2.23709e-02  -8.80793e-02   1.03902e-02   1.46835e-01   4.66979e-01  -4.69161e-02   2.80485e-01   2.25335e-01  -1.22520e-01  -2.42175e-01   3.50268e-01   1.88027e-01  -1.47178e-01
T17    1.23447e+00  -3.44258e-01  -4.98171e-01   2.15934e-01   8.00489e-01  -7.29754e-01   6.09502e-02   6.74772e-01  -1.24301e-01  -3.93739e-01  -3.55242e-01  -4.67255e-01  -8.51759e-02  -6.52114e-01  -4.80505e-01  -7.11632e-01   1.31126e-02   3.50268e-01  -3.22073e-01  -2.17367e-01  -2.81653e-01
T18    3.86332e-01  -4.70672e-01  -2.32580e-01   1.68931e-01   3.44637e-01  -4.99160e-01   1.12465e-01   3.54998e-01  -1.50411e-01  -3.07937e-01  -4.74414e-01  -4.27743e-01  -1.67842e-01  -5.39235e-01  -4.43060e-01  -5.67102e-01  -1.97598e-02   1.88027e-01  -2.17367e-01  -2.93648e-01  -4.23643e-01
T19   -2.24312e-02  -8.54142e-01   2.24218e-01   3.66286e-01   6.54397e-01  -9.14066e-01   1.19993e-01   3.76869e-01  -9.79935e-02   2.94297e-02  -8.94686e-01  -7.61970e-01   5.33839e-01  -7.22575e-01  -5.97653e-01   2.84108e-02  -4.89215e-02  -1.47178e-01  -2.81653e-01  -4.23643e-01  -1.01770e+00
