T0   -3.94636e-01  -5.51652e-02   8.31611e-03   2.46690e-02   4.23850e-03   7.72862e-03   5.21728e-03   1.67930e-02  -1.84844e-02   7.31569e-03  -1.80837e-03  -1.69892e-02   4.22802e-02  -6.16892e-03   3.83804e-03   2.54028e-03   8.62124e-03  -2.85196e-03   1.24259e-03   1.30050e-02  -1.87229e-02
T1   -1.05385e+00   8.31611e-03   3.05318e-02   6.35935e-02  -2.27719e-02  -4.49750e-03   5.70429e-02  -1.63810e-02   1.26320e-02   3.00574e-02   1.15312e-02  -1.61912e-02   1.59011e-01  -1.83805e-02  -1.02507e-02   5.37499e-03   3.67068e-02   4.27311e-02  -2.23334e-02   5.40132e-03  -6.99792e-04
T2   -7.09227e-01   2.46690e-02   6.35935e-02  -5.89082e-02   1.75841e-02   8.54448e-03   1.71583e-02   5.72585e-02  -4.23927e-03   2.62954e-02  -7.72343e-03   2.43335e-02   3.16188e-02  -7.04716e-03  -3.65572e-03   2.72869e-02  -8.61526e-03  -2.80151e-05  -4.31797e-03  -2.45129e-02   2.05027e-02
T3   -1.29844e+00   4.23850e-03  -2.27719e-02   1.75841e-02   4.01805e-02   2.80496e-02   4.80273e-02   9.17902e-02   2.83891e-03   5.80791e-03   8.70070e-03   1.76293e-02   3.67679e-03   2.86407e-03   1.05134e-02   2.30695e-02   2.77075e-02   1.82801e-02  -1.43026e-02  -7.69926e-03   1.38373e-02
T4    2.20882e+00   7.72862e-03  -4.49750e-03   8.54448e-03   2.80496e-02  -3.35097e-01  -3.41611e-03   3.16639e-02  -1.54409e-03  -4.87428e-02  -2.18371e-02  -2.01741e-02   1.01876e-02  -3.70670e-02  -3.16868e-02  -9.34336e-03  -2.49764e-02  -1.76618e-03  -3.26657e-02  -1.04412e-02  -2.10388e-02
T5   -8.32479e-01   5.21728e-03   5.70429e-02   1.71583e-02   4.80273e-02  -3.41611e-03  -3.09691e-02   7.62485e-02   2.56217e-02   2.47530e-02   1.91208e-03  -1.40078e-02   9.40508e-02  -1.57417e-02  -6.90160e-03   1.91727e-02   1.50861e-02   1.79127e-02  -3.25459e-02  -5.97787e-03   1.17797e-02
T6   -1.75854e+00   1.67930e-02  -1.63810e-02   5.72585e-02   9.17902e-02   3.16639e-02   7.62485e-02   6.79049e-02   3.05700e-02   1.74357e-02  -1.05351e-02  -5.42795e-03   9.25276e-03  -1.91784e-04  -3.22800e-03   4.23267e-02   5.36274e-02   4.73628e-02  -3.72046e-03  -1.49292e-03   8.30850e-03
T7   -5.36844e-01  -1.84844e-02   1.26320e-02  -4.23927e-03   2.83891e-03  -1.54409e-03   2.56217e-02   3.05700e-02  -4.39461e-02  -6.17544e-03   4.06229e-03   1.69235e-02   4.47761e-02  -9.23666e-03   5.34508e-03  -7.40101e-03  -3.98923e-03  -7.52388e-03  -6.40399e-03   2.87833e-03  -9.34357e-03
T8    4.33088e-01   7.31569e-03   3.00574e-02   2.62954e-02   5.80791e-03  -4.87428e-02   2.47530e-02   1.74357e-02  -6.17544e-03  -9.01276e-02   3.77913e-04  -6.95804e-03   9.43199e-02  -3.31564e-02  -2.54993e-02  -3.28440e-03   7.70623e-03   1.06752e-02  -3.95865e-02  -1.98417e-02   3.11382e-03
T9    8.82638e-01  -1.80837e-03   1.15312e-02  -7.72343e-03   8.70070e-03  -2.18371e-02   1.91208e-03  -1.05351e-02   4.06229e-03   3.77913e-04  -8.54627e-02  -3.54945e-02  -3.26438e-02  -1.76129e-02  -3.49841e-02   1.99013e-02  -7.80070e-03  -1.25892e-02   1.19710e-02  -1.48047e-02  -3.86950e-02
T10    1.74757e-01  -1.69892e-02  -1.61912e-02   2.43335e-02   1.76293e-02  -2.01741e-02  -1.40078e-02  -5.42795e-03   1.69235e-02  -6.95804e-03  -3.54945e-02  -6.41568e-02   5.22567e-03  -8.26085e-03  -3.27749e-02   5.77053e-03  -3.95927e-03  -1.00024e-03  -8.80775e-03  -3.18298e-03  -3.20439e-02
T11   -1.79424e+00   4.22802e-02   1.59011e-01   3.16188e-02   3.67679e-03   1.01876e-02   9.40508e-02   9.25276e-03   4.47761e-02   9.43199e-02  -3.26438e-02   5.22567e-03   3.51459e-02  -1.27943e-02  -1.40456e-02   6.14361e-02   5.03546e-02   5.12962e-02   1.93575e-02  -1.18455e-02   1.56475e-03
T12    1.87457e+00  -6.16892e-03  -1.83805e-02  -7.04716e-03   2.86407e-03  -3.70670e-02  -1.57417e-02  -1.91784e-04  -9.23666e-03  -3.31564e-02  -1.76129e-02  -8.26085e-03  -1.27943e-02  -2.07406e-01  -1.96271e-02  -8.84156e-03  -4.34803e-03  -4.01002e-03  -8.65366e-03  -3.01620e-03  -6.70228e-03
T13    1.22788e+00   3.83804e-03  -1.02507e-02  -3.65572e-03   1.05134e-02  -3.16868e-02  -6.90160e-03  -3.22800e-03   5.34508e-03  -2.54993e-02  -3.49841e-02  -3.27749e-02  -1.40456e-02  -1.96271e-02  -7.40622e-02  -2.65423e-03  -1.68785e-02  -1.02077e-02  -3.67175e-02  -3.89719e-02  -2.61454e-02
T14   -5.93826e-01   2.54028e-03   5.37499e-03   2.72869e-02   2.30695e-02  -9.34336e-03   1.91727e-02   4.23267e-02  -7.40101e-03  -3.28440e-03   1.99013e-02   5.77053e-03   6.14361e-02  -8.84156e-03  -2.65423e-03  -4.05336e-02   2.64571e-02   1.25071e-02  -3.81898e-02  -1.72478e-02   3.43874e-03
T15   -6.25501e-01   8.62124e-03   3.67068e-02  -8.61526e-03   2.77075e-02  -2.49764e-02   1.50861e-02   5.36274e-02  -3.98923e-03   7.70623e-03  -7.80070e-03  -3.95927e-03   5.03546e-02  -4.34803e-03  -1.68785e-02   2.64571e-02  -3.49454e-02  -8.79123e-03  -1.22696e-02  -8.20760e-03  -1.03006e-03
T16   -3.87924e-01  -2.85196e-03   4.27311e-02  -2.80151e-05   1.82801e-02  -1.76618e-03   1.79127e-02   4.73628e-02  -7.52388e-03   1.06752e-02  -1.25892e-02  -1.00024e-03   5.12962e-02  -4.01002e-03  -1.02077e-02   1.25071e-02  -8.79123e-03  -3.73593e-02  -8.03202e-03  -7.40507e-03  -1.84322e-02
T17    1.98161e+00   1.24259e-03  -2.23334e-02  -4.31797e-03  -1.43026e-02  -3.26657e-02  -3.25459e-02  -3.72046e-03  -6.40399e-03  -3.95865e-02   1.19710e-02  -8.80775e-03   1.93575e-02  -8.65366e-03  -3.67175e-02  -3.81898e-02  -1.22696e-02  -8.03202e-03  -1.51573e-01  -4.29638e-02   2.37368e-03
T18    7.73136e-01   1.30050e-02   5.40132e-03  -2.45129e-02  -7.69926e-03  -1.04412e-02  -5.97787e-03  -1.49292e-03   2.87833e-03  -1.98417e-02  -1.48047e-02  -3.18298e-03  -1.18455e-02  -3.01620e-03  -3.89719e-02  -1.72478e-02  -8.20760e-03  -7.40507e-03  -4.29638e-02  -5.79609e-02   1.91315e-04
T19    4.28994e-01  -1.87229e-02  -6.99792e-04   2.05027e-02   1.38373e-02  -2.10388e-02   1.17797e-02   8.30850e-03  -9.34357e-03   3.11382e-03  -3.86950e-02  -3.20439e-02   1.56475e-03  -6.70228e-03  -2.61454e-02   3.43874e-03  -1.03006e-03  -1.84322e-02   2.37368e-03   1.91315e-04  -6.27530e-02
