T0   -4.13472e-01  -7.04389e-02   1.70652e-02   3.91093e-02   1.68089e-02  -5.63602e-04   1.53425e-02   3.29962e-02  -2.29718e-02   1.47220e-02  -1.35852e-02  -3.14100e-02   6.71390e-02  -1.87341e-02  -4.40907e-03   4.56954e-03   1.40135e-02  -4.02117e-03  -6.24992e-03   1.26648e-02  -3.30243e-02
T1   -1.06799e+00   1.70652e-02   4.05022e-02   7.50976e-02  -4.50958e-02   1.87839e-03   6.46659e-02  -3.87319e-02   2.14715e-02   3.31772e-02   2.80466e-02  -9.41293e-03   2.01348e-01  -1.26339e-02  -6.65831e-03   7.14213e-03   4.74780e-02   5.69605e-02  -2.51510e-02   6.81112e-03   8.70012e-03
T2   -7.77632e-01   3.91093e-02   7.50976e-02  -7.39253e-02   1.94927e-02   1.41919e-02   2.43712e-02   7.49805e-02  -6.00555e-03   2.66391e-02   9.51506e-04   3.86984e-02   3.83650e-02  -2.48044e-03   4.75604e-04   3.07796e-02  -1.25229e-02   1.50684e-03  -5.31130e-04  -2.62933e-02   3.33775e-02
T3   -1.36576e+00   1.68089e-02  -4.50958e-02   1.94927e-02   5.78517e-02   4.21820e-02   5.97739e-02   1.21245e-01  -1.75939e-03  -7.22242e-03   2.47590e-02   3.55959e-02  -6.45885e-03   1.76853e-02   2.42720e-02   2.61989e-02   3.07911e-02   2.49767e-02  -8.36993e-03  -6.15922e-04   3.18158e-02
T4    2.31306e+00  -5.63602e-04   1.87839e-03   1.41919e-02   4.21820e-02  -4.14966e-01   1.64654e-03   4.73080e-02  -6.98500e-03  -5.31029e-02  -3.82493e-02  -3.72875e-02   1.93012e-02  -6.20502e-02  -5.40745e-02  -1.23667e-02  -3.20293e-02  -5.00081e-03  -5.61033e-02  -2.22209e-02  -3.92830e-02
T5   -8.76990e-01   1.53425e-02   6.46659e-02   2.43712e-02   5.97739e-02   1.64654e-03  -2.66407e-02   9.52998e-02   3.38578e-02   3.40253e-02   1.02086e-02  -1.04715e-02   1.15173e-01  -1.34149e-02  -6.91252e-03   2.03869e-02   2.24739e-02   2.61862e-02  -3.35609e-02  -7.51672e-03   2.33383e-02
T6   -1.80957e+00   3.29962e-02  -3.87319e-02   7.49805e-02   1.21245e-01   4.73080e-02   9.52998e-02   9.62043e-02   4.29436e-02   1.21117e-02   1.75436e-03   6.91745e-03  -2.65061e-04   8.33103e-03   4.06901e-03   5.59720e-02   6.81151e-02   6.65280e-02   1.66065e-03   1.52837e-03   2.23045e-02
T7   -5.91230e-01  -2.29718e-02   2.14715e-02  -6.00555e-03  -1.75939e-03  -6.98500e-03   3.38578e-02   4.29436e-02  -5.93378e-02  -1.32650e-02   8.08439e-03   2.01583e-02   6.24562e-02  -1.10892e-02   1.02569e-02  -1.10829e-02  -9.11343e-03  -1.15201e-02  -3.82976e-04   8.98427e-03  -8.68980e-03
T8    3.84462e-01   1.47220e-02   3.31772e-02   2.66391e-02  -7.22242e-03  -5.31029e-02   3.40253e-02   1.21117e-02  -1.32650e-02  -1.17889e-01   1.07714e-02   1.85473e-03   1.18666e-01  -3.59466e-02  -2.70934e-02  -3.93533e-03   4.58374e-03   1.21857e-02  -5.12412e-02  -2.56824e-02   1.22448e-02
T9    9.54824e-01  -1.35852e-02   2.80466e-02   9.51506e-04   2.47590e-02  -3.82493e-02   1.02086e-02   1.75436e-03   8.08439e-03   1.07714e-02  -1.25503e-01  -6.41537e-02  -2.32358e-02  -3.96282e-02  -6.57026e-02   3.09978e-02  -5.56748e-03  -1.74203e-02  -1.52254e-03  -3.23785e-02  -6.83402e-02
T10    2.52386e-01  -3.14100e-02  -9.41293e-03   3.86984e-02   3.55959e-02  -3.72875e-02  -1.04715e-02   6.91745e-03   2.01583e-02   1.85473e-03  -6.41537e-02  -9.54236e-02   1.92102e-02  -2.36413e-02  -5.94429e-02   1.38177e-02  -1.00447e-03  -2.79502e-03  -2.81859e-02  -1.42547e-02  -5.74880e-02
T11   -1.83211e+00   6.71390e-02   2.01348e-01   3.83650e-02  -6.45885e-03   1.93012e-02   1.15173e-01  -2.65061e-04   6.24562e-02   1.18666e-01  -2.32358e-02   1.92102e-02   5.59770e-02   1.87242e-03  -8.53742e-03   7.90816e-02   6.57965e-02   7.05567e-02   3.21848e-02  -1.42708e-02   1.39633e-02
T12    1.90349e+00  -1.87341e-02  -1.26339e-02  -2.48044e-03   1.76853e-02  -6.20502e-02  -1.34149e-02   8.33103e-03  -1.10892e-02  -3.59466e-02  -3.96282e-02  -2.36413e-02   1.87242e-03  -2.51509e-01  -4.58900e-02  -3.88576e-03  -5.71719e-03  -7.28883e-03  -2.72512e-02  -1.93029e-02  -2.23279e-02
T13    1.32888e+00  -4.40907e-03  -6.65831e-03   4.75604e-04   2.42720e-02  -5.40745e-02  -6.91252e-03   4.06901e-03   1.02569e-02  -2.70934e-02  -6.57026e-02  -5.94429e-02  -8.53742e-03  -4.58900e-02  -1.07449e-01   5.55750e-03  -1.58742e-02  -1.48029e-02  -6.42235e-02  -6.33470e-02  -4.88376e-02
T14   -6.30153e-01   4.56954e-03   7.14213e-03   3.07796e-02   2.61989e-02  -1.23667e-02   2.03869e-02   5.59720e-02  -1.10829e-02  -3.93533e-03   3.09978e-02   1.38177e-02   7.90816e-02  -3.88576e-03   5.55750e-03  -5.53321e-02   2.77625e-02   1.82238e-02  -4.56591e-02  -1.94507e-02   9.41464e-03
T15   -6.87964e-01   1.40135e-02   4.74780e-02  -1.25229e-02   3.07911e-02  -3.20293e-02   2.24739e-02   6.81151e-02  -9.11343e-03   4.58374e-03  -5.56748e-03  -1.00447e-03   6.57965e-02  -5.71719e-03  -1.58742e-02   2.77625e-02  -3.99336e-02  -8.21480e-03  -1.27217e-02  -7.42724e-03   3.51129e-03
T16   -4.44714e-01  -4.02117e-03   5.69605e-02   1.50684e-03   2.49767e-02  -5.00081e-03   2.61862e-02   6.65280e-02  -1.15201e-02   1.21857e-02  -1.74203e-02  -2.79502e-03   7.05567e-02  -7.28883e-03  -1.48029e-02   1.82238e-02  -8.21480e-03  -3.96372e-02  -8.10956e-03  -9.95023e-03  -2.34730e-02
T17    2.05071e+00  -6.24992e-03  -2.51510e-02  -5.31130e-04  -8.36993e-03  -5.61033e-02  -3.35609e-02   1.66065e-03  -3.82976e-04  -5.12412e-02  -1.52254e-03  -2.81859e-02   3.21848e-02  -2.72512e-02  -6.42235e-02  -4.56591e-02  -1.27217e-02  -8.10956e-03  -1.99275e-01  -6.63803e-02  -1.28007e-02
T18    8.15703e-01   1.26648e-02   6.81112e-03  -2.62933e-02  -6.15922e-04  -2.22209e-02  -7.51672e-03   1.52837e-03   8.98427e-03  -2.56824e-02  -3.23785e-02  -1.42547e-02  -1.42708e-02  -1.93029e-02  -6.33470e-02  -1.94507e-02  -7.42724e-03  -9.95023e-03  -6.63803e-02  -7.65336e-02  -1.03562e-02
T19    4.94081e-01  -3.30243e-02   8.70012e-03   3.33775e-02   3.18158e-02  -3.92830e-02   2.33383e-02   2.23045e-02  -8.68980e-03   1.22448e-02  -6.83402e-02  -5.74880e-02   1.39633e-02  -2.23279e-02  -4.88376e-02   9.41464e-03   3.51129e-03  -2.34730e-02  -1.28007e-02  -1.03562e-02  -9.32601e-02
