T0   -7.29285e-01  -1.64159e-01   3.91855e-01   4.13223e-01   5.92843e-01  -2.59777e-01   3.74947e-01   6.41541e-01   1.09154e-01   1.82830e-01  -4.53056e-01  -4.58676e-01   7.53587e-01  -3.35868e-01  -4.46761e-01   1.80911e-01   2.50701e-01   5.91441e-02  -3.02257e-01  -2.21139e-01  -4.36943e-01
T1   -5.85788e-01   3.91855e-01   7.03980e-01   3.59563e-01  -5.76398e-01   5.84706e-02   2.99635e-01  -5.47491e-01   2.19174e-01   3.41895e-01   1.78965e-01   6.94742e-02   1.37768e+00   8.34299e-02  -4.68980e-02   3.46867e-01   3.16801e-01   2.88053e-01  -3.16347e-01  -1.76798e-01   1.75415e-01
T2   -5.72087e-01   4.13223e-01   3.59563e-01  -1.68019e-01   1.59226e-01   7.73692e-02   1.99504e-01   4.21252e-01   7.71987e-02   1.37472e-01   2.75075e-01   3.43025e-01   3.89357e-01   1.46469e-01   1.31229e-01   2.68323e-01   5.26814e-02   4.85299e-02   7.78418e-02  -4.15882e-02   2.80741e-01
T3   -1.00890e+00   5.92843e-01  -5.76398e-01   1.59226e-01   8.35246e-01   3.48468e-01   4.93339e-01   1.25107e+00   3.69500e-01  -3.18263e-01   5.62019e-01   5.94004e-01  -3.02163e-01   4.72744e-01   5.03886e-01   5.06452e-01   1.15117e-01   1.99004e-01   2.48781e-01  -1.22850e-01   5.15389e-01
T4    2.13569e+00  -2.59777e-01   5.84706e-02   7.73692e-02   3.48468e-01  -2.17858e+00   6.48940e-02   3.60965e-01  -1.77092e-01  -4.23455e-01  -6.13852e-01  -6.39929e-01   2.91581e-01  -6.25777e-01  -7.38515e-01  -2.73131e-01  -6.35962e-02  -1.23980e-01  -5.96450e-01  -4.34985e-01  -6.08614e-01
T5   -4.67285e-01   3.74947e-01   2.99635e-01   1.99504e-01   4.93339e-01   6.48940e-02   2.02696e-01   6.14125e-01   3.04273e-01   1.86186e-01   1.08252e-01   5.87287e-02   5.27864e-01   1.54915e-02   7.92247e-03   2.49521e-01   2.23581e-01   9.75352e-02  -8.67271e-02  -5.87881e-02   1.04641e-01
T6   -1.15381e+00   6.41541e-01  -5.47491e-01   4.21252e-01   1.25107e+00   3.60965e-01   6.14125e-01   1.36527e+00   6.32487e-01  -1.84570e-01   3.37917e-01   3.62255e-01  -3.07458e-01   3.44419e-01   3.09069e-01   5.17262e-01   2.86921e-01   2.91887e-01   1.43220e-01  -1.15502e-01   3.28756e-01
T7   -9.45388e-01   1.09154e-01   2.19174e-01   7.71987e-02   3.69500e-01  -1.77092e-01   3.04273e-01   6.32487e-01  -1.44736e-01   1.25469e-01   8.24014e-02   1.58053e-01   4.72089e-01  -4.26969e-02  -6.58918e-02   1.68360e-01   9.55500e-02   9.05825e-02  -8.52310e-02  -3.45589e-02   1.47855e-02
T8    4.78437e-01   1.82830e-01   3.41895e-01   1.37472e-01  -3.18263e-01  -4.23455e-01   1.86186e-01  -1.84570e-01   1.25469e-01  -5.02064e-01   4.18195e-02  -3.61256e-02   6.62447e-01  -1.93163e-01  -2.68768e-01   1.10577e-01  -5.24214e-02  -6.91064e-04  -3.57524e-01  -4.06607e-01   2.79798e-02
T9    5.62520e-01  -4.53056e-01   1.78965e-01   2.75075e-01   5.62019e-01  -6.13852e-01   1.08252e-01   3.37917e-01   8.24014e-02   4.18195e-02  -9.77746e-01  -8.76339e-01   2.72686e-01  -6.89822e-01  -7.42390e-01   9.20808e-03   1.06534e-01  -1.15055e-01  -3.84707e-01  -5.34872e-01  -8.24524e-01
T10    7.94091e-02  -4.58676e-01   6.94742e-02   3.43025e-01   5.94004e-01  -6.39929e-01   5.87287e-02   3.62255e-01   1.58053e-01  -3.61256e-02  -8.76339e-01  -9.56473e-01   2.96091e-01  -6.69333e-01  -7.49119e-01  -7.75938e-02   1.44431e-01  -5.71234e-02  -4.48621e-01  -5.39114e-01  -8.26180e-01
T11   -1.06621e+00   7.53587e-01   1.37768e+00   3.89357e-01  -3.02163e-01   2.91581e-01   5.27864e-01  -3.07458e-01   4.72089e-01   6.62447e-01   2.72686e-01   2.96091e-01   1.64115e+00   3.23551e-01   2.27223e-01   8.64046e-01   4.72123e-01   3.92487e-01   1.14498e-01  -1.27566e-01   2.95932e-01
T12    1.60070e+00  -3.35868e-01   8.34299e-02   1.46469e-01   4.72744e-01  -6.25777e-01   1.54915e-02   3.44419e-01  -4.26969e-02  -1.93163e-01  -6.89822e-01  -6.69333e-01   3.23551e-01  -1.06724e+00  -8.29146e-01  -2.02949e-01   4.36641e-02  -7.95816e-02  -6.12433e-01  -5.85017e-01  -6.12846e-01
T13    9.05219e-01  -4.46761e-01  -4.68980e-02   1.31229e-01   5.03886e-01  -7.38515e-01   7.92247e-03   3.09069e-01  -6.58918e-02  -2.68768e-01  -7.42390e-01  -7.49119e-01   2.27223e-01  -8.29146e-01  -9.74489e-01  -2.63442e-01  -3.33895e-02  -3.19186e-02  -6.47973e-01  -6.79077e-01  -6.67987e-01
T14   -4.74385e-01   1.80911e-01   3.46867e-01   2.68323e-01   5.06452e-01  -2.73131e-01   2.49521e-01   5.17262e-01   1.68360e-01   1.10577e-01   9.20808e-03  -7.75938e-02   8.64046e-01  -2.02949e-01  -2.63442e-01   1.37777e-01   2.63389e-01   1.82244e-01  -5.56553e-01  -4.63176e-01  -2.16147e-02
T15   -7.80279e-01   2.50701e-01   3.16801e-01   5.26814e-02   1.15117e-01  -6.35962e-02   2.23581e-01   2.86921e-01   9.55500e-02  -5.24214e-02   1.06534e-01   1.44431e-01   4.72123e-01   4.36641e-02  -3.33895e-02   2.63389e-01   1.35701e-02   3.46117e-02  -3.20583e-02   9.02671e-03   6.94236e-02
T16   -5.23918e-01   5.91441e-02   2.88053e-01   4.85299e-02   1.99004e-01  -1.23980e-01   9.75352e-02   2.91887e-01   9.05825e-02  -6.91064e-04  -1.15055e-01  -5.71234e-02   3.92487e-01  -7.95816e-02  -3.19186e-02   1.82244e-01   3.46117e-02  -1.69379e-01   1.53586e-01  -7.48754e-03  -1.73617e-01
T17    1.51034e+00  -3.02257e-01  -3.16347e-01   7.78418e-02   2.48781e-01  -5.96450e-01  -8.67271e-02   1.43220e-01  -8.52310e-02  -3.57524e-01  -3.84707e-01  -4.48621e-01   1.14498e-01  -6.12433e-01  -6.47973e-01  -5.56553e-01  -3.20583e-02   1.53586e-01  -6.39319e-01  -3.54869e-01  -3.13860e-01
T18    7.71370e-01  -2.21139e-01  -1.76798e-01  -4.15882e-02  -1.22850e-01  -4.34985e-01  -5.87881e-02  -1.15502e-01  -3.45589e-02  -4.06607e-01  -5.34872e-01  -5.39114e-01  -1.27566e-01  -5.85017e-01  -6.79077e-01  -4.63176e-01   9.02671e-03  -7.48754e-03  -3.54869e-01  -4.58404e-01  -4.33168e-01
T19    2.63656e-01  -4.36943e-01   1.75415e-01   2.80741e-01   5.15389e-01  -6.08614e-01   1.04641e-01   3.28756e-01   1.47855e-02   2.79798e-02  -8.24524e-01  -8.26180e-01   2.95932e-01  -6.12846e-01  -6.67987e-01  -2.16147e-02   6.94236e-02  -1.73617e-01  -3.13860e-01  -4.33168e-01  -8.63015e-01
