T0   -4.65731e-01  -1.40444e-01   6.83642e-02   1.02334e-01   9.82412e-02  -6.10109e-02   5.84150e-02   1.29573e-01  -3.58870e-02   4.71070e-02  -8.95776e-02  -1.00371e-01   1.87062e-01  -7.63881e-02  -6.09746e-02   1.67825e-02   2.66994e-02  -6.90598e-03  -3.95873e-02  -8.48843e-03  -1.18234e-01
T1   -9.66861e-01   6.83642e-02   1.75528e-01   9.51874e-02  -2.26917e-01   2.55167e-02   1.07699e-01  -1.96179e-01  -1.36077e-03   6.55480e-02   1.49789e-01   9.90855e-02   4.32187e-01   9.14988e-02   7.39907e-02   4.97929e-03   4.34216e-02   7.12758e-02  -3.07444e-03   3.74608e-02   8.42635e-02
T2   -6.93237e-01   1.02334e-01   9.51874e-02  -1.42641e-01   1.10867e-02   3.35777e-03   3.26908e-02   1.21099e-01  -2.82923e-02   2.20464e-02   7.35501e-02   1.52797e-01   4.19116e-02   3.33887e-02   4.17575e-02   4.85794e-02  -2.91610e-02  -1.01296e-02   1.55656e-02  -2.83198e-02   1.02927e-01
T3   -1.23069e+00   9.82412e-02  -2.26917e-01   1.10867e-02   1.58834e-01   7.23047e-02   9.64035e-02   2.58707e-01   1.02716e-02  -1.00239e-01   1.53773e-01   1.74574e-01  -1.52480e-01   9.51988e-02   1.28592e-01   6.12874e-02   4.22406e-02   5.01933e-02   2.60170e-02  -9.65662e-03   1.31746e-01
T4    2.56828e+00  -6.10109e-02   2.55167e-02   3.35777e-03   7.23047e-02  -8.03011e-01   1.02799e-02   8.97417e-02  -6.08795e-02  -9.61284e-02  -1.36810e-01  -1.39324e-01   6.42965e-02  -1.78030e-01  -1.81582e-01  -6.12404e-02  -8.11072e-02  -5.34712e-02  -1.60186e-01  -9.55942e-02  -1.46177e-01
T5   -8.12187e-01   5.84150e-02   1.07699e-01   3.26908e-02   9.64035e-02   1.02799e-02   6.47051e-03   1.81839e-01   3.22164e-02   5.26227e-02   1.00161e-01   9.25016e-02   1.98213e-01   3.41496e-02   5.58082e-02   3.18994e-02   1.57274e-02   2.62048e-02  -2.91207e-02   1.17002e-02   7.84981e-02
T6   -1.65770e+00   1.29573e-01  -1.96179e-01   1.21099e-01   2.58707e-01   8.97417e-02   1.81839e-01   2.24189e-01   1.07000e-01  -3.18572e-02   1.30173e-01   1.68903e-01  -1.18419e-01   1.32722e-01   1.22686e-01   1.28878e-01   1.04142e-01   1.12778e-01   3.81664e-02   4.34357e-03   1.14709e-01
T7   -5.54174e-01  -3.58870e-02  -1.36077e-03  -2.82923e-02   1.02716e-02  -6.08795e-02   3.22164e-02   1.07000e-01  -1.03800e-01  -3.80688e-02   1.19438e-02   2.82543e-02   7.49790e-02  -3.89407e-02  -1.99921e-04  -1.76686e-02  -2.30979e-02  -2.17079e-02  -2.71769e-02  -4.10654e-03  -2.25098e-02
T8    3.67622e-01   4.71070e-02   6.55480e-02   2.20464e-02  -1.00239e-01  -9.61284e-02   5.26227e-02  -3.18572e-02  -3.80688e-02  -2.61177e-01   7.31166e-02   6.44092e-02   2.12600e-01  -2.73402e-02  -2.37194e-02   1.01109e-02  -3.01662e-02   1.52775e-03  -9.94326e-02  -5.27135e-02   4.73240e-02
T9    7.27098e-01  -8.95776e-02   1.49789e-01   7.35501e-02   1.53773e-01  -1.36810e-01   1.00161e-01   1.30173e-01   1.19438e-02   7.31166e-02  -3.08075e-01  -2.20547e-01   1.08549e-01  -1.49836e-01  -2.17949e-01   7.21486e-02   1.44189e-02  -3.48805e-02  -9.88468e-02  -1.15864e-01  -2.11102e-01
T10   -1.65876e-02  -1.00371e-01   9.90855e-02   1.52797e-01   1.74574e-01  -1.39324e-01   9.25016e-02   1.68903e-01   2.82543e-02   6.44092e-02  -2.20547e-01  -2.60587e-01   1.99545e-01  -1.25628e-01  -2.01103e-01   4.48992e-02   3.39767e-02   5.91248e-03  -1.35149e-01  -7.74865e-02  -1.89660e-01
T11   -1.64286e+00   1.87062e-01   4.32187e-01   4.19116e-02  -1.52480e-01   6.42965e-02   1.98213e-01  -1.18419e-01   7.49790e-02   2.12600e-01   1.08549e-01   1.99545e-01   2.40856e-01   1.67701e-01   1.12489e-01   1.75385e-01   8.00309e-02   1.11496e-01   1.40945e-01   1.50391e-02   1.10752e-01
T12    1.64745e+00  -7.63881e-02   9.14988e-02   3.33887e-02   9.51988e-02  -1.78030e-01   3.41496e-02   1.32722e-01  -3.89407e-02  -2.73402e-02  -1.49836e-01  -1.25628e-01   1.67701e-01  -4.23210e-01  -1.95929e-01   2.18077e-03  -1.28081e-03  -2.36346e-02  -1.38284e-01  -9.26877e-02  -1.19030e-01
T13    1.13087e+00  -6.09746e-02   7.39907e-02   4.17575e-02   1.28592e-01  -1.81582e-01   5.58082e-02   1.22686e-01  -1.99921e-04  -2.37194e-02  -2.17949e-01  -2.01103e-01   1.12489e-01  -1.95929e-01  -2.96401e-01   7.31805e-03  -1.66595e-02  -1.62967e-02  -2.11855e-01  -1.74293e-01  -1.65886e-01
T14   -5.56592e-01   1.67825e-02   4.97929e-03   4.85794e-02   6.12874e-02  -6.12404e-02   3.18994e-02   1.28878e-01  -1.76686e-02   1.01109e-02   7.21486e-02   4.48992e-02   1.75385e-01   2.18077e-03   7.31805e-03  -8.49231e-02   4.63405e-02   4.40881e-02  -1.18851e-01  -7.82000e-02   3.12588e-02
T15   -6.29209e-01   2.66994e-02   4.34216e-02  -2.91610e-02   4.22406e-02  -8.11072e-02   1.57274e-02   1.04142e-01  -2.30979e-02  -3.01662e-02   1.44189e-02   3.39767e-02   8.00309e-02  -1.28081e-03  -1.66595e-02   4.63405e-02  -6.29911e-02  -2.09233e-02  -1.61368e-02  -1.67172e-02   1.79428e-02
T16   -4.02687e-01  -6.90598e-03   7.12758e-02  -1.01296e-02   5.01933e-02  -5.34712e-02   2.62048e-02   1.12778e-01  -2.17079e-02   1.52775e-03  -3.48805e-02   5.91248e-03   1.11496e-01  -2.36346e-02  -1.62967e-02   4.40881e-02  -2.09233e-02  -7.58916e-02  -6.71666e-03  -2.08278e-02  -5.28636e-02
T17    1.96771e+00  -3.95873e-02  -3.07444e-03   1.55656e-02   2.60170e-02  -1.60186e-01  -2.91207e-02   3.81664e-02  -2.71769e-02  -9.94326e-02  -9.88468e-02  -1.35149e-01   1.40945e-01  -1.38284e-01  -2.11855e-01  -1.18851e-01  -1.61368e-02  -6.71666e-03  -3.78705e-01  -1.56485e-01  -9.10159e-02
T18    7.76545e-01  -8.48843e-03   3.74608e-02  -2.83198e-02  -9.65662e-03  -9.55942e-02   1.17002e-02   4.34357e-03  -4.10654e-03  -5.27135e-02  -1.15864e-01  -7.74865e-02   1.50391e-02  -9.26877e-02  -1.74293e-01  -7.82000e-02  -1.67172e-02  -2.08278e-02  -1.56485e-01  -1.35933e-01  -7.55091e-02
T19    4.42934e-01  -1.18234e-01   8.42635e-02   1.02927e-01   1.31746e-01  -1.46177e-01   7.84981e-02   1.14709e-01  -2.25098e-02   4.73240e-02  -2.11102e-01  -1.89660e-01   1.10752e-01  -1.19030e-01  -1.65886e-01   3.12588e-02   1.79428e-02  -5.28636e-02  -9.10159e-02  -7.55091e-02  -2.42975e-01
