T0   -3.93734e-01  -6.17679e-02   1.27314e-02   2.93916e-02   8.13369e-03   4.77183e-03   8.52427e-03   2.17382e-02  -2.05350e-02   1.02440e-02  -6.94489e-03  -2.33077e-02   5.31494e-02  -1.13733e-02   1.02689e-03   3.32863e-03   9.55355e-03  -3.13450e-03  -8.12161e-04   1.42010e-02  -2.45627e-02
T1   -1.07527e+00   1.27314e-02   3.26134e-02   6.98917e-02  -2.99217e-02  -6.86631e-04   6.24944e-02  -2.37571e-02   1.73721e-02   3.17647e-02   1.79122e-02  -1.42108e-02   1.77038e-01  -1.63248e-02  -1.03039e-02   4.60077e-03   4.20367e-02   4.97448e-02  -2.39677e-02   5.56407e-03   2.93140e-03
T2   -7.49147e-01   2.93916e-02   6.98917e-02  -6.39386e-02   1.88572e-02   1.10515e-02   2.20545e-02   6.61981e-02  -5.17559e-03   2.58769e-02  -4.37600e-03   2.96455e-02   3.45273e-02  -3.15099e-03  -1.09652e-03   2.89498e-02  -1.20322e-02  -7.70835e-04  -4.57298e-03  -2.49587e-02   2.66589e-02
T3   -1.33789e+00   8.13369e-03  -2.99217e-02   1.88572e-02   4.88002e-02   3.17682e-02   5.31967e-02   1.04193e-01   6.93187e-04   2.05055e-03   1.50913e-02   2.46243e-02   9.23231e-04   7.52475e-03   1.60442e-02   2.49226e-02   2.88509e-02   2.01372e-02  -1.33309e-02  -3.35804e-03   2.05299e-02
T4    2.26320e+00   4.77183e-03  -6.86631e-04   1.10515e-02   3.17682e-02  -3.67317e-01  -1.08436e-03   3.71515e-02  -3.07869e-03  -5.12166e-02  -2.91226e-02  -2.75134e-02   1.48907e-02  -4.75363e-02  -4.18605e-02  -9.64122e-03  -2.80364e-02  -2.92603e-03  -4.07471e-02  -1.58432e-02  -2.94375e-02
T5   -8.61855e-01   8.52427e-03   6.24944e-02   2.20545e-02   5.31967e-02  -1.08436e-03  -3.00324e-02   8.42924e-02   2.82476e-02   2.87026e-02   6.57402e-03  -1.28015e-02   1.03281e-01  -1.52793e-02  -6.82041e-03   1.94936e-02   1.79001e-02   2.09167e-02  -3.34887e-02  -7.33618e-03   1.69670e-02
T6   -1.79466e+00   2.17382e-02  -2.37571e-02   6.61981e-02   1.04193e-01   3.71515e-02   8.42924e-02   7.85510e-02   3.51233e-02   1.62444e-02  -5.17132e-03  -6.93754e-04   5.85495e-03   3.24371e-03  -1.34455e-03   4.76799e-02   6.05241e-02   5.60598e-02   8.08383e-05   2.76712e-04   1.50080e-02
T7   -5.66123e-01  -2.05350e-02   1.73721e-02  -5.17559e-03   6.93187e-04  -3.07869e-03   2.82476e-02   3.51233e-02  -5.26648e-02  -1.12618e-02   6.70235e-03   1.93720e-02   5.20266e-02  -1.06898e-02   6.98649e-03  -7.51198e-03  -5.85988e-03  -9.17199e-03  -4.66416e-03   5.40347e-03  -8.20909e-03
T8    4.02287e-01   1.02440e-02   3.17647e-02   2.58769e-02   2.05055e-03  -5.12166e-02   2.87026e-02   1.62444e-02  -1.12618e-02  -1.04592e-01   6.20482e-03  -3.95215e-03   1.04353e-01  -3.29181e-02  -2.62866e-02  -3.55767e-03   7.95167e-03   1.38002e-02  -4.48864e-02  -2.28715e-02   6.64810e-03
T9    9.36794e-01  -6.94489e-03   1.79122e-02  -4.37600e-03   1.50913e-02  -2.91226e-02   6.57402e-03  -5.17132e-03   6.70235e-03   6.20482e-03  -1.03462e-01  -4.83212e-02  -2.89575e-02  -2.72892e-02  -4.83166e-02   2.29465e-02  -7.42852e-03  -1.53374e-02   6.45777e-03  -2.17511e-02  -5.14282e-02
T10    2.30686e-01  -2.33077e-02  -1.42108e-02   2.96455e-02   2.46243e-02  -2.75134e-02  -1.28015e-02  -6.93754e-04   1.93720e-02  -3.95215e-03  -4.83212e-02  -7.75898e-02   1.06964e-02  -1.39614e-02  -4.36322e-02   8.35466e-03  -2.64478e-03  -2.60987e-03  -1.73498e-02  -7.51725e-03  -4.32671e-02
T11   -1.83009e+00   5.31494e-02   1.77038e-01   3.45273e-02   9.23231e-04   1.48907e-02   1.03281e-01   5.85495e-03   5.20266e-02   1.04353e-01  -2.89575e-02   1.06964e-02   4.46127e-02  -5.97874e-03  -1.21635e-02   6.86282e-02   5.69125e-02   6.09442e-02   2.54371e-02  -1.25348e-02   5.99910e-03
T12    1.89582e+00  -1.13733e-02  -1.63248e-02  -3.15099e-03   7.52475e-03  -4.75363e-02  -1.52793e-02   3.24371e-03  -1.06898e-02  -3.29181e-02  -2.72892e-02  -1.39614e-02  -5.97874e-03  -2.26773e-01  -3.10598e-02  -7.86506e-03  -5.20917e-03  -6.47399e-03  -1.71411e-02  -8.65877e-03  -1.32353e-02
T13    1.28202e+00   1.02689e-03  -1.03039e-02  -1.09652e-03   1.60442e-02  -4.18605e-02  -6.82041e-03  -1.34455e-03   6.98649e-03  -2.62866e-02  -4.83166e-02  -4.36322e-02  -1.21635e-02  -3.10598e-02  -8.82397e-02   5.05989e-04  -1.51222e-02  -1.20809e-02  -4.86615e-02  -4.98967e-02  -3.50164e-02
T14   -6.09234e-01   3.32863e-03   4.60077e-03   2.89498e-02   2.49226e-02  -9.64122e-03   1.94936e-02   4.76799e-02  -7.51198e-03  -3.55767e-03   2.29465e-02   8.35466e-03   6.86282e-02  -7.86506e-03   5.05989e-04  -4.82719e-02   2.65356e-02   1.58470e-02  -3.98822e-02  -1.76649e-02   6.37206e-03
T15   -6.55640e-01   9.55355e-03   4.20367e-02  -1.20322e-02   2.88509e-02  -2.80364e-02   1.79001e-02   6.05241e-02  -5.85988e-03   7.95167e-03  -7.42852e-03  -2.64478e-03   5.69125e-02  -5.20917e-03  -1.51222e-02   2.65356e-02  -3.71203e-02  -8.77596e-03  -1.09833e-02  -7.73829e-03   5.06168e-04
T16   -4.10820e-01  -3.13450e-03   4.97448e-02  -7.70835e-04   2.01372e-02  -2.92603e-03   2.09167e-02   5.60598e-02  -9.17199e-03   1.38002e-02  -1.53374e-02  -2.60987e-03   6.09442e-02  -6.47399e-03  -1.20809e-02   1.58470e-02  -8.77596e-03  -3.93074e-02  -7.17542e-03  -8.03071e-03  -2.16315e-02
T17    2.01131e+00  -8.12161e-04  -2.39677e-02  -4.57298e-03  -1.33309e-02  -4.07471e-02  -3.34887e-02   8.08383e-05  -4.66416e-03  -4.48864e-02   6.45777e-03  -1.73498e-02   2.54371e-02  -1.71411e-02  -4.86615e-02  -3.98822e-02  -1.09833e-02  -7.17542e-03  -1.72232e-01  -5.26424e-02  -3.95272e-03
T18    7.87998e-01   1.42010e-02   5.56407e-03  -2.49587e-02  -3.35804e-03  -1.58432e-02  -7.33618e-03   2.76712e-04   5.40347e-03  -2.28715e-02  -2.17511e-02  -7.51725e-03  -1.25348e-02  -8.65877e-03  -4.98967e-02  -1.76649e-02  -7.73829e-03  -8.03071e-03  -5.26424e-02  -6.81469e-02  -4.77795e-03
T19    4.74342e-01  -2.45627e-02   2.93140e-03   2.66589e-02   2.05299e-02  -2.94375e-02   1.69670e-02   1.50080e-02  -8.20909e-03   6.64810e-03  -5.14282e-02  -4.32671e-02   5.99910e-03  -1.32353e-02  -3.50164e-02   6.37206e-03   5.06168e-04  -2.16315e-02  -3.95272e-03  -4.77795e-03  -7.70576e-02
