T0   -4.25138e-01  -1.42250e-01   5.45176e-02   8.69825e-02   7.69020e-02  -5.20863e-02   5.13041e-02   1.10408e-01  -2.73075e-02   4.52378e-02  -7.89291e-02  -9.31357e-02   1.62224e-01  -6.72453e-02  -5.00765e-02   2.09502e-02   2.50152e-02  -8.44820e-03  -3.60488e-02  -2.93665e-03  -1.05324e-01
T1   -1.01061e+00   5.45176e-02   1.51981e-01   9.26428e-02  -1.98030e-01   1.66820e-02   1.04047e-01  -1.69246e-01   2.40545e-03   5.78542e-02   1.35164e-01   8.86465e-02   4.01167e-01   8.28570e-02   6.85172e-02   7.04541e-03   4.16590e-02   6.98620e-02  -1.79450e-03   3.80332e-02   7.06952e-02
T2   -7.16919e-01   8.69825e-02   9.26428e-02  -1.33049e-01   1.39936e-02   3.97214e-03   3.17213e-02   1.17872e-01  -2.14264e-02   2.13888e-02   6.27168e-02   1.29876e-01   4.17632e-02   2.40812e-02   3.54817e-02   4.83218e-02  -2.54919e-02  -2.98511e-03   1.44782e-02  -2.80975e-02   9.43232e-02
T3   -1.26782e+00   7.69020e-02  -1.98030e-01   1.39936e-02   1.43759e-01   6.58277e-02   9.52025e-02   2.39167e-01   6.65233e-03  -8.46443e-02   1.37865e-01   1.47404e-01  -1.24979e-01   8.45523e-02   1.08197e-01   5.79024e-02   4.29384e-02   4.91186e-02   1.93160e-02  -6.40134e-03   1.21469e-01
T4    2.58842e+00  -5.20863e-02   1.66820e-02   3.97214e-03   6.58277e-02  -7.48488e-01   2.06093e-03   8.40723e-02  -4.60518e-02  -9.06489e-02  -1.23439e-01  -1.25291e-01   4.85747e-02  -1.60470e-01  -1.63761e-01  -5.50297e-02  -7.22264e-02  -4.58123e-02  -1.45737e-01  -8.45066e-02  -1.31374e-01
T5   -8.36228e-01   5.13041e-02   1.04047e-01   3.17213e-02   9.52025e-02   2.06093e-03   4.85267e-03   1.70475e-01   3.52247e-02   4.82284e-02   8.22627e-02   7.09914e-02   1.87887e-01   2.56109e-02   4.86920e-02   3.18577e-02   1.92963e-02   2.49868e-02  -2.96555e-02   7.78122e-03   6.94417e-02
T6   -1.70115e+00   1.10408e-01  -1.69246e-01   1.17872e-01   2.39167e-01   8.40723e-02   1.70475e-01   2.04998e-01   1.00290e-01  -2.13176e-02   1.08613e-01   1.37066e-01  -9.78473e-02   1.08490e-01   1.03281e-01   1.18882e-01   1.02060e-01   1.09978e-01   3.55340e-02   7.09027e-03   9.73225e-02
T7   -5.79200e-01  -2.73075e-02   2.40545e-03  -2.14264e-02   6.65233e-03  -4.60518e-02   3.52247e-02   1.00290e-01  -1.00071e-01  -3.94453e-02   1.31719e-02   2.82117e-02   7.28575e-02  -3.47832e-02  -2.56465e-03  -1.65715e-02  -1.62246e-02  -1.55319e-02  -2.28629e-02  -3.89483e-03  -1.75652e-02
T8    3.48192e-01   4.52378e-02   5.78542e-02   2.13888e-02  -8.46443e-02  -9.06489e-02   4.82284e-02  -2.13176e-02  -3.94453e-02  -2.39909e-01   6.59332e-02   5.40872e-02   1.98194e-01  -2.45345e-02  -1.88381e-02   1.11556e-02  -2.44716e-02   4.12788e-03  -8.82407e-02  -4.59282e-02   4.33578e-02
T9    7.93175e-01  -7.89291e-02   1.35164e-01   6.27168e-02   1.37865e-01  -1.23439e-01   8.22627e-02   1.08613e-01   1.31719e-02   6.59332e-02  -2.89049e-01  -2.01860e-01   8.30885e-02  -1.36445e-01  -1.97920e-01   6.39273e-02   9.88005e-03  -3.62821e-02  -8.48495e-02  -1.02381e-01  -1.92502e-01
T10    4.65859e-02  -9.31357e-02   8.86465e-02   1.29876e-01   1.47404e-01  -1.25291e-01   7.09914e-02   1.37066e-01   2.82117e-02   5.40872e-02  -2.01860e-01  -2.40326e-01   1.73787e-01  -1.12863e-01  -1.81588e-01   3.92456e-02   2.54387e-02   1.88911e-03  -1.18839e-01  -6.60127e-02  -1.71424e-01
T11   -1.69519e+00   1.62224e-01   4.01167e-01   4.17632e-02  -1.24979e-01   4.85747e-02   1.87887e-01  -9.78473e-02   7.28575e-02   1.98194e-01   8.30885e-02   1.73787e-01   2.05947e-01   1.41637e-01   9.94772e-02   1.60935e-01   7.95898e-02   1.06461e-01   1.35450e-01   1.62610e-02   9.58088e-02
T12    1.69589e+00  -6.72453e-02   8.28570e-02   2.40812e-02   8.45523e-02  -1.60470e-01   2.56109e-02   1.08490e-01  -3.47832e-02  -2.45345e-02  -1.36445e-01  -1.12863e-01   1.41637e-01  -4.03476e-01  -1.71966e-01  -3.34287e-03  -3.19817e-03  -2.36999e-02  -1.18527e-01  -8.33061e-02  -1.09027e-01
T13    1.15468e+00  -5.00765e-02   6.85172e-02   3.54817e-02   1.08197e-01  -1.63761e-01   4.86920e-02   1.03281e-01  -2.56465e-03  -1.88381e-02  -1.97920e-01  -1.81588e-01   9.94772e-02  -1.71966e-01  -2.69816e-01   1.19114e-02  -1.57382e-02  -1.71143e-02  -1.91901e-01  -1.56471e-01  -1.48540e-01
T14   -5.81176e-01   2.09502e-02   7.04541e-03   4.83218e-02   5.79024e-02  -5.50297e-02   3.18577e-02   1.18882e-01  -1.65715e-02   1.11556e-02   6.39273e-02   3.92456e-02   1.60935e-01  -3.34287e-03   1.19114e-02  -8.23811e-02   4.55312e-02   4.14512e-02  -1.05621e-01  -6.76715e-02   2.29690e-02
T15   -6.38846e-01   2.50152e-02   4.16590e-02  -2.54919e-02   4.29384e-02  -7.22264e-02   1.92963e-02   1.02060e-01  -1.62246e-02  -2.44716e-02   9.88005e-03   2.54387e-02   7.95898e-02  -3.19817e-03  -1.57382e-02   4.55312e-02  -5.99739e-02  -1.93829e-02  -1.73920e-02  -1.55321e-02   1.23430e-02
T16   -4.01478e-01  -8.44820e-03   6.98620e-02  -2.98511e-03   4.91186e-02  -4.58123e-02   2.49868e-02   1.09978e-01  -1.55319e-02   4.12788e-03  -3.62821e-02   1.88911e-03   1.06461e-01  -2.36999e-02  -1.71143e-02   4.14512e-02  -1.93829e-02  -7.13240e-02  -8.30675e-03  -1.77710e-02  -5.28103e-02
T17    1.97358e+00  -3.60488e-02  -1.79450e-03   1.44782e-02   1.93160e-02  -1.45737e-01  -2.96555e-02   3.55340e-02  -2.28629e-02  -8.82407e-02  -8.48495e-02  -1.18839e-01   1.35450e-01  -1.18527e-01  -1.91901e-01  -1.05621e-01  -1.73920e-02  -8.30675e-03  -3.50784e-01  -1.43888e-01  -7.65684e-02
T18    7.66774e-01  -2.93665e-03   3.80332e-02  -2.80975e-02  -6.40134e-03  -8.45066e-02   7.78122e-03   7.09027e-03  -3.89483e-03  -4.59282e-02  -1.02381e-01  -6.60127e-02   1.62610e-02  -8.33061e-02  -1.56471e-01  -6.76715e-02  -1.55321e-02  -1.77710e-02  -1.43888e-01  -1.27601e-01  -6.38511e-02
T19    4.86458e-01  -1.05324e-01   7.06952e-02   9.43232e-02   1.21469e-01  -1.31374e-01   6.94417e-02   9.73225e-02  -1.75652e-02   4.33578e-02  -1.92502e-01  -1.71424e-01   9.58088e-02  -1.09027e-01  -1.48540e-01   2.29690e-02   1.23430e-02  -5.28103e-02  -7.65684e-02  -6.38511e-02  -2.26636e-01
