T0   -4.05085e-01  -1.05444e-01   2.99063e-02   6.98759e-02   5.40929e-02  -2.71915e-02   3.09165e-02   7.57155e-02  -2.56818e-02   2.05066e-02  -5.67838e-02  -7.77880e-02   1.19859e-01  -5.18037e-02  -3.97965e-02   1.58755e-02   2.96283e-02   3.60392e-04  -3.05914e-02   1.01487e-04  -7.81100e-02
T1   -1.07304e+00   2.99063e-02   1.10882e-01   8.82612e-02  -1.41846e-01   5.91047e-03   8.91775e-02  -1.19835e-01   1.16286e-02   5.06950e-02   9.93517e-02   5.59258e-02   3.34937e-01   5.04500e-02   4.86143e-02   1.02971e-02   4.19631e-02   6.88035e-02   2.27149e-03   3.30274e-02   4.86130e-02
T2   -7.62528e-01   6.98759e-02   8.82612e-02  -1.07190e-01   2.51640e-02   4.43884e-03   3.51257e-02   1.08414e-01  -8.32077e-03   2.29038e-02   3.44819e-02   9.24613e-02   4.10528e-02   8.46253e-03   2.14551e-02   4.84883e-02  -1.86835e-02  -7.54480e-04   9.06370e-03  -2.91819e-02   6.73653e-02
T3   -1.33396e+00   5.40929e-02  -1.41846e-01   2.51640e-02   1.23686e-01   5.44935e-02   9.26693e-02   2.06510e-01   4.80196e-03  -5.29239e-02   8.28423e-02   1.01256e-01  -7.77164e-02   6.37250e-02   7.99441e-02   5.22011e-02   3.99987e-02   4.09074e-02   8.27618e-03  -1.11019e-03   8.08329e-02
T4    2.54885e+00  -2.71915e-02   5.91047e-03   4.43884e-03   5.44935e-02  -6.36683e-01  -3.12502e-03   7.22369e-02  -2.89387e-02  -7.90991e-02  -9.46315e-02  -9.30934e-02   4.05802e-02  -1.27575e-01  -1.26785e-01  -3.98177e-02  -5.41194e-02  -2.39298e-02  -1.11765e-01  -6.87158e-02  -9.84309e-02
T5   -8.67280e-01   3.09165e-02   8.91775e-02   3.51257e-02   9.26693e-02  -3.12502e-03  -5.66616e-03   1.49508e-01   4.50103e-02   4.81392e-02   5.29973e-02   2.83681e-02   1.66096e-01   5.03983e-03   2.85568e-02   2.79129e-02   2.47308e-02   2.65299e-02  -2.74439e-02   3.57265e-03   5.06513e-02
T6   -1.76986e+00   7.57155e-02  -1.19835e-01   1.08414e-01   2.06510e-01   7.22369e-02   1.49508e-01   1.71813e-01   8.41367e-02  -2.61909e-03   5.93321e-02   7.42412e-02  -5.37729e-02   6.20378e-02   6.33303e-02   9.99513e-02   9.63025e-02   1.01197e-01   3.05991e-02   1.07384e-02   6.83943e-02
T7   -6.41020e-01  -2.56818e-02   1.16286e-02  -8.32077e-03   4.80196e-03  -2.89387e-02   4.50103e-02   8.41367e-02  -8.42216e-02  -3.03086e-02   1.67545e-02   3.10975e-02   7.78292e-02  -2.26819e-02  -1.87140e-03  -1.33029e-02  -1.17075e-02  -1.18083e-02  -1.89070e-02  -5.38534e-03  -7.77508e-03
T8    3.40671e-01   2.05066e-02   5.06950e-02   2.29038e-02  -5.29239e-02  -7.90991e-02   4.81392e-02  -2.61909e-03  -3.03086e-02  -1.92573e-01   4.68934e-02   3.62357e-02   1.75129e-01  -3.22967e-02  -1.83424e-02   5.63716e-03  -1.75237e-02   6.44862e-03  -7.57257e-02  -2.97315e-02   3.23245e-02
T9    9.26411e-01  -5.67838e-02   9.93517e-02   3.44819e-02   8.28423e-02  -9.46315e-02   5.29973e-02   5.93321e-02   1.67545e-02   4.68934e-02  -2.39742e-01  -1.57630e-01   3.88272e-02  -1.06405e-01  -1.54877e-01   4.91441e-02  -1.19442e-03  -3.53912e-02  -5.46733e-02  -7.64582e-02  -1.54153e-01
T10    1.82437e-01  -7.77880e-02   5.59258e-02   9.24613e-02   1.01256e-01  -9.30934e-02   2.83681e-02   7.42412e-02   3.10975e-02   3.62357e-02  -1.57630e-01  -1.95730e-01   1.09714e-01  -8.58804e-02  -1.40536e-01   2.84602e-02   1.13627e-02  -6.42311e-03  -8.57729e-02  -4.47483e-02  -1.35142e-01
T11   -1.77800e+00   1.19859e-01   3.34937e-01   4.10528e-02  -7.77164e-02   4.05802e-02   1.66096e-01  -5.37729e-02   7.78292e-02   1.75129e-01   3.88272e-02   1.09714e-01   1.44770e-01   8.32955e-02   5.87496e-02   1.34821e-01   7.85157e-02   1.00987e-01   1.09193e-01   1.24637e-02   6.20885e-02
T12    1.80262e+00  -5.18037e-02   5.04500e-02   8.46253e-03   6.37250e-02  -1.27575e-01   5.03983e-03   6.20378e-02  -2.26819e-02  -3.22967e-02  -1.06405e-01  -8.58804e-02   8.32955e-02  -3.58243e-01  -1.29052e-01  -1.34381e-03  -6.75276e-03  -2.09376e-02  -8.23476e-02  -6.44652e-02  -8.02750e-02
T13    1.23323e+00  -3.97965e-02   4.86143e-02   2.14551e-02   7.99441e-02  -1.26785e-01   2.85568e-02   6.33303e-02  -1.87140e-03  -1.83424e-02  -1.54877e-01  -1.40536e-01   5.87496e-02  -1.29052e-01  -2.13481e-01   1.62770e-02  -1.71499e-02  -1.88964e-02  -1.49661e-01  -1.22819e-01  -1.15163e-01
T14   -6.26294e-01   1.58755e-02   1.02971e-02   4.84883e-02   5.22011e-02  -3.98177e-02   2.79129e-02   9.99513e-02  -1.33029e-02   5.63716e-03   4.91441e-02   2.84602e-02   1.34821e-01  -1.34381e-03   1.62770e-02  -7.53344e-02   4.16916e-02   3.44214e-02  -7.96198e-02  -4.93528e-02   1.66870e-02
T15   -6.76430e-01   2.96283e-02   4.19631e-02  -1.86835e-02   3.99987e-02  -5.41194e-02   2.47308e-02   9.63025e-02  -1.17075e-02  -1.75237e-02  -1.19442e-03   1.13627e-02   7.85157e-02  -6.75276e-03  -1.71499e-02   4.16916e-02  -4.76173e-02  -9.50634e-03  -2.01821e-02  -1.31203e-02   9.82914e-03
T16   -4.23306e-01   3.60392e-04   6.88035e-02  -7.54480e-04   4.09074e-02  -2.39298e-02   2.65299e-02   1.01197e-01  -1.18083e-02   6.44862e-03  -3.53912e-02  -6.42311e-03   1.00987e-01  -2.09376e-02  -1.88964e-02   3.44214e-02  -9.50634e-03  -5.41076e-02  -1.40476e-02  -1.45641e-02  -4.60170e-02
T17    2.00760e+00  -3.05914e-02   2.27149e-03   9.06370e-03   8.27618e-03  -1.11765e-01  -2.74439e-02   3.05991e-02  -1.89070e-02  -7.57257e-02  -5.46733e-02  -8.57729e-02   1.09193e-01  -8.23476e-02  -1.49661e-01  -7.96198e-02  -2.01821e-02  -1.40476e-02  -3.05124e-01  -1.15070e-01  -5.64584e-02
T18    7.68568e-01   1.01487e-04   3.30274e-02  -2.91819e-02  -1.11019e-03  -6.87158e-02   3.57265e-03   1.07384e-02  -5.38534e-03  -2.97315e-02  -7.64582e-02  -4.47483e-02   1.24637e-02  -6.44652e-02  -1.22819e-01  -4.93528e-02  -1.31203e-02  -1.45641e-02  -1.15070e-01  -1.03661e-01  -4.53630e-02
T19    5.46408e-01  -7.81100e-02   4.86130e-02   6.73653e-02   8.08329e-02  -9.84309e-02   5.06513e-02   6.83943e-02  -7.77508e-03   3.23245e-02  -1.54153e-01  -1.35142e-01   6.20885e-02  -8.02750e-02  -1.15163e-01   1.66870e-02   9.82914e-03  -4.60170e-02  -5.64584e-02  -4.53630e-02  -1.83076e-01
