T0   -5.16681e-01  -2.60748e+00  -1.03584e+00  -9.91336e-01  -8.54629e-01  -2.08660e+00  -7.11418e-01  -7.27934e-01  -1.71029e+00  -1.47628e+00  -1.00450e+00   7.43243e-03   5.34071e-01  -9.89853e-01  -1.90121e+00  -3.12862e-01  -1.67336e+00  -1.19521e+00  -2.05317e+00  -1.74595e+00  -1.34803e+00
T1   -1.71277e-01  -1.03584e+00   1.31403e-01  -1.32768e-01  -1.32981e+00  -9.41793e-01   3.73937e-02   1.42385e-03  -4.35566e-01  -1.08727e+00   1.16548e+00   1.83072e+00   2.07816e+00   5.24058e-01  -1.03419e+00   5.25842e-01  -1.05392e+00  -1.60213e-01  -2.12975e+00  -1.51276e+00   5.70022e-01
T2   -1.93696e-02  -9.91336e-01  -1.32768e-01  -8.12177e-01  -2.60836e-01  -1.01727e+00  -2.57714e-01   3.00610e-01  -1.22151e+00  -6.11241e-01   8.79162e-01   1.40191e+00   3.58379e-01   9.87652e-02  -4.02245e-01   5.85588e-01  -1.46336e+00  -5.67436e-01  -9.28040e-01  -7.68222e-01   6.77343e-01
T3   -3.25344e-01  -8.54629e-01  -1.32981e+00  -2.60836e-01   1.31885e-01  -6.84352e-01   5.83074e-01   8.21809e-01  -1.20043e+00   2.49928e-01   1.23740e+00   1.75072e+00  -7.27797e-01   5.43912e-01   6.09100e-01   5.08171e-01  -2.17884e+00  -1.10844e+00   1.03760e+00   9.65117e-01   7.34974e-01
T4    1.60543e+00  -2.08660e+00  -9.41793e-01  -1.01727e+00  -6.84352e-01  -6.28572e+00  -6.24639e-01  -3.17881e-01  -1.65812e+00  -1.17512e+00   2.32015e-01   1.43948e+00   1.00361e+00  -1.05954e+00  -1.86343e+00   1.76568e-01  -1.61818e+00  -9.84600e-01  -2.37598e+00  -1.51258e+00  -4.29783e-01
T5    8.08366e-02  -7.11418e-01   3.73937e-02  -2.57714e-01   5.83074e-01  -6.24639e-01   4.67858e-01   8.60137e-01  -5.39160e-01  -4.97942e-01   1.54089e+00   2.29945e+00   1.07020e+00   6.76691e-01  -4.21168e-01   7.21656e-01  -9.03287e-01  -3.17753e-02  -1.08114e+00  -6.02586e-01   9.16082e-01
T6   -4.77910e-01  -7.27934e-01   1.42385e-03   3.00610e-01   8.21809e-01  -3.17881e-01   8.60137e-01   1.41765e+00  -5.21587e-01  -1.66194e-01   1.52417e+00   2.59797e+00  -3.28416e-01   6.31034e-01   2.47155e-01   9.65137e-01  -1.43045e+00  -5.00695e-01   5.05611e-01   4.34386e-01   7.01425e-01
T7   -4.48687e-01  -1.71029e+00  -4.35566e-01  -1.22151e+00  -1.20043e+00  -1.65812e+00  -5.39160e-01  -5.21587e-01  -1.53441e+00  -1.32796e+00   5.27758e-01   1.53712e+00   7.89710e-01  -5.95468e-01  -1.58564e+00   2.07082e-01  -1.77544e+00  -1.13977e+00  -2.01936e+00  -1.77660e+00  -1.32655e-02
T8    6.31505e-01  -1.47628e+00  -1.08727e+00  -6.11241e-01   2.49928e-01  -1.17512e+00  -4.97942e-01  -1.66194e-01  -1.32796e+00  -1.47255e+00  -4.96475e-02   7.09020e-01   2.04808e-01  -1.10770e-01  -9.41435e-01  -5.23313e-01  -1.14304e+00  -1.95019e-01  -1.98290e+00  -1.45047e+00  -4.95221e-01
T9   -3.46199e-01  -1.00450e+00   1.16548e+00   8.79162e-01   1.23740e+00   2.32015e-01   1.54089e+00   1.52417e+00   5.27758e-01  -4.96475e-02   3.83215e+00   4.18829e+00   3.33477e+00   2.33219e+00   9.76912e-02   4.31907e+00   1.32383e-01   1.52153e+00  -7.33763e-01  -2.20921e-01   2.36813e+00
T10   -8.58293e-01   7.43243e-03   1.83072e+00   1.40191e+00   1.75072e+00   1.43948e+00   2.29945e+00   2.59797e+00   1.53712e+00   7.09020e-01   4.18829e+00   4.56216e+00   3.24608e+00   3.30690e+00   7.74633e-01   5.13506e+00   5.25738e-01   2.61478e+00  -5.67201e-01   8.40280e-01   3.76795e+00
T11   -3.39271e-01   5.34071e-01   2.07816e+00   3.58379e-01  -7.27797e-01   1.00361e+00   1.07020e+00  -3.28416e-01   7.89710e-01   2.04808e-01   3.33477e+00   3.24608e+00   2.86673e+00   3.03019e+00   2.14489e-01   3.12915e+00  -3.90336e-01   3.86945e-01  -1.31216e+00  -5.88749e-01   2.53616e+00
T12    8.85302e-01  -9.89853e-01   5.24058e-01   9.87652e-02   5.43912e-01  -1.05954e+00   6.76691e-01   6.31034e-01  -5.95468e-01  -1.10770e-01   2.33219e+00   3.30690e+00   3.03019e+00   4.17743e-01  -1.78373e-01   2.00849e+00  -4.04653e-01   4.89965e-01  -1.13540e+00  -2.92032e-01   1.02792e+00
T13    5.96653e-02  -1.90121e+00  -1.03419e+00  -4.02245e-01   6.09100e-01  -1.86343e+00  -4.21168e-01   2.47155e-01  -1.58564e+00  -9.41435e-01   9.76912e-02   7.74633e-01   2.14489e-01  -1.78373e-01  -3.69038e-01  -6.82633e-01  -2.97965e-01   5.34444e-01  -5.75091e-01  -4.11713e-01  -4.14043e-01
T14   -1.25297e-01  -3.12862e-01   5.25842e-01   5.85588e-01   5.08171e-01   1.76568e-01   7.21656e-01   9.65137e-01   2.07082e-01  -5.23313e-01   4.31907e+00   5.13506e+00   3.12915e+00   2.00849e+00  -6.82633e-01   3.42465e+00  -5.19984e-01   9.44373e-01  -1.96469e+00  -1.29527e+00   3.14499e+00
T15   -2.31356e-01  -1.67336e+00  -1.05392e+00  -1.46336e+00  -2.17884e+00  -1.61818e+00  -9.03287e-01  -1.43045e+00  -1.77544e+00  -1.14304e+00   1.32383e-01   5.25738e-01  -3.90336e-01  -4.04653e-01  -2.97965e-01  -5.19984e-01  -2.02844e+00  -1.69155e+00  -8.56875e-01  -2.53202e-01  -4.40210e-01
T16   -2.47790e-01  -1.19521e+00  -1.60213e-01  -5.67436e-01  -1.10844e+00  -9.84600e-01  -3.17753e-02  -5.00695e-01  -1.13977e+00  -1.95019e-01   1.52153e+00   2.61478e+00   3.86945e-01   4.89965e-01   5.34444e-01   9.44373e-01  -1.69155e+00  -1.55810e+00  -1.35632e-01   3.13736e-01   6.85121e-01
T17    1.17082e+00  -2.05317e+00  -2.12975e+00  -9.28040e-01   1.03760e+00  -2.37598e+00  -1.08114e+00   5.05611e-01  -2.01936e+00  -1.98290e+00  -7.33763e-01  -5.67201e-01  -1.31216e+00  -1.13540e+00  -5.75091e-01  -1.96469e+00  -8.56875e-01  -1.35632e-01  -5.63606e-02  -5.10974e-01  -1.18925e+00
T18    2.06211e-01  -1.74595e+00  -1.51276e+00  -7.68222e-01   9.65117e-01  -1.51258e+00  -6.02586e-01   4.34386e-01  -1.77660e+00  -1.45047e+00  -2.20921e-01   8.40280e-01  -5.88749e-01  -2.92032e-01  -4.11713e-01  -1.29527e+00  -2.53202e-01   3.13736e-01  -5.10974e-01  -4.88361e-01  -8.63274e-01
T19   -5.32298e-01  -1.34803e+00   5.70022e-01   6.77343e-01   7.34974e-01  -4.29783e-01   9.16082e-01   7.01425e-01  -1.32655e-02  -4.95221e-01   2.36813e+00   3.76795e+00   2.53616e+00   1.02792e+00  -4.14043e-01   3.14499e+00  -4.40210e-01   6.85121e-01  -1.18925e+00  -8.63274e-01   1.24236e+00
