T0   -4.44871e-01  -8.40649e-02   1.94266e-02   5.74176e-02   3.50294e-02  -9.50912e-03   2.61566e-02   5.33471e-02  -2.40356e-02   2.15448e-02  -3.05510e-02  -4.89321e-02   9.17470e-02  -3.16945e-02  -2.01137e-02   1.14518e-02   2.32818e-02   1.43403e-03  -1.91617e-02   5.67597e-03  -4.96168e-02
T1   -1.06273e+00   1.94266e-02   6.47695e-02   8.23743e-02  -8.11584e-02   4.38408e-03   7.01378e-02  -6.84952e-02   2.28322e-02   3.90409e-02   5.06565e-02   1.00141e-02   2.55987e-01   8.05365e-03   1.42806e-02   4.22555e-03   4.64443e-02   6.34703e-02  -8.14997e-03   1.93766e-02   2.42496e-02
T2   -7.89251e-01   5.74176e-02   8.23743e-02  -8.61996e-02   2.17162e-02   1.37381e-02   3.04191e-02   8.81915e-02  -4.66310e-03   2.79403e-02   1.23847e-02   5.79321e-02   3.87708e-02  -2.35243e-03   5.81801e-03   3.65375e-02  -1.24868e-02   1.08813e-03  -1.69268e-04  -3.11189e-02   5.08974e-02
T3   -1.37022e+00   3.50294e-02  -8.11584e-02   2.17162e-02   8.60326e-02   5.70033e-02   7.45387e-02   1.56687e-01  -6.97070e-04  -2.49828e-02   4.61694e-02   5.78665e-02  -3.10078e-02   2.98659e-02   4.04619e-02   3.84825e-02   3.72002e-02   3.26634e-02  -2.10627e-03  -3.46827e-04   5.11745e-02
T4    2.40953e+00  -9.50912e-03   4.38408e-03   1.37381e-02   5.70033e-02  -5.03664e-01   3.37215e-03   6.10654e-02  -1.46593e-02  -6.30578e-02  -5.88970e-02  -5.82225e-02   2.33601e-02  -8.98722e-02  -8.57327e-02  -1.94451e-02  -3.82803e-02  -1.10221e-02  -7.93466e-02  -4.23503e-02  -6.06725e-02
T5   -8.75454e-01   2.61566e-02   7.01378e-02   3.04191e-02   7.45387e-02   3.37215e-03  -2.21972e-02   1.17535e-01   4.24077e-02   3.51096e-02   2.64159e-02  -7.38772e-05   1.32768e-01  -1.00562e-02   4.31604e-03   2.45703e-02   2.40114e-02   2.89759e-02  -3.89699e-02  -4.11564e-03   3.67513e-02
T6   -1.79739e+00   5.33471e-02  -6.84952e-02   8.81915e-02   1.56687e-01   6.10654e-02   1.17535e-01   1.23049e-01   5.89524e-02   9.33122e-03   2.19514e-02   2.72566e-02  -1.97248e-02   1.75133e-02   2.30683e-02   7.62964e-02   8.15320e-02   8.39518e-02   1.17322e-02   3.94872e-03   4.06814e-02
T7   -6.60345e-01  -2.40356e-02   2.28322e-02  -4.66310e-03  -6.97070e-04  -1.46593e-02   4.24077e-02   5.89524e-02  -7.28520e-02  -1.95332e-02   1.62505e-02   2.55936e-02   7.55317e-02  -1.74071e-02   1.04501e-02  -1.36761e-02  -1.11718e-02  -1.06504e-02  -5.27493e-03   9.59291e-03  -4.46446e-03
T8    3.66740e-01   2.15448e-02   3.90409e-02   2.79403e-02  -2.49828e-02  -6.30578e-02   3.51096e-02   9.33122e-03  -1.95332e-02  -1.56932e-01   2.41545e-02   1.12415e-02   1.42100e-01  -3.30733e-02  -2.79860e-02   6.44003e-05  -2.84089e-03   1.19886e-02  -5.96185e-02  -2.90024e-02   2.26408e-02
T9    9.69081e-01  -3.05510e-02   5.06565e-02   1.23847e-02   4.61694e-02  -5.88970e-02   2.64159e-02   2.19514e-02   1.62505e-02   2.41545e-02  -1.73027e-01  -1.01625e-01  -9.39046e-03  -6.35891e-02  -1.02702e-01   4.06802e-02  -4.39574e-03  -2.29881e-02  -2.17996e-02  -5.16541e-02  -1.03420e-01
T10    2.56961e-01  -4.89321e-02   1.00141e-02   5.79321e-02   5.78665e-02  -5.82225e-02  -7.38772e-05   2.72566e-02   2.55936e-02   1.12415e-02  -1.01625e-01  -1.36201e-01   4.54262e-02  -4.70361e-02  -9.22625e-02   2.14034e-02   4.23975e-03  -4.31754e-03  -5.27557e-02  -2.71484e-02  -8.77719e-02
T11   -1.80935e+00   9.17470e-02   2.55987e-01   3.87708e-02  -3.10078e-02   2.33601e-02   1.32768e-01  -1.97248e-02   7.55317e-02   1.42100e-01  -9.39046e-03   4.54262e-02   8.50107e-02   2.72485e-02   1.48629e-02   1.03017e-01   7.72611e-02   8.93277e-02   6.04818e-02  -5.18511e-03   3.26929e-02
T12    1.89407e+00  -3.16945e-02   8.05365e-03  -2.35243e-03   2.98659e-02  -8.98722e-02  -1.00562e-02   1.75133e-02  -1.74071e-02  -3.30733e-02  -6.35891e-02  -4.70361e-02   2.72485e-02  -2.99272e-01  -7.57099e-02   3.28836e-03  -6.49270e-03  -1.16500e-02  -4.42243e-02  -3.99596e-02  -4.57976e-02
T13    1.33592e+00  -2.01137e-02   1.42806e-02   5.81801e-03   4.04619e-02  -8.57327e-02   4.31604e-03   2.30683e-02   1.04501e-02  -2.79860e-02  -1.02702e-01  -9.22625e-02   1.48629e-02  -7.57099e-02  -1.49016e-01   1.00410e-02  -1.81632e-02  -2.14030e-02  -1.00337e-01  -8.79305e-02  -7.64357e-02
T14   -6.57565e-01   1.14518e-02   4.22555e-03   3.65375e-02   3.84825e-02  -1.94451e-02   2.45703e-02   7.62964e-02  -1.36761e-02   6.44003e-05   4.06802e-02   2.14034e-02   1.03017e-01   3.28836e-03   1.00410e-02  -6.36869e-02   3.44184e-02   2.75242e-02  -6.03548e-02  -3.40391e-02   1.53311e-02
T15   -7.15760e-01   2.32818e-02   4.64443e-02  -1.24868e-02   3.72002e-02  -3.82803e-02   2.40114e-02   8.15320e-02  -1.11718e-02  -2.84089e-03  -4.39574e-03   4.23975e-03   7.72611e-02  -6.49270e-03  -1.81632e-02   3.44184e-02  -4.03930e-02  -6.15529e-03  -1.81381e-02  -1.12545e-02   9.54597e-03
T16   -4.74427e-01   1.43403e-03   6.34703e-02   1.08813e-03   3.26634e-02  -1.10221e-02   2.89759e-02   8.39518e-02  -1.06504e-02   1.19886e-02  -2.29881e-02  -4.31754e-03   8.93277e-02  -1.16500e-02  -2.14030e-02   2.75242e-02  -6.15529e-03  -4.04667e-02  -1.07173e-02  -1.47567e-02  -3.04275e-02
T17    2.08463e+00  -1.91617e-02  -8.14997e-03  -1.69268e-04  -2.10627e-03  -7.93466e-02  -3.89699e-02   1.17322e-02  -5.27493e-03  -5.96185e-02  -2.17996e-02  -5.27557e-02   6.04818e-02  -4.42243e-02  -1.00337e-01  -6.03548e-02  -1.81381e-02  -1.07173e-02  -2.41313e-01  -8.33891e-02  -3.59245e-02
T18    8.39850e-01   5.67597e-03   1.93766e-02  -3.11189e-02  -3.46827e-04  -4.23503e-02  -4.11564e-03   3.94872e-03   9.59291e-03  -2.90024e-02  -5.16541e-02  -2.71484e-02  -5.18511e-03  -3.99596e-02  -8.79305e-02  -3.40391e-02  -1.12545e-02  -1.47567e-02  -8.33891e-02  -8.87619e-02  -2.69745e-02
T19    5.00570e-01  -4.96168e-02   2.42496e-02   5.08974e-02   5.11745e-02  -6.06725e-02   3.67513e-02   4.06814e-02  -4.46446e-03   2.26408e-02  -1.03420e-01  -8.77719e-02   3.26929e-02  -4.57976e-02  -7.64357e-02   1.53311e-02   9.54597e-03  -3.04275e-02  -3.59245e-02  -2.69745e-02  -1.28887e-01
