T0   -3.93020e-01  -5.71927e-02   9.69720e-03   2.67028e-02   5.66213e-03   6.76511e-03   5.81828e-03   1.79221e-02  -1.96969e-02   7.54064e-03  -3.19507e-03  -1.90300e-02   4.57081e-02  -7.31731e-03   2.74271e-03   2.75030e-03   9.28824e-03  -3.20385e-03   1.04253e-03   1.37428e-02  -2.08442e-02
T1   -1.06386e+00   9.69720e-03   3.04126e-02   6.67111e-02  -2.53368e-02  -3.08987e-03   5.92313e-02  -1.83120e-02   1.49906e-02   3.02350e-02   1.36689e-02  -1.56852e-02   1.65647e-01  -1.88651e-02  -1.01990e-02   5.67395e-03   3.76022e-02   4.54180e-02  -2.33547e-02   5.25906e-03   5.79403e-04
T2   -7.25619e-01   2.67028e-02   6.67111e-02  -5.96297e-02   1.78734e-02   9.52100e-03   1.88146e-02   6.04565e-02  -4.75528e-03   2.60727e-02  -6.96873e-03   2.57757e-02   3.32703e-02  -6.75063e-03  -3.26835e-03   2.73522e-02  -9.73933e-03   1.35096e-04  -3.67027e-03  -2.48875e-02   2.22575e-02
T3   -1.31389e+00   5.66213e-03  -2.53368e-02   1.78734e-02   4.36888e-02   2.92919e-02   4.94225e-02   9.62901e-02   1.44785e-03   4.62901e-03   9.96128e-03   1.95291e-02   2.81034e-03   4.58747e-03   1.29250e-02   2.31043e-02   2.81361e-02   1.96696e-02  -1.41049e-02  -5.34751e-03   1.64992e-02
T4    2.23048e+00   6.76511e-03  -3.08987e-03   9.52100e-03   2.92919e-02  -3.46020e-01  -3.38756e-03   3.30854e-02  -1.73690e-03  -4.85682e-02  -2.48525e-02  -2.27479e-02   1.16317e-02  -4.10495e-02  -3.41650e-02  -9.00439e-03  -2.57888e-02  -2.84662e-03  -3.56243e-02  -1.27449e-02  -2.38028e-02
T5   -8.44097e-01   5.81828e-03   5.92313e-02   1.88146e-02   4.94225e-02  -3.38756e-03  -3.04190e-02   7.90213e-02   2.64812e-02   2.52796e-02   3.30761e-03  -1.38090e-02   9.70995e-02  -1.47092e-02  -6.18047e-03   2.00174e-02   1.62901e-02   1.88312e-02  -3.23244e-02  -7.14114e-03   1.38916e-02
T6   -1.77246e+00   1.79221e-02  -1.83120e-02   6.04565e-02   9.62901e-02   3.30854e-02   7.90213e-02   7.16329e-02   3.18440e-02   1.82212e-02  -8.79196e-03  -4.15571e-03   8.18146e-03   1.79562e-03  -2.40721e-03   4.40795e-02   5.62742e-02   5.00259e-02  -2.54670e-03  -1.47575e-03   1.06009e-02
T7   -5.47659e-01  -1.96969e-02   1.49906e-02  -4.75528e-03   1.44785e-03  -1.73690e-03   2.64812e-02   3.18440e-02  -4.66780e-02  -7.78841e-03   5.22080e-03   1.82300e-02   4.71272e-02  -9.39630e-03   5.82991e-03  -7.57454e-03  -4.67802e-03  -8.06650e-03  -6.37430e-03   3.65633e-03  -8.97963e-03
T8    4.21458e-01   7.54064e-03   3.02350e-02   2.60727e-02   4.62901e-03  -4.85682e-02   2.52796e-02   1.82212e-02  -7.78841e-03  -9.56517e-02   2.72779e-03  -5.84947e-03   9.78470e-02  -3.18020e-02  -2.56578e-02  -3.41822e-03   7.48049e-03   1.13055e-02  -4.19476e-02  -2.05886e-02   4.48869e-03
T9    9.03929e-01  -3.19507e-03   1.36689e-02  -6.96873e-03   9.96128e-03  -2.48525e-02   3.30761e-03  -8.79196e-03   5.22080e-03   2.72779e-03  -9.17350e-02  -3.99448e-02  -3.06386e-02  -2.14720e-02  -3.95120e-02   2.11088e-02  -7.34917e-03  -1.39669e-02   1.01096e-02  -1.71191e-02  -4.30134e-02
T10    1.98986e-01  -1.90300e-02  -1.56852e-02   2.57757e-02   1.95291e-02  -2.27479e-02  -1.38090e-02  -4.15571e-03   1.82300e-02  -5.84947e-03  -3.99448e-02  -6.88199e-02   7.04714e-03  -1.02443e-02  -3.65189e-02   6.37699e-03  -3.65473e-03  -1.53726e-03  -1.15180e-02  -4.54153e-03  -3.57321e-02
T11   -1.80961e+00   4.57081e-02   1.65647e-01   3.32703e-02   2.81034e-03   1.16317e-02   9.70995e-02   8.18146e-03   4.71272e-02   9.78470e-02  -3.06386e-02   7.04714e-03   3.71431e-02  -1.04781e-02  -1.37636e-02   6.48056e-02   5.24040e-02   5.43228e-02   2.12730e-02  -1.16436e-02   2.85256e-03
T12    1.88569e+00  -7.31731e-03  -1.88651e-02  -6.75063e-03   4.58747e-03  -4.10495e-02  -1.47092e-02   1.79562e-03  -9.39630e-03  -3.18020e-02  -2.14720e-02  -1.02443e-02  -1.04781e-02  -2.14503e-01  -2.42536e-02  -8.85707e-03  -4.48398e-03  -5.17812e-03  -1.16844e-02  -4.37121e-03  -9.27972e-03
T13    1.24908e+00   2.74271e-03  -1.01990e-02  -3.26835e-03   1.29250e-02  -3.41650e-02  -6.18047e-03  -2.40721e-03   5.82991e-03  -2.56578e-02  -3.95120e-02  -3.65189e-02  -1.37636e-02  -2.42536e-02  -7.88116e-02  -1.58456e-03  -1.65190e-02  -1.05224e-02  -4.10207e-02  -4.28227e-02  -2.92571e-02
T14   -6.01209e-01   2.75030e-03   5.67395e-03   2.73522e-02   2.31043e-02  -9.00439e-03   2.00174e-02   4.40795e-02  -7.57454e-03  -3.41822e-03   2.11088e-02   6.37699e-03   6.48056e-02  -8.85707e-03  -1.58456e-03  -4.30447e-02   2.62007e-02   1.45347e-02  -3.80715e-02  -1.75027e-02   4.09235e-03
T15   -6.36947e-01   9.28824e-03   3.76022e-02  -9.73933e-03   2.81361e-02  -2.57888e-02   1.62901e-02   5.62742e-02  -4.67802e-03   7.48049e-03  -7.34917e-03  -3.65473e-03   5.24040e-02  -4.48398e-03  -1.65190e-02   2.62007e-02  -3.54705e-02  -8.68885e-03  -1.06441e-02  -8.43749e-03  -6.92719e-04
T16   -3.96336e-01  -3.20385e-03   4.54180e-02   1.35096e-04   1.96696e-02  -2.84662e-03   1.88312e-02   5.00259e-02  -8.06650e-03   1.13055e-02  -1.39669e-02  -1.53726e-03   5.43228e-02  -5.17812e-03  -1.05224e-02   1.45347e-02  -8.68885e-03  -3.83297e-02  -8.65272e-03  -7.44483e-03  -1.95514e-02
T17    1.99049e+00   1.04253e-03  -2.33547e-02  -3.67027e-03  -1.41049e-02  -3.56243e-02  -3.23244e-02  -2.54670e-03  -6.37430e-03  -4.19476e-02   1.01096e-02  -1.15180e-02   2.12730e-02  -1.16844e-02  -4.10207e-02  -3.80715e-02  -1.06441e-02  -8.65272e-03  -1.60132e-01  -4.62632e-02   5.84702e-04
T18    7.78967e-01   1.37428e-02   5.25906e-03  -2.48875e-02  -5.34751e-03  -1.27449e-02  -7.14114e-03  -1.47575e-03   3.65633e-03  -2.05886e-02  -1.71191e-02  -4.54153e-03  -1.16436e-02  -4.37121e-03  -4.28227e-02  -1.75027e-02  -8.43749e-03  -7.44483e-03  -4.62632e-02  -6.09425e-02  -1.93217e-03
T19    4.45624e-01  -2.08442e-02   5.79403e-04   2.22575e-02   1.64992e-02  -2.38028e-02   1.38916e-02   1.06009e-02  -8.97963e-03   4.48869e-03  -4.30134e-02  -3.57321e-02   2.85256e-03  -9.27972e-03  -2.92571e-02   4.09235e-03  -6.92719e-04  -1.95514e-02   5.84702e-04  -1.93217e-03  -6.71951e-02
