T0   -4.24425e-01  -7.36245e-02   1.83798e-02   4.32490e-02   1.99646e-02  -1.69985e-03   1.71315e-02   3.61591e-02  -2.43290e-02   1.63880e-02  -1.60865e-02  -3.43560e-02   7.22789e-02  -2.09183e-02  -7.64265e-03   5.87540e-03   1.51125e-02  -2.37417e-03  -8.86781e-03   1.21931e-02  -3.51574e-02
T1   -1.06209e+00   1.83798e-02   4.35344e-02   7.69622e-02  -5.17288e-02   1.47932e-03   6.55886e-02  -4.40538e-02   2.21052e-02   3.57120e-02   3.15297e-02  -7.35833e-03   2.11083e-01  -9.23986e-03  -4.01293e-03   5.83816e-03   4.84889e-02   5.91848e-02  -2.21398e-02   8.68930e-03   1.14591e-02
T2   -7.83557e-01   4.32490e-02   7.69622e-02  -7.73949e-02   2.02318e-02   1.44762e-02   2.44739e-02   7.88620e-02  -6.24139e-03   2.79038e-02   2.67427e-03   4.19868e-02   3.92493e-02  -2.38011e-03   1.53647e-03   3.25507e-02  -1.25224e-02   4.60041e-04  -1.03224e-03  -2.72084e-02   3.71136e-02
T3   -1.37074e+00   1.99646e-02  -5.17288e-02   2.02318e-02   6.29646e-02   4.66462e-02   6.38685e-02   1.29606e-01  -1.81735e-03  -1.07742e-02   2.92135e-02   3.94255e-02  -9.15002e-03   2.00284e-02   2.75111e-02   2.76236e-02   3.16657e-02   2.61588e-02  -8.85296e-03  -5.12285e-04   3.45143e-02
T4    2.32827e+00  -1.69985e-03   1.47932e-03   1.44762e-02   4.66462e-02  -4.32653e-01   1.14860e-03   5.16665e-02  -8.48913e-03  -5.41231e-02  -4.23572e-02  -4.14406e-02   2.05312e-02  -6.71022e-02  -6.04243e-02  -1.12147e-02  -3.15686e-02  -6.76888e-03  -6.11042e-02  -2.54192e-02  -4.40803e-02
T5   -8.78414e-01   1.71315e-02   6.55886e-02   2.44739e-02   6.38685e-02   1.14860e-03  -2.49179e-02   1.00234e-01   3.53990e-02   3.37884e-02   1.34720e-02  -8.48041e-03   1.19093e-01  -1.40098e-02  -6.07594e-03   1.93991e-02   2.30767e-02   2.88672e-02  -3.34659e-02  -8.50690e-03   2.57779e-02
T6   -1.80919e+00   3.61591e-02  -4.40538e-02   7.88620e-02   1.29606e-01   5.16665e-02   1.00234e-01   1.02101e-01   4.63830e-02   1.23751e-02   5.49235e-03   1.03865e-02  -4.33720e-03   1.10050e-02   6.95709e-03   6.02001e-02   7.07771e-02   7.01407e-02   2.30676e-03   8.85119e-05   2.43184e-02
T7   -6.02721e-01  -2.43290e-02   2.21052e-02  -6.24139e-03  -1.81735e-03  -8.48913e-03   3.53990e-02   4.63830e-02  -6.04391e-02  -1.36083e-02   8.87942e-03   2.10883e-02   6.68751e-02  -1.27861e-02   1.11555e-02  -1.28995e-02  -1.04701e-02  -1.24843e-02  -2.95295e-04   9.15185e-03  -8.41641e-03
T8    3.79771e-01   1.63880e-02   3.57120e-02   2.79038e-02  -1.07742e-02  -5.41231e-02   3.37884e-02   1.23751e-02  -1.36083e-02  -1.25661e-01   1.40458e-02   3.69489e-03   1.22747e-01  -3.63849e-02  -2.87044e-02  -3.49594e-03   2.79677e-03   1.17041e-02  -5.22014e-02  -2.75328e-02   1.36144e-02
T9    9.55045e-01  -1.60865e-02   3.15297e-02   2.67427e-03   2.92135e-02  -4.23572e-02   1.34720e-02   5.49235e-03   8.87942e-03   1.40458e-02  -1.34457e-01  -7.09873e-02  -2.13590e-02  -4.35077e-02  -7.21400e-02   3.20135e-02  -5.42937e-03  -1.75675e-02  -5.39605e-03  -3.61493e-02  -7.45528e-02
T10    2.53612e-01  -3.43560e-02  -7.35833e-03   4.19868e-02   3.94255e-02  -4.14406e-02  -8.48041e-03   1.03865e-02   2.10883e-02   3.69489e-03  -7.09873e-02  -1.02960e-01   2.38809e-02  -2.81318e-02  -6.59958e-02   1.55133e-02   9.50903e-04  -2.27070e-03  -3.33604e-02  -1.75984e-02  -6.28690e-02
T11   -1.82768e+00   7.22789e-02   2.11083e-01   3.92493e-02  -9.15002e-03   2.05312e-02   1.19093e-01  -4.33720e-03   6.68751e-02   1.22747e-01  -2.13590e-02   2.38809e-02   5.98067e-02   7.13524e-03  -7.39585e-03   8.35268e-02   6.87502e-02   7.47898e-02   3.72102e-02  -1.53421e-02   1.74908e-02
T12    1.90024e+00  -2.09183e-02  -9.23986e-03  -2.38011e-03   2.00284e-02  -6.71022e-02  -1.40098e-02   1.10050e-02  -1.27861e-02  -3.63849e-02  -4.35077e-02  -2.81318e-02   7.13524e-03  -2.59405e-01  -5.22218e-02   3.18251e-04  -6.60756e-03  -8.94969e-03  -3.02143e-02  -2.36265e-02  -2.62434e-02
T13    1.34079e+00  -7.64265e-03  -4.01293e-03   1.53647e-03   2.75111e-02  -6.04243e-02  -6.07594e-03   6.95709e-03   1.11555e-02  -2.87044e-02  -7.21400e-02  -6.59958e-02  -7.39585e-03  -5.22218e-02  -1.15376e-01   8.33486e-03  -1.57616e-02  -1.65980e-02  -6.99267e-02  -6.79305e-02  -5.40732e-02
T14   -6.36072e-01   5.87540e-03   5.83816e-03   3.25507e-02   2.76236e-02  -1.12147e-02   1.93991e-02   6.02001e-02  -1.28995e-02  -3.49594e-03   3.20135e-02   1.55133e-02   8.35268e-02   3.18251e-04   8.33486e-03  -5.74195e-02   2.89380e-02   1.93744e-02  -4.85727e-02  -2.14959e-02   1.08013e-02
T15   -6.99302e-01   1.51125e-02   4.84889e-02  -1.25224e-02   3.16657e-02  -3.15686e-02   2.30767e-02   7.07771e-02  -1.04701e-02   2.79677e-03  -5.42937e-03   9.50903e-04   6.87502e-02  -6.60756e-03  -1.57616e-02   2.89380e-02  -4.00786e-02  -8.19270e-03  -1.29410e-02  -7.34842e-03   4.74590e-03
T16   -4.57535e-01  -2.37417e-03   5.91848e-02   4.60041e-04   2.61588e-02  -6.76888e-03   2.88672e-02   7.01407e-02  -1.24843e-02   1.17041e-02  -1.75675e-02  -2.27070e-03   7.47898e-02  -8.94969e-03  -1.65980e-02   1.93744e-02  -8.19270e-03  -3.97031e-02  -8.26457e-03  -1.06619e-02  -2.46591e-02
T17    2.06731e+00  -8.86781e-03  -2.21398e-02  -1.03224e-03  -8.85296e-03  -6.11042e-02  -3.34659e-02   2.30676e-03  -2.95295e-04  -5.22014e-02  -5.39605e-03  -3.33604e-02   3.72102e-02  -3.02143e-02  -6.99267e-02  -4.85727e-02  -1.29410e-02  -8.26457e-03  -2.08511e-01  -7.06184e-02  -1.74440e-02
T18    8.32197e-01   1.21931e-02   8.68930e-03  -2.72084e-02  -5.12285e-04  -2.54192e-02  -8.50690e-03   8.85119e-05   9.15185e-03  -2.75328e-02  -3.61493e-02  -1.75984e-02  -1.53421e-02  -2.36265e-02  -6.79305e-02  -2.14959e-02  -7.34842e-03  -1.06619e-02  -7.06184e-02  -7.92490e-02  -1.21079e-02
T19    4.94497e-01  -3.51574e-02   1.14591e-02   3.71136e-02   3.45143e-02  -4.40803e-02   2.57779e-02   2.43184e-02  -8.41641e-03   1.36144e-02  -7.45528e-02  -6.28690e-02   1.74908e-02  -2.62434e-02  -5.40732e-02   1.08013e-02   4.74590e-03  -2.46591e-02  -1.74440e-02  -1.21079e-02  -1.00214e-01
