T0   -4.56823e-01  -1.43105e-01   6.56590e-02   9.98346e-02   9.38384e-02  -5.88772e-02   5.67992e-02   1.23749e-01  -3.24203e-02   4.69907e-02  -8.73077e-02  -9.75892e-02   1.80483e-01  -7.46395e-02  -5.83317e-02   1.84088e-02   2.64884e-02  -6.63497e-03  -3.82345e-02  -7.51160e-03  -1.14739e-01
T1   -9.78547e-01   6.56590e-02   1.68664e-01   9.51968e-02  -2.19339e-01   2.41703e-02   1.07017e-01  -1.87624e-01  -1.30102e-04   6.23923e-02   1.46694e-01   9.50049e-02   4.23309e-01   8.77124e-02   7.42669e-02   4.48894e-03   4.38945e-02   6.96781e-02  -4.00719e-03   3.76184e-02   8.09720e-02
T2   -6.99604e-01   9.98346e-02   9.51968e-02  -1.41065e-01   1.25779e-02   2.86103e-03   3.20237e-02   1.19827e-01  -2.70912e-02   2.19152e-02   7.04681e-02   1.47331e-01   4.22466e-02   2.94167e-02   3.94612e-02   4.83346e-02  -2.88449e-02  -7.66114e-03   1.59442e-02  -2.82145e-02   1.00506e-01
T3   -1.24158e+00   9.38384e-02  -2.19339e-01   1.25779e-02   1.54411e-01   7.17260e-02   9.72238e-02   2.53678e-01   9.46735e-03  -9.60783e-02   1.48283e-01   1.66887e-01  -1.45514e-01   9.30665e-02   1.22749e-01   6.05834e-02   4.31029e-02   5.04205e-02   2.29813e-02  -8.57196e-03   1.29584e-01
T4    2.57707e+00  -5.88772e-02   2.41703e-02   2.86103e-03   7.17260e-02  -7.88223e-01   8.96317e-03   8.69803e-02  -5.61724e-02  -9.55566e-02  -1.33208e-01  -1.36033e-01   5.72601e-02  -1.73963e-01  -1.76537e-01  -5.93125e-02  -7.97065e-02  -5.29323e-02  -1.55620e-01  -9.39945e-02  -1.41559e-01
T5   -8.18629e-01   5.67992e-02   1.07017e-01   3.20237e-02   9.72238e-02   8.96317e-03   4.68979e-03   1.78358e-01   3.26213e-02   4.94299e-02   9.50753e-02   8.67725e-02   1.94913e-01   3.25017e-02   5.46415e-02   3.20528e-02   1.74789e-02   2.71234e-02  -3.07042e-02   1.01054e-02   7.63236e-02
T6   -1.67015e+00   1.23749e-01  -1.87624e-01   1.19827e-01   2.53678e-01   8.69803e-02   1.78358e-01   2.19685e-01   1.05364e-01  -2.97615e-02   1.24088e-01   1.60433e-01  -1.11613e-01   1.28851e-01   1.19358e-01   1.25595e-01   1.02850e-01   1.11697e-01   3.85896e-02   4.22182e-03   1.10788e-01
T7   -5.59853e-01  -3.24203e-02  -1.30102e-04  -2.70912e-02   9.46735e-03  -5.61724e-02   3.26213e-02   1.05364e-01  -1.03361e-01  -3.96218e-02   1.17830e-02   2.83953e-02   7.43799e-02  -3.72545e-02  -1.08680e-03  -1.71302e-02  -2.15257e-02  -2.05278e-02  -2.62901e-02  -3.02927e-03  -2.14671e-02
T8    3.64065e-01   4.69907e-02   6.23923e-02   2.19152e-02  -9.60783e-02  -9.55566e-02   4.94299e-02  -2.97615e-02  -3.96218e-02  -2.54395e-01   7.22441e-02   6.15661e-02   2.07702e-01  -3.02216e-02  -2.08155e-02   1.13744e-02  -2.76657e-02   1.85457e-03  -9.68369e-02  -5.12631e-02   4.65928e-02
T9    7.45845e-01  -8.73077e-02   1.46694e-01   7.04681e-02   1.48283e-01  -1.33208e-01   9.50753e-02   1.24088e-01   1.17830e-02   7.22441e-02  -3.02719e-01  -2.16087e-01   1.01174e-01  -1.44602e-01  -2.12229e-01   6.97772e-02   1.24247e-02  -3.47422e-02  -9.43878e-02  -1.11733e-01  -2.06355e-01
T10   -5.95926e-05  -9.75892e-02   9.50049e-02   1.47331e-01   1.66887e-01  -1.36033e-01   8.67725e-02   1.60433e-01   2.83953e-02   6.15661e-02  -2.16087e-01  -2.55279e-01   1.93395e-01  -1.22321e-01  -1.95539e-01   4.35556e-02   3.15243e-02   4.14755e-03  -1.30561e-01  -7.48040e-02  -1.85066e-01
T11   -1.65649e+00   1.80483e-01   4.23309e-01   4.22466e-02  -1.45514e-01   5.72601e-02   1.94913e-01  -1.11613e-01   7.43799e-02   2.07702e-01   1.01174e-01   1.93395e-01   2.29591e-01   1.58611e-01   1.10068e-01   1.71825e-01   8.08270e-02   1.09198e-01   1.40752e-01   1.66116e-02   1.07029e-01
T12    1.66133e+00  -7.46395e-02   8.77124e-02   2.94167e-02   9.30665e-02  -1.73963e-01   3.25017e-02   1.28851e-01  -3.72545e-02  -3.02216e-02  -1.44602e-01  -1.22321e-01   1.58611e-01  -4.18566e-01  -1.89828e-01   1.10007e-04  -2.10537e-03  -2.50965e-02  -1.30624e-01  -8.86844e-02  -1.16676e-01
T13    1.13366e+00  -5.83317e-02   7.42669e-02   3.94612e-02   1.22749e-01  -1.76537e-01   5.46415e-02   1.19358e-01  -1.08680e-03  -2.08155e-02  -2.12229e-01  -1.95539e-01   1.10068e-01  -1.89828e-01  -2.89665e-01   8.26644e-03  -1.57322e-02  -1.53045e-02  -2.06873e-01  -1.70413e-01  -1.61648e-01
T14   -5.62521e-01   1.84088e-02   4.48894e-03   4.83346e-02   6.05834e-02  -5.93125e-02   3.20528e-02   1.25595e-01  -1.71302e-02   1.13744e-02   6.97772e-02   4.35556e-02   1.71825e-01   1.10007e-04   8.26644e-03  -8.42929e-02   4.71636e-02   4.35014e-02  -1.15756e-01  -7.60551e-02   2.86637e-02
T15   -6.32030e-01   2.64884e-02   4.38945e-02  -2.88449e-02   4.31029e-02  -7.97065e-02   1.74789e-02   1.02850e-01  -2.15257e-02  -2.76657e-02   1.24247e-02   3.15243e-02   8.08270e-02  -2.10537e-03  -1.57322e-02   4.71636e-02  -6.15143e-02  -2.04818e-02  -1.74066e-02  -1.71095e-02   1.61092e-02
T16   -4.01212e-01  -6.63497e-03   6.96781e-02  -7.66114e-03   5.04205e-02  -5.29323e-02   2.71234e-02   1.11697e-01  -2.05278e-02   1.85457e-03  -3.47422e-02   4.14755e-03   1.09198e-01  -2.50965e-02  -1.53045e-02   4.35014e-02  -2.04818e-02  -7.42080e-02  -7.70575e-03  -2.05471e-02  -5.32503e-02
T17    1.96607e+00  -3.82345e-02  -4.00719e-03   1.59442e-02   2.29813e-02  -1.55620e-01  -3.07042e-02   3.85896e-02  -2.62901e-02  -9.68369e-02  -9.43878e-02  -1.30561e-01   1.40752e-01  -1.30624e-01  -2.06873e-01  -1.15756e-01  -1.74066e-02  -7.70575e-03  -3.69524e-01  -1.51811e-01  -8.60223e-02
T18    7.74650e-01  -7.51160e-03   3.76184e-02  -2.82145e-02  -8.57196e-03  -9.39945e-02   1.01054e-02   4.22182e-03  -3.02927e-03  -5.12631e-02  -1.11733e-01  -7.48040e-02   1.66116e-02  -8.86844e-02  -1.70413e-01  -7.60551e-02  -1.71095e-02  -2.05471e-02  -1.51811e-01  -1.33496e-01  -7.14479e-02
T19    4.54805e-01  -1.14739e-01   8.09720e-02   1.00506e-01   1.29584e-01  -1.41559e-01   7.63236e-02   1.10788e-01  -2.14671e-02   4.65928e-02  -2.06355e-01  -1.85066e-01   1.07029e-01  -1.16676e-01  -1.61648e-01   2.86637e-02   1.61092e-02  -5.32503e-02  -8.60223e-02  -7.14479e-02  -2.38875e-01
