T0   -4.46963e-01  -1.44766e-01   6.17742e-02   9.65453e-02   8.89778e-02  -5.69469e-02   5.46321e-02   1.18216e-01  -3.00756e-02   4.57112e-02  -8.50746e-02  -9.53150e-02   1.73949e-01  -7.19963e-02  -5.57120e-02   2.00091e-02   2.62565e-02  -6.55002e-03  -3.82228e-02  -4.49525e-03  -1.11081e-01
T1   -9.89263e-01   6.17742e-02   1.61889e-01   9.30901e-02  -2.13304e-01   2.22082e-02   1.07087e-01  -1.81384e-01   1.42449e-03   6.03882e-02   1.43618e-01   9.29809e-02   4.17252e-01   8.66198e-02   7.28086e-02   5.59260e-03   4.32675e-02   6.94941e-02  -4.12217e-03   3.78580e-02   7.65793e-02
T2   -7.05012e-01   9.65453e-02   9.30901e-02  -1.38944e-01   1.17761e-02   4.43232e-03   3.15371e-02   1.20295e-01  -2.51097e-02   2.17402e-02   6.83756e-02   1.40913e-01   4.21051e-02   2.56265e-02   3.86482e-02   4.79437e-02  -2.70894e-02  -5.95205e-03   1.46475e-02  -2.82242e-02   9.76618e-02
T3   -1.24886e+00   8.89778e-02  -2.13304e-01   1.17761e-02   1.48885e-01   6.89063e-02   9.53328e-02   2.47485e-01   8.37613e-03  -9.29193e-02   1.45646e-01   1.60023e-01  -1.38650e-01   9.09051e-02   1.18366e-01   5.94361e-02   4.23165e-02   5.06969e-02   2.34023e-02  -8.60003e-03   1.27468e-01
T4    2.58143e+00  -5.69469e-02   2.22082e-02   4.43232e-03   6.89063e-02  -7.74264e-01   7.29991e-03   8.52594e-02  -5.20276e-02  -9.24185e-02  -1.29409e-01  -1.32550e-01   5.14044e-02  -1.69575e-01  -1.72115e-01  -5.92741e-02  -7.70577e-02  -5.00956e-02  -1.53535e-01  -9.00835e-02  -1.37701e-01
T5   -8.24847e-01   5.46321e-02   1.07087e-01   3.15371e-02   9.53328e-02   7.29991e-03   6.55065e-03   1.75610e-01   3.34281e-02   4.70540e-02   9.13368e-02   8.17682e-02   1.92531e-01   2.83486e-02   5.30832e-02   3.07484e-02   1.74511e-02   2.58664e-02  -2.76397e-02   9.93987e-03   7.38947e-02
T6   -1.68140e+00   1.18216e-01  -1.81384e-01   1.20295e-01   2.47485e-01   8.52594e-02   1.75610e-01   2.15553e-01   1.02599e-01  -2.61225e-02   1.18864e-01   1.53128e-01  -1.06653e-01   1.23178e-01   1.13601e-01   1.22826e-01   1.02046e-01   1.12474e-01   3.58673e-02   5.53023e-03   1.06502e-01
T7   -5.65982e-01  -3.00756e-02   1.42449e-03  -2.51097e-02   8.37613e-03  -5.20276e-02   3.34281e-02   1.02599e-01  -1.02294e-01  -3.88655e-02   1.24147e-02   2.77920e-02   7.47759e-02  -3.68717e-02  -1.37029e-03  -1.69759e-02  -1.98697e-02  -1.87049e-02  -2.50650e-02  -3.88227e-03  -2.03883e-02
T8    3.59299e-01   4.57112e-02   6.03882e-02   2.17402e-02  -9.29193e-02  -9.24185e-02   4.70540e-02  -2.61225e-02  -3.88655e-02  -2.51341e-01   7.07458e-02   5.87900e-02   2.04595e-01  -2.97289e-02  -1.95164e-02   1.20192e-02  -2.71643e-02   3.39776e-03  -9.34115e-02  -4.91737e-02   4.54880e-02
T9    7.62560e-01  -8.50746e-02   1.43618e-01   6.83756e-02   1.45646e-01  -1.29409e-01   9.13368e-02   1.18864e-01   1.24147e-02   7.07458e-02  -2.98508e-01  -2.11568e-01   9.48138e-02  -1.40942e-01  -2.07552e-01   6.74410e-02   1.04677e-02  -3.50963e-02  -9.08871e-02  -1.08326e-01  -2.01150e-01
T10    1.50226e-02  -9.53150e-02   9.29809e-02   1.40913e-01   1.60023e-01  -1.32550e-01   8.17682e-02   1.53128e-01   2.77920e-02   5.87900e-02  -2.11568e-01  -2.50318e-01   1.86470e-01  -1.19493e-01  -1.90104e-01   4.19497e-02   2.96766e-02   3.24613e-03  -1.26309e-01  -7.15619e-02  -1.80456e-01
T11   -1.67082e+00   1.73949e-01   4.17252e-01   4.21051e-02  -1.38650e-01   5.14044e-02   1.92531e-01  -1.06653e-01   7.47759e-02   2.04595e-01   9.48138e-02   1.86470e-01   2.21921e-01   1.53794e-01   1.06250e-01   1.67478e-01   8.08888e-02   1.07887e-01   1.38211e-01   1.67926e-02   1.03714e-01
T12    1.67244e+00  -7.19963e-02   8.66198e-02   2.56265e-02   9.09051e-02  -1.69575e-01   2.83486e-02   1.23178e-01  -3.68717e-02  -2.97289e-02  -1.40942e-01  -1.19493e-01   1.53794e-01  -4.12681e-01  -1.82477e-01  -1.24320e-03  -1.87657e-03  -2.55344e-02  -1.23605e-01  -8.65517e-02  -1.14822e-01
T13    1.13878e+00  -5.57120e-02   7.28086e-02   3.86482e-02   1.18366e-01  -1.72115e-01   5.30832e-02   1.13601e-01  -1.37029e-03  -1.95164e-02  -2.07552e-01  -1.90104e-01   1.06250e-01  -1.82477e-01  -2.83309e-01   9.57879e-03  -1.57994e-02  -1.65638e-02  -2.01356e-01  -1.65881e-01  -1.56774e-01
T14   -5.68320e-01   2.00091e-02   5.59260e-03   4.79437e-02   5.94361e-02  -5.92741e-02   3.07484e-02   1.22826e-01  -1.69759e-02   1.20192e-02   6.74410e-02   4.19497e-02   1.67478e-01  -1.24320e-03   9.57879e-03  -8.23235e-02   4.71844e-02   4.29482e-02  -1.11265e-01  -7.37555e-02   2.59886e-02
T15   -6.33098e-01   2.62565e-02   4.32675e-02  -2.70894e-02   4.23165e-02  -7.70577e-02   1.74511e-02   1.02046e-01  -1.98697e-02  -2.71643e-02   1.04677e-02   2.96766e-02   8.08888e-02  -1.87657e-03  -1.57994e-02   4.71844e-02  -6.06232e-02  -2.09588e-02  -1.73596e-02  -1.68516e-02   1.47245e-02
T16   -4.01186e-01  -6.55002e-03   6.94941e-02  -5.95205e-03   5.06969e-02  -5.00956e-02   2.58664e-02   1.12474e-01  -1.87049e-02   3.39776e-03  -3.50963e-02   3.24613e-03   1.07887e-01  -2.55344e-02  -1.65638e-02   4.29482e-02  -2.09588e-02  -7.34419e-02  -8.47551e-03  -1.95682e-02  -5.35465e-02
T17    1.96852e+00  -3.82228e-02  -4.12217e-03   1.46475e-02   2.34023e-02  -1.53535e-01  -2.76397e-02   3.58673e-02  -2.50650e-02  -9.34115e-02  -9.08871e-02  -1.26309e-01   1.38211e-01  -1.23605e-01  -2.01356e-01  -1.11265e-01  -1.73596e-02  -8.47551e-03  -3.64835e-01  -1.49438e-01  -8.25526e-02
T18    7.71549e-01  -4.49525e-03   3.78580e-02  -2.82242e-02  -8.60003e-03  -9.00835e-02   9.93987e-03   5.53023e-03  -3.88227e-03  -4.91737e-02  -1.08326e-01  -7.15619e-02   1.67926e-02  -8.65517e-02  -1.65881e-01  -7.37555e-02  -1.68516e-02  -1.95682e-02  -1.49438e-01  -1.31571e-01  -6.91699e-02
T19    4.66147e-01  -1.11081e-01   7.65793e-02   9.76618e-02   1.27468e-01  -1.37701e-01   7.38947e-02   1.06502e-01  -2.03883e-02   4.54880e-02  -2.01150e-01  -1.80456e-01   1.03714e-01  -1.14822e-01  -1.56774e-01   2.59886e-02   1.47245e-02  -5.35465e-02  -8.25526e-02  -6.91699e-02  -2.34829e-01
