T0   -7.06398e-01  -1.76482e-01   1.73888e-01   1.63404e-01   1.82993e-01  -1.32992e-01   1.55669e-01   2.88552e-01  -6.60179e-02   8.98171e-02  -1.31029e-01  -1.24680e-01   3.62190e-01  -1.00124e-01  -1.05159e-01   4.60042e-02   3.90823e-02   1.76270e-02  -7.28325e-02  -2.31655e-02  -1.76785e-01
T1   -7.37749e-01   1.73888e-01   3.44083e-01   1.35504e-01  -3.85029e-01   7.01820e-02   1.29564e-01  -3.78714e-01   7.99396e-03   1.37000e-01   2.11981e-01   1.34262e-01   6.80473e-01   1.35492e-01   8.35364e-02   1.63302e-02   6.93947e-02   9.49816e-02  -8.76001e-02  -1.61060e-02   1.69990e-01
T2   -5.98755e-01   1.63404e-01   1.35504e-01  -1.92701e-01   9.98327e-03  -4.00249e-03   4.90551e-02   1.72213e-01  -5.61004e-02   3.72417e-02   1.77874e-01   2.83206e-01   8.27469e-02   1.05548e-01   1.10637e-01   4.17029e-02  -4.98665e-02  -1.67807e-02   1.96864e-02  -1.34168e-02   1.70848e-01
T3   -1.08312e+00   1.82993e-01  -3.85029e-01   9.98327e-03   2.69114e-01   1.17339e-01   1.61230e-01   4.72240e-01   2.57363e-02  -1.77308e-01   3.18921e-01   3.87648e-01  -2.78160e-01   2.37036e-01   2.59099e-01   1.22929e-01   1.75245e-02   7.19856e-02   5.18751e-02  -1.17324e-02   2.35808e-01
T4    2.34500e+00  -1.32992e-01   7.01820e-02  -4.00249e-03   1.17339e-01  -1.19566e+00   2.81425e-02   1.79478e-01  -1.38655e-01  -1.51299e-01  -2.34278e-01  -2.20318e-01   1.48481e-01  -2.76800e-01  -3.19629e-01  -1.11239e-01  -1.22162e-01  -8.04216e-02  -2.84087e-01  -1.74167e-01  -2.52445e-01
T5   -6.62501e-01   1.55669e-01   1.29564e-01   4.90551e-02   1.61230e-01   2.81425e-02   4.97371e-02   2.80630e-01   4.83631e-02   7.60003e-02   1.71848e-01   1.81803e-01   2.55375e-01   7.44449e-02   1.09163e-01   4.25260e-02   3.80151e-02   3.23021e-02  -5.60344e-02   1.00953e-02   1.40145e-01
T6   -1.41789e+00   2.88552e-01  -3.78714e-01   1.72213e-01   4.72240e-01   1.79478e-01   2.80630e-01   4.78175e-01   1.86546e-01  -9.58209e-02   2.69332e-01   3.35987e-01  -2.58406e-01   2.51170e-01   2.31109e-01   2.06893e-01   1.34529e-01   1.57771e-01   4.43963e-02  -6.82226e-03   2.16385e-01
T7   -6.46362e-01  -6.60179e-02   7.99396e-03  -5.61004e-02   2.57363e-02  -1.38655e-01   4.83631e-02   1.86546e-01  -1.57358e-01  -4.43889e-02   6.39827e-02   9.63906e-02   1.18171e-01  -4.33776e-02  -2.12974e-02  -3.31096e-02  -4.69306e-02  -1.95809e-02  -4.22703e-02  -3.12555e-02   9.49227e-03
T8    4.42090e-01   8.98171e-02   1.37000e-01   3.72417e-02  -1.77308e-01  -1.51299e-01   7.60003e-02  -9.58209e-02  -4.43889e-02  -3.70091e-01   9.20206e-02   8.97234e-02   3.40310e-01  -4.02287e-02  -3.19124e-02  -4.58174e-03  -4.87631e-02  -6.14087e-03  -1.76841e-01  -1.34007e-01   6.14948e-02
T9    5.22116e-01  -1.31029e-01   2.11981e-01   1.77874e-01   3.18921e-01  -2.34278e-01   1.71848e-01   2.69332e-01   6.39827e-02   9.20206e-02  -4.91345e-01  -3.73821e-01   2.28148e-01  -2.65355e-01  -3.78138e-01   1.10312e-01   5.12362e-02  -4.90222e-02  -2.42460e-01  -2.40939e-01  -3.62112e-01
T10   -2.17287e-01  -1.24680e-01   1.34262e-01   2.83206e-01   3.87648e-01  -2.20318e-01   1.81803e-01   3.35987e-01   9.63906e-02   8.97234e-02  -3.73821e-01  -4.22620e-01   3.11783e-01  -2.36737e-01  -3.64955e-01   8.59965e-02   1.26854e-01   5.08449e-02  -3.00693e-01  -1.93438e-01  -3.15532e-01
T11   -1.34210e+00   3.62190e-01   6.80473e-01   8.27469e-02  -2.78160e-01   1.48481e-01   2.55375e-01  -2.58406e-01   1.18171e-01   3.40310e-01   2.28148e-01   3.11783e-01   5.01737e-01   2.70362e-01   2.27238e-01   2.65423e-01   1.22009e-01   1.52280e-01   1.68301e-01  -1.21535e-03   2.20142e-01
T12    1.46029e+00  -1.00124e-01   1.35492e-01   1.05548e-01   2.37036e-01  -2.76800e-01   7.44449e-02   2.51170e-01  -4.33776e-02  -4.02287e-02  -2.65355e-01  -2.36737e-01   2.70362e-01  -5.78740e-01  -3.64585e-01   2.96454e-03   3.95105e-02  -5.18885e-03  -3.30014e-01  -2.05591e-01  -2.08777e-01
T13    1.02704e+00  -1.05159e-01   8.35364e-02   1.10637e-01   2.59099e-01  -3.19629e-01   1.09163e-01   2.31109e-01  -2.12974e-02  -3.19124e-02  -3.78138e-01  -3.64955e-01   2.27238e-01  -3.64585e-01  -5.12667e-01  -1.15118e-02   1.02132e-02  -1.79038e-02  -4.23198e-01  -3.32536e-01  -2.92189e-01
T14   -4.54465e-01   4.60042e-02   1.63302e-02   4.17029e-02   1.22929e-01  -1.11239e-01   4.25260e-02   2.06893e-01  -3.31096e-02  -4.58174e-03   1.10312e-01   8.59965e-02   2.65423e-01   2.96454e-03  -1.15118e-02  -8.24982e-02   6.00002e-02   4.81838e-02  -2.55169e-01  -1.77373e-01   5.00732e-02
T15   -6.39792e-01   3.90823e-02   6.93947e-02  -4.98665e-02   1.75245e-02  -1.22162e-01   3.80151e-02   1.34529e-01  -4.69306e-02  -4.87631e-02   5.12362e-02   1.26854e-01   1.22009e-01   3.95105e-02   1.02132e-02   6.00002e-02  -9.92731e-02  -4.13710e-02  -5.73836e-03  -2.55025e-03   2.94028e-02
T16   -4.50031e-01   1.76270e-02   9.49816e-02  -1.67807e-02   7.19856e-02  -8.04216e-02   3.23021e-02   1.57771e-01  -1.95809e-02  -6.14087e-03  -4.90222e-02   5.08449e-02   1.52280e-01  -5.18885e-03  -1.79038e-02   4.81838e-02  -4.13710e-02  -1.01610e-01  -1.21086e-02  -2.27116e-02  -8.43149e-02
T17    2.09299e+00  -7.28325e-02  -8.76001e-02   1.96864e-02   5.18751e-02  -2.84087e-01  -5.60344e-02   4.43963e-02  -4.22703e-02  -1.76841e-01  -2.42460e-01  -3.00693e-01   1.68301e-01  -3.30014e-01  -4.23198e-01  -2.55169e-01  -5.73836e-03  -1.21086e-02  -6.03519e-01  -3.10734e-01  -2.01695e-01
T18    8.35990e-01  -2.31655e-02  -1.61060e-02  -1.34168e-02  -1.17324e-02  -1.74167e-01   1.00953e-02  -6.82226e-03  -3.12555e-02  -1.34007e-01  -2.40939e-01  -1.93438e-01  -1.21535e-03  -2.05591e-01  -3.32536e-01  -1.77373e-01  -2.55025e-03  -2.27116e-02  -3.10734e-01  -2.32163e-01  -1.59199e-01
T19    2.30936e-01  -1.76785e-01   1.69990e-01   1.70848e-01   2.35808e-01  -2.52445e-01   1.40145e-01   2.16385e-01   9.49227e-03   6.14948e-02  -3.62112e-01  -3.15532e-01   2.20142e-01  -2.08777e-01  -2.92189e-01   5.00732e-02   2.94028e-02  -8.43149e-02  -2.01695e-01  -1.59199e-01  -3.98264e-01
