T0   -3.95140e-01  -5.30864e-02   6.74634e-03   2.28039e-02   3.57763e-03   8.09230e-03   4.15257e-03   1.51965e-02  -1.74330e-02   6.55799e-03  -4.01722e-04  -1.51396e-02   3.91144e-02  -5.21403e-03   4.76142e-03   2.28485e-03   8.07707e-03  -3.16081e-03   1.90097e-03   1.31396e-02  -1.66855e-02
T1   -1.03940e+00   6.74634e-03   2.85779e-02   6.03602e-02  -2.12418e-02  -5.79633e-03   5.47573e-02  -1.47621e-02   1.20486e-02   2.98060e-02   9.76232e-03  -1.62594e-02   1.53210e-01  -1.82847e-02  -1.02394e-02   5.29312e-03   3.40820e-02   3.98988e-02  -2.04182e-02   6.22933e-03  -1.60787e-03
T2   -6.92532e-01   2.28039e-02   6.03602e-02  -5.67603e-02   1.79723e-02   8.84073e-03   1.53694e-02   5.44833e-02  -3.63864e-03   2.60763e-02  -8.49788e-03   2.26811e-02   2.94732e-02  -8.32044e-03  -4.02780e-03   2.76447e-02  -7.96369e-03   7.44410e-05  -5.64047e-03  -2.42514e-02   1.88125e-02
T3   -1.28078e+00   3.57763e-03  -2.12418e-02   1.79723e-02   3.84180e-02   2.66914e-02   4.62318e-02   8.81878e-02   3.63330e-03   5.46857e-03   6.56060e-03   1.59998e-02   3.30267e-03   1.49896e-03   8.30550e-03   2.25522e-02   2.68287e-02   1.72873e-02  -1.49194e-02  -8.89035e-03   1.15608e-02
T4    2.18875e+00   8.09230e-03  -5.79633e-03   8.84073e-03   2.66914e-02  -3.23339e-01  -2.69390e-03   2.86995e-02  -1.52745e-03  -4.88146e-02  -1.88465e-02  -1.77137e-02   8.89826e-03  -3.43547e-02  -2.91197e-02  -8.46989e-03  -2.43806e-02  -6.21901e-04  -3.08032e-02  -9.03404e-03  -1.88301e-02
T5   -8.19612e-01   4.15257e-03   5.47573e-02   1.53694e-02   4.62318e-02  -2.69390e-03  -3.14634e-02   7.35356e-02   2.39692e-02   2.41355e-02   1.27266e-03  -1.38583e-02   8.99971e-02  -1.51087e-02  -7.97364e-03   1.87261e-02   1.52015e-02   1.72510e-02  -3.14131e-02  -6.28287e-03   1.02694e-02
T6   -1.74243e+00   1.51965e-02  -1.47621e-02   5.44833e-02   8.81878e-02   2.86995e-02   7.35356e-02   6.40766e-02   2.89434e-02   1.71868e-02  -1.13364e-02  -5.96505e-03   9.31297e-03  -1.88488e-04  -4.44501e-03   4.07190e-02   5.11612e-02   4.45756e-02  -4.64812e-03  -2.70531e-03   6.64999e-03
T7   -5.25934e-01  -1.74330e-02   1.20486e-02  -3.63864e-03   3.63330e-03  -1.52745e-03   2.39692e-02   2.89434e-02  -4.17357e-02  -5.00996e-03   3.23309e-03   1.55370e-02   4.27513e-02  -9.11477e-03   4.66996e-03  -7.17904e-03  -2.86191e-03  -6.89058e-03  -6.89896e-03   2.65849e-03  -9.75537e-03
T8    4.46492e-01   6.55799e-03   2.98060e-02   2.60763e-02   5.46857e-03  -4.88146e-02   2.41355e-02   1.71868e-02  -5.00996e-03  -8.44538e-02  -1.37710e-03  -8.20423e-03   9.01833e-02  -3.22467e-02  -2.43743e-02  -3.84085e-03   9.25272e-03   1.02152e-02  -3.82546e-02  -2.01202e-02   2.30437e-03
T9    8.57501e-01  -4.01722e-04   9.76232e-03  -8.49788e-03   6.56060e-03  -1.88465e-02   1.27266e-03  -1.13364e-02   3.23309e-03  -1.37710e-03  -7.97046e-02  -3.15306e-02  -3.26419e-02  -1.48948e-02  -3.14170e-02   1.80375e-02  -8.17549e-03  -1.21209e-02   1.46397e-02  -1.27404e-02  -3.43418e-02
T10    1.48724e-01  -1.51396e-02  -1.62594e-02   2.26811e-02   1.59998e-02  -1.77137e-02  -1.38583e-02  -5.96505e-03   1.55370e-02  -8.20423e-03  -3.15306e-02  -6.00236e-02   4.24353e-03  -6.45935e-03  -2.95726e-02   5.30364e-03  -4.25336e-03  -3.34944e-04  -6.97400e-03  -1.87933e-03  -2.87408e-02
T11   -1.77781e+00   3.91144e-02   1.53210e-01   2.94732e-02   3.30267e-03   8.89826e-03   8.99971e-02   9.31297e-03   4.27513e-02   9.01833e-02  -3.26419e-02   4.24353e-03   3.20774e-02  -1.34081e-02  -1.48413e-02   5.91929e-02   4.75044e-02   4.89006e-02   1.86349e-02  -1.10515e-02   1.41473e-05
T12    1.85868e+00  -5.21403e-03  -1.82847e-02  -8.32044e-03   1.49896e-03  -3.43547e-02  -1.51087e-02  -1.88488e-04  -9.11477e-03  -3.22467e-02  -1.48948e-02  -6.45935e-03  -1.34081e-02  -2.01112e-01  -1.67605e-02  -8.05731e-03  -4.02457e-03  -3.48162e-03  -6.62738e-03  -1.45443e-03  -4.51744e-03
T13    1.20725e+00   4.76142e-03  -1.02394e-02  -4.02780e-03   8.30550e-03  -2.91197e-02  -7.97364e-03  -4.44501e-03   4.66996e-03  -2.43743e-02  -3.14170e-02  -2.95726e-02  -1.48413e-02  -1.67605e-02  -6.87575e-02  -3.85287e-03  -1.63266e-02  -9.15632e-03  -3.36078e-02  -3.56315e-02  -2.29939e-02
T14   -5.87036e-01   2.28485e-03   5.29312e-03   2.76447e-02   2.25522e-02  -8.46989e-03   1.87261e-02   4.07190e-02  -7.17904e-03  -3.84085e-03   1.80375e-02   5.30364e-03   5.91929e-02  -8.05731e-03  -3.85287e-03  -3.89950e-02   2.61964e-02   1.17625e-02  -3.77040e-02  -1.61189e-02   2.21745e-03
T15   -6.10761e-01   8.07707e-03   3.40820e-02  -7.96369e-03   2.68287e-02  -2.43806e-02   1.52015e-02   5.11612e-02  -2.86191e-03   9.25272e-03  -8.17549e-03  -4.25336e-03   4.75044e-02  -4.02457e-03  -1.63266e-02   2.61964e-02  -3.40359e-02  -8.55231e-03  -1.25177e-02  -9.33875e-03  -1.92419e-03
T16   -3.79884e-01  -3.16081e-03   3.98988e-02   7.44410e-05   1.72873e-02  -6.21901e-04   1.72510e-02   4.45756e-02  -6.89058e-03   1.02152e-02  -1.21209e-02  -3.34944e-04   4.89006e-02  -3.48162e-03  -9.15632e-03   1.17625e-02  -8.55231e-03  -3.68139e-02  -7.10788e-03  -7.94786e-03  -1.72816e-02
T17    1.96537e+00   1.90097e-03  -2.04182e-02  -5.64047e-03  -1.49194e-02  -3.08032e-02  -3.14131e-02  -4.64812e-03  -6.89896e-03  -3.82546e-02   1.46397e-02  -6.97400e-03   1.86349e-02  -6.62738e-03  -3.36078e-02  -3.77040e-02  -1.25177e-02  -7.10788e-03  -1.46135e-01  -3.95031e-02   4.23179e-03
T18    7.66918e-01   1.31396e-02   6.22933e-03  -2.42514e-02  -8.89035e-03  -9.03404e-03  -6.28287e-03  -2.70531e-03   2.65849e-03  -2.01202e-02  -1.27404e-02  -1.87933e-03  -1.10515e-02  -1.45443e-03  -3.56315e-02  -1.61189e-02  -9.33875e-03  -7.94786e-03  -3.95031e-02  -5.47791e-02   1.68226e-03
T19    4.11633e-01  -1.66855e-02  -1.60787e-03   1.88125e-02   1.15608e-02  -1.88301e-02   1.02694e-02   6.64999e-03  -9.75537e-03   2.30437e-03  -3.43418e-02  -2.87408e-02   1.41473e-05  -4.51744e-03  -2.29939e-02   2.21745e-03  -1.92419e-03  -1.72816e-02   4.23179e-03   1.68226e-03  -5.86296e-02
