T0   -4.17634e-01  -9.80814e-02   2.35420e-02   6.89908e-02   4.83899e-02  -1.86905e-02   2.80416e-02   6.68140e-02  -2.30020e-02   1.94000e-02  -4.66335e-02  -6.84658e-02   1.06996e-01  -4.51616e-02  -3.62002e-02   1.67864e-02   2.95143e-02   3.68873e-03  -2.85178e-02  -2.88536e-03  -6.67097e-02
T1   -1.08111e+00   2.35420e-02   9.44046e-02   8.75506e-02  -1.19703e-01   7.23027e-03   8.29787e-02  -1.01325e-01   1.63515e-02   4.79791e-02   8.18648e-02   4.07228e-02   3.10932e-01   3.52272e-02   3.76207e-02   7.19300e-03   4.31746e-02   6.72960e-02  -1.14948e-03   2.89863e-02   3.95430e-02
T2   -7.78465e-01   6.89908e-02   8.75506e-02  -9.97224e-02   2.35284e-02   9.12193e-03   3.61691e-02   1.02982e-01  -7.60925e-03   2.70572e-02   2.60013e-02   7.75471e-02   4.08985e-02   2.90336e-03   1.57743e-02   4.31526e-02  -1.54891e-02   7.36519e-04   1.38736e-03  -2.84539e-02   6.18679e-02
T3   -1.35554e+00   4.83899e-02  -1.19703e-01   2.35284e-02   1.12757e-01   5.54953e-02   8.80545e-02   1.90572e-01   1.63374e-03  -4.09746e-02   7.03229e-02   8.28132e-02  -5.83531e-02   5.02805e-02   6.85330e-02   4.57268e-02   3.97014e-02   3.82953e-02   7.52616e-03  -2.11328e-04   6.97539e-02
T4    2.50364e+00  -1.86905e-02   7.23027e-03   9.12193e-03   5.54953e-02  -5.92284e-01  -3.01824e-03   6.61522e-02  -2.48589e-02  -7.23190e-02  -8.25801e-02  -8.06552e-02   3.57878e-02  -1.13371e-01  -1.13369e-01  -3.09114e-02  -4.89149e-02  -1.72002e-02  -9.75880e-02  -5.91480e-02  -8.47460e-02
T5   -8.73119e-01   2.80416e-02   8.29787e-02   3.61691e-02   8.80545e-02  -3.01824e-03  -1.08704e-02   1.37207e-01   4.74325e-02   4.89713e-02   4.25084e-02   1.88356e-02   1.56332e-01  -9.59508e-04   1.76346e-02   2.72030e-02   2.27776e-02   2.69267e-02  -3.36286e-02   8.08964e-04   4.27651e-02
T6   -1.78344e+00   6.68140e-02  -1.01325e-01   1.02982e-01   1.90572e-01   6.61522e-02   1.37207e-01   1.57957e-01   7.74638e-02   5.80699e-03   4.29786e-02   5.62285e-02  -4.03068e-02   4.31422e-02   4.78062e-02   9.20380e-02   9.10149e-02   9.40263e-02   2.44949e-02   1.03753e-02   5.62488e-02
T7   -6.64779e-01  -2.30020e-02   1.63515e-02  -7.60925e-03   1.63374e-03  -2.48589e-02   4.74325e-02   7.74638e-02  -8.11118e-02  -2.61420e-02   1.72227e-02   3.04862e-02   8.07280e-02  -2.02705e-02   2.49799e-03  -1.49223e-02  -9.65272e-03  -1.02881e-02  -1.38159e-02  -9.22142e-04  -5.55594e-03
T8    3.45380e-01   1.94000e-02   4.79791e-02   2.70572e-02  -4.09746e-02  -7.23190e-02   4.89713e-02   5.80699e-03  -2.61420e-02  -1.77573e-01   3.64788e-02   2.61981e-02   1.65433e-01  -3.10316e-02  -2.41508e-02   3.05845e-03  -1.34142e-02   5.60574e-03  -7.00152e-02  -2.77837e-02   2.74061e-02
T9    9.56823e-01  -4.66335e-02   8.18648e-02   2.60013e-02   7.03229e-02  -8.25801e-02   4.25084e-02   4.29786e-02   1.72227e-02   3.64788e-02  -2.18240e-01  -1.38923e-01   1.77629e-02  -9.23345e-02  -1.36556e-01   4.75624e-02  -2.82000e-03  -3.19612e-02  -4.47948e-02  -6.71901e-02  -1.37390e-01
T10    2.19869e-01  -6.84658e-02   4.07228e-02   7.75471e-02   8.28132e-02  -8.06552e-02   1.88356e-02   5.62285e-02   3.04862e-02   2.61981e-02  -1.38923e-01  -1.75364e-01   8.54691e-02  -7.21021e-02  -1.23485e-01   2.51522e-02   7.61704e-03  -7.72537e-03  -7.47897e-02  -3.79861e-02  -1.19379e-01
T11   -1.79257e+00   1.06996e-01   3.10932e-01   4.08985e-02  -5.83531e-02   3.57878e-02   1.56332e-01  -4.03068e-02   8.07280e-02   1.65433e-01   1.77629e-02   8.54691e-02   1.24704e-01   6.11184e-02   4.26862e-02   1.23590e-01   7.70692e-02   9.51973e-02   9.17668e-02   6.47923e-03   4.97192e-02
T12    1.84427e+00  -4.51616e-02   3.52272e-02   2.90336e-03   5.02805e-02  -1.13371e-01  -9.59508e-04   4.31422e-02  -2.02705e-02  -3.10316e-02  -9.23345e-02  -7.21021e-02   6.11184e-02  -3.40670e-01  -1.08508e-01  -2.69397e-03  -6.85914e-03  -1.75672e-02  -6.89973e-02  -5.56521e-02  -6.95805e-02
T13    1.27650e+00  -3.62002e-02   3.76207e-02   1.57743e-02   6.85330e-02  -1.13369e-01   1.76346e-02   4.78062e-02   2.49799e-03  -2.41508e-02  -1.36556e-01  -1.23485e-01   4.26862e-02  -1.08508e-01  -1.90896e-01   1.63672e-02  -1.99916e-02  -2.13089e-02  -1.32691e-01  -1.09705e-01  -1.02768e-01
T14   -6.42694e-01   1.67864e-02   7.19300e-03   4.31526e-02   4.57268e-02  -3.09114e-02   2.72030e-02   9.20380e-02  -1.49223e-02   3.05845e-03   4.75624e-02   2.51522e-02   1.23590e-01  -2.69397e-03   1.63672e-02  -6.86454e-02   3.98535e-02   3.34870e-02  -7.22828e-02  -4.44485e-02   1.60885e-02
T15   -6.90813e-01   2.95143e-02   4.31746e-02  -1.54891e-02   3.97014e-02  -4.89149e-02   2.27776e-02   9.10149e-02  -9.65272e-03  -1.34142e-02  -2.82000e-03   7.61704e-03   7.70692e-02  -6.85914e-03  -1.99916e-02   3.98535e-02  -4.34970e-02  -7.11348e-03  -1.85154e-02  -1.45636e-02   1.06102e-02
T16   -4.42250e-01   3.68873e-03   6.72960e-02   7.36519e-04   3.82953e-02  -1.72002e-02   2.69267e-02   9.40263e-02  -1.02881e-02   5.60574e-03  -3.19612e-02  -7.72537e-03   9.51973e-02  -1.75672e-02  -2.13089e-02   3.34870e-02  -7.11348e-03  -4.77121e-02  -1.38016e-02  -1.31407e-02  -3.96983e-02
T17    2.04305e+00  -2.85178e-02  -1.14948e-03   1.38736e-03   7.52616e-03  -9.75880e-02  -3.36286e-02   2.44949e-02  -1.38159e-02  -7.00152e-02  -4.47948e-02  -7.47897e-02   9.17668e-02  -6.89973e-02  -1.32691e-01  -7.22828e-02  -1.85154e-02  -1.38016e-02  -2.79216e-01  -1.05631e-01  -5.03991e-02
T18    7.92512e-01  -2.88536e-03   2.89863e-02  -2.84539e-02  -2.11328e-04  -5.91480e-02   8.08964e-04   1.03753e-02  -9.22142e-04  -2.77837e-02  -6.71901e-02  -3.79861e-02   6.47923e-03  -5.56521e-02  -1.09705e-01  -4.44485e-02  -1.45636e-02  -1.31407e-02  -1.05631e-01  -9.80162e-02  -3.82013e-02
T19    5.40380e-01  -6.67097e-02   3.95430e-02   6.18679e-02   6.97539e-02  -8.47460e-02   4.27651e-02   5.62488e-02  -5.55594e-03   2.74061e-02  -1.37390e-01  -1.19379e-01   4.97192e-02  -6.95805e-02  -1.02768e-01   1.60885e-02   1.06102e-02  -3.96983e-02  -5.03991e-02  -3.82013e-02  -1.63322e-01
