T0   -4.07189e-01  -1.03226e-01   2.81871e-02   6.96249e-02   5.28423e-02  -2.50739e-02   2.99361e-02   7.38586e-02  -2.52586e-02   2.06397e-02  -5.45628e-02  -7.62354e-02   1.16443e-01  -5.07240e-02  -3.96275e-02   1.62586e-02   2.95803e-02   1.61513e-03  -3.02787e-02  -4.40526e-04  -7.55568e-02
T1   -1.07555e+00   2.81871e-02   1.07852e-01   8.83785e-02  -1.37462e-01   6.62597e-03   8.74274e-02  -1.15466e-01   1.26118e-02   4.96446e-02   9.56985e-02   5.28530e-02   3.30184e-01   4.65510e-02   4.70164e-02   9.75265e-03   4.16912e-02   6.82739e-02   6.68094e-04   3.18985e-02   4.70037e-02
T2   -7.64936e-01   6.96249e-02   8.83785e-02  -1.05800e-01   2.49579e-02   6.13916e-03   3.40588e-02   1.07642e-01  -7.84159e-03   2.37245e-02   3.25834e-02   8.92161e-02   4.01938e-02   8.27565e-03   2.04944e-02   4.68588e-02  -1.80313e-02  -4.53657e-04   9.44912e-03  -2.90966e-02   6.52335e-02
T3   -1.33882e+00   5.28423e-02  -1.37462e-01   2.49579e-02   1.21118e-01   5.53549e-02   9.23686e-02   2.03119e-01   2.92167e-03  -4.98026e-02   7.93976e-02   9.72768e-02  -7.27982e-02   6.14081e-02   7.78376e-02   5.14825e-02   3.93283e-02   4.08209e-02   8.44034e-03  -1.94250e-03   7.93537e-02
T4    2.53762e+00  -2.50739e-02   6.62597e-03   6.13916e-03   5.53549e-02  -6.27238e-01  -3.21667e-03   7.07062e-02  -2.83178e-02  -7.80644e-02  -9.15417e-02  -9.05014e-02   3.90489e-02  -1.23672e-01  -1.23229e-01  -3.81114e-02  -5.37532e-02  -2.29622e-02  -1.09322e-01  -6.68488e-02  -9.47810e-02
T5   -8.68733e-01   2.99361e-02   8.74274e-02   3.40588e-02   9.23686e-02  -3.21667e-03  -6.78400e-03   1.47667e-01   4.60828e-02   4.77172e-02   5.04711e-02   2.58390e-02   1.64008e-01   3.81733e-03   2.65939e-02   2.76110e-02   2.55694e-02   2.65529e-02  -2.89858e-02   2.80019e-03   4.88754e-02
T6   -1.77282e+00   7.38586e-02  -1.15466e-01   1.07642e-01   2.03119e-01   7.07062e-02   1.47667e-01   1.67839e-01   8.25688e-02   1.43002e-04   5.51989e-02   7.05417e-02  -5.03948e-02   5.67470e-02   6.05737e-02   9.78122e-02   9.43240e-02   9.99517e-02   3.06033e-02   1.15850e-02   6.47965e-02
T7   -6.45439e-01  -2.52586e-02   1.26118e-02  -7.84159e-03   2.92167e-03  -2.83178e-02   4.60828e-02   8.25688e-02  -8.29723e-02  -2.97301e-02   1.66289e-02   3.12881e-02   7.82491e-02  -2.26019e-02  -8.93931e-04  -1.35604e-02  -1.15765e-02  -1.14037e-02  -1.78222e-02  -4.61564e-03  -7.19779e-03
T8    3.40685e-01   2.06397e-02   4.96446e-02   2.37245e-02  -4.98026e-02  -7.80644e-02   4.77172e-02   1.43002e-04  -2.97301e-02  -1.90049e-01   4.60036e-02   3.34837e-02   1.72163e-01  -3.04733e-02  -2.03100e-02   4.55788e-03  -1.65651e-02   6.74474e-03  -7.38404e-02  -2.91543e-02   3.11886e-02
T9    9.34295e-01  -5.45628e-02   9.56985e-02   3.25834e-02   7.93976e-02  -9.15417e-02   5.04711e-02   5.51989e-02   1.66289e-02   4.60036e-02  -2.34966e-01  -1.54034e-01   3.49509e-02  -1.04503e-01  -1.51321e-01   4.89004e-02  -1.31070e-03  -3.49852e-02  -5.32252e-02  -7.35207e-02  -1.50661e-01
T10    1.92521e-01  -7.62354e-02   5.28530e-02   8.92161e-02   9.72768e-02  -9.05014e-02   2.58390e-02   7.05417e-02   3.12881e-02   3.34837e-02  -1.54034e-01  -1.91544e-01   1.03605e-01  -8.27534e-02  -1.37020e-01   2.81112e-02   1.07310e-02  -6.89432e-03  -8.33420e-02  -4.35543e-02  -1.31752e-01
T11   -1.78126e+00   1.16443e-01   3.30184e-01   4.01938e-02  -7.27982e-02   3.90489e-02   1.64008e-01  -5.03948e-02   7.82491e-02   1.72163e-01   3.49509e-02   1.03605e-01   1.40485e-01   7.84482e-02   5.50709e-02   1.33127e-01   7.74166e-02   1.00004e-01   1.05989e-01   1.21766e-02   5.95451e-02
T12    1.81277e+00  -5.07240e-02   4.65510e-02   8.27565e-03   6.14081e-02  -1.23672e-01   3.81733e-03   5.67470e-02  -2.26019e-02  -3.04733e-02  -1.04503e-01  -8.27534e-02   7.84482e-02  -3.55859e-01  -1.25212e-01  -1.65658e-03  -5.62847e-03  -2.09308e-02  -8.02303e-02  -6.12768e-02  -7.78176e-02
T13    1.24197e+00  -3.96275e-02   4.70164e-02   2.04944e-02   7.78376e-02  -1.23229e-01   2.65939e-02   6.05737e-02  -8.93931e-04  -2.03100e-02  -1.51321e-01  -1.37020e-01   5.50709e-02  -1.25212e-01  -2.07213e-01   1.60489e-02  -1.82510e-02  -1.99882e-02  -1.46628e-01  -1.20314e-01  -1.12260e-01
T14   -6.30496e-01   1.62586e-02   9.75265e-03   4.68588e-02   5.14825e-02  -3.81114e-02   2.76110e-02   9.78122e-02  -1.35604e-02   4.55788e-03   4.89004e-02   2.81112e-02   1.33127e-01  -1.65658e-03   1.60489e-02  -7.27886e-02   4.15728e-02   3.43731e-02  -7.75246e-02  -4.93891e-02   1.57319e-02
T15   -6.77883e-01   2.95803e-02   4.16912e-02  -1.80313e-02   3.93283e-02  -5.37532e-02   2.55694e-02   9.43240e-02  -1.15765e-02  -1.65651e-02  -1.31070e-03   1.07310e-02   7.74166e-02  -5.62847e-03  -1.82510e-02   4.15728e-02  -4.71181e-02  -8.82584e-03  -1.90532e-02  -1.34219e-02   9.93318e-03
T16   -4.27726e-01   1.61513e-03   6.82739e-02  -4.53657e-04   4.08209e-02  -2.29622e-02   2.65529e-02   9.99517e-02  -1.14037e-02   6.74474e-03  -3.49852e-02  -6.89432e-03   1.00004e-01  -2.09308e-02  -1.99882e-02   3.43731e-02  -8.82584e-03  -5.24198e-02  -1.39279e-02  -1.46421e-02  -4.46418e-02
T17    2.01267e+00  -3.02787e-02   6.68094e-04   9.44912e-03   8.44034e-03  -1.09322e-01  -2.89858e-02   3.06033e-02  -1.78222e-02  -7.38404e-02  -5.32252e-02  -8.33420e-02   1.05989e-01  -8.02303e-02  -1.46628e-01  -7.75246e-02  -1.90532e-02  -1.39279e-02  -2.98419e-01  -1.14068e-01  -5.53332e-02
T18    7.72180e-01  -4.40526e-04   3.18985e-02  -2.90966e-02  -1.94250e-03  -6.68488e-02   2.80019e-03   1.15850e-02  -4.61564e-03  -2.91543e-02  -7.35207e-02  -4.35543e-02   1.21766e-02  -6.12768e-02  -1.20314e-01  -4.93891e-02  -1.34219e-02  -1.46421e-02  -1.14068e-01  -1.02080e-01  -4.32243e-02
T19    5.46139e-01  -7.55568e-02   4.70037e-02   6.52335e-02   7.93537e-02  -9.47810e-02   4.88754e-02   6.47965e-02  -7.19779e-03   3.11886e-02  -1.50661e-01  -1.31752e-01   5.95451e-02  -7.78176e-02  -1.12260e-01   1.57319e-02   9.93318e-03  -4.46418e-02  -5.53332e-02  -4.32243e-02  -1.79279e-01
