T0   -4.03897e-01  -6.72644e-02   1.55080e-02   3.52797e-02   1.33402e-02   1.02273e-03   1.33331e-02   2.93566e-02  -2.19379e-02   1.31721e-02  -1.17731e-02  -2.86822e-02   6.21197e-02  -1.66383e-02  -1.80991e-03   3.89689e-03   1.21897e-02  -3.80788e-03  -4.14074e-03   1.32964e-02  -3.03270e-02
T1   -1.07282e+00   1.55080e-02   3.61980e-02   7.40761e-02  -3.87648e-02   1.47313e-03   6.41142e-02  -3.31194e-02   2.05282e-02   3.16790e-02   2.42649e-02  -1.11644e-02   1.91828e-01  -1.40095e-02  -9.19755e-03   7.09541e-03   4.70648e-02   5.35526e-02  -2.43668e-02   4.90998e-03   7.05483e-03
T2   -7.70330e-01   3.52797e-02   7.40761e-02  -6.91260e-02   1.84732e-02   1.28853e-02   2.37429e-02   7.16109e-02  -5.74694e-03   2.65885e-02  -1.23481e-03   3.53777e-02   3.69770e-02  -2.74650e-03  -5.22862e-04   2.97965e-02  -1.25692e-02   3.50322e-04  -1.52626e-03  -2.54842e-02   3.15089e-02
T3   -1.35853e+00   1.33402e-02  -3.87648e-02   1.84732e-02   5.25153e-02   3.84051e-02   5.65879e-02   1.15167e-01  -7.99882e-04  -4.68244e-03   2.14621e-02   3.16176e-02  -3.69105e-03   1.33646e-02   2.17036e-02   2.52977e-02   2.98834e-02   2.43346e-02  -1.04552e-02  -5.69667e-04   2.82404e-02
T4    2.29949e+00   1.02273e-03   1.47313e-03   1.28853e-02   3.84051e-02  -3.97062e-01   1.24195e-03   4.28459e-02  -5.05066e-03  -5.17765e-02  -3.57633e-02  -3.36048e-02   1.81574e-02  -5.68070e-02  -4.97249e-02  -1.07534e-02  -3.12464e-02  -4.90266e-03  -5.06956e-02  -1.98916e-02  -3.56945e-02
T5   -8.73358e-01   1.33331e-02   6.41142e-02   2.37429e-02   5.65879e-02   1.24195e-03  -2.77215e-02   9.08427e-02   3.16064e-02   3.16339e-02   8.45907e-03  -1.18718e-02   1.10998e-01  -1.34113e-02  -6.89178e-03   1.95512e-02   2.08822e-02   2.48099e-02  -3.41410e-02  -5.98150e-03   2.11611e-02
T6   -1.80635e+00   2.93566e-02  -3.31194e-02   7.16109e-02   1.15167e-01   4.28459e-02   9.08427e-02   8.87218e-02   3.96176e-02   1.31157e-02  -6.07891e-04   3.77829e-03   1.59341e-03   6.18377e-03   2.45620e-03   5.28494e-02   6.55600e-02   6.37084e-02   1.59810e-03   9.95880e-04   1.99201e-02
T7   -5.83564e-01  -2.19379e-02   2.05282e-02  -5.74694e-03  -7.99882e-04  -5.05066e-03   3.16064e-02   3.96176e-02  -5.66150e-02  -1.28624e-02   8.00957e-03   1.96566e-02   5.90603e-02  -1.06562e-02   8.92877e-03  -1.01650e-02  -8.43990e-03  -1.10225e-02  -1.81214e-03   7.59173e-03  -8.40873e-03
T8    3.87912e-01   1.31721e-02   3.16790e-02   2.65885e-02  -4.68244e-03  -5.17765e-02   3.16339e-02   1.31157e-02  -1.28624e-02  -1.12751e-01   8.93470e-03  -3.90277e-05   1.14256e-01  -3.41427e-02  -2.76913e-02  -3.95523e-03   7.04853e-03   1.20846e-02  -4.84354e-02  -2.37721e-02   1.09947e-02
T9    9.54276e-01  -1.17731e-02   2.42649e-02  -1.23481e-03   2.14621e-02  -3.57633e-02   8.45907e-03  -6.07891e-04   8.00957e-03   8.93470e-03  -1.17870e-01  -5.82180e-02  -2.55409e-02  -3.55891e-02  -5.91519e-02   2.75749e-02  -6.57697e-03  -1.66488e-02   2.59522e-03  -2.87010e-02  -6.22726e-02
T10    2.50049e-01  -2.86822e-02  -1.11644e-02   3.53777e-02   3.16176e-02  -3.36048e-02  -1.18718e-02   3.77829e-03   1.96566e-02  -3.90277e-05  -5.82180e-02  -8.86661e-02   1.57641e-02  -1.97045e-02  -5.37668e-02   1.16122e-02  -2.26193e-03  -2.51534e-03  -2.43508e-02  -1.16284e-02  -5.26562e-02
T11   -1.83659e+00   6.21197e-02   1.91828e-01   3.69770e-02  -3.69105e-03   1.81574e-02   1.10998e-01   1.59341e-03   5.90603e-02   1.14256e-01  -2.55409e-02   1.57641e-02   5.32186e-02  -1.24116e-04  -9.67987e-03   7.59423e-02   6.29549e-02   6.66707e-02   2.87995e-02  -1.45799e-02   1.15995e-02
T12    1.90123e+00  -1.66383e-02  -1.40095e-02  -2.74650e-03   1.33646e-02  -5.68070e-02  -1.34113e-02   6.18377e-03  -1.06562e-02  -3.41427e-02  -3.55891e-02  -1.97045e-02  -1.24116e-04  -2.42790e-01  -4.02694e-02  -5.40452e-03  -5.98499e-03  -7.37433e-03  -2.19888e-02  -1.54833e-02  -1.89926e-02
T13    1.31343e+00  -1.80991e-03  -9.19755e-03  -5.22862e-04   2.17036e-02  -4.97249e-02  -6.89178e-03   2.45620e-03   8.92877e-03  -2.76913e-02  -5.91519e-02  -5.37668e-02  -9.67987e-03  -4.02694e-02  -1.00514e-01   3.69078e-03  -1.51622e-02  -1.41494e-02  -5.95171e-02  -5.82303e-02  -4.37879e-02
T14   -6.21415e-01   3.89689e-03   7.09541e-03   2.97965e-02   2.52977e-02  -1.07534e-02   1.95512e-02   5.28494e-02  -1.01650e-02  -3.95523e-03   2.75749e-02   1.16122e-02   7.59423e-02  -5.40452e-03   3.69078e-03  -5.22553e-02   2.74116e-02   1.65971e-02  -4.25802e-02  -1.87456e-02   8.36545e-03
T15   -6.77636e-01   1.21897e-02   4.70648e-02  -1.25692e-02   2.98834e-02  -3.12464e-02   2.08822e-02   6.55600e-02  -8.43990e-03   7.04853e-03  -6.57697e-03  -2.26193e-03   6.29549e-02  -5.98499e-03  -1.51622e-02   2.74116e-02  -3.83783e-02  -8.89447e-03  -1.25709e-02  -6.94190e-03   2.38867e-03
T16   -4.32613e-01  -3.80788e-03   5.35526e-02   3.50322e-04   2.43346e-02  -4.90266e-03   2.48099e-02   6.37084e-02  -1.10225e-02   1.20846e-02  -1.66488e-02  -2.51534e-03   6.66707e-02  -7.37433e-03  -1.41494e-02   1.65971e-02  -8.89447e-03  -3.86630e-02  -6.51373e-03  -8.85019e-03  -2.35792e-02
T17    2.03439e+00  -4.14074e-03  -2.43668e-02  -1.52626e-03  -1.04552e-02  -5.06956e-02  -3.41410e-02   1.59810e-03  -1.81214e-03  -4.84354e-02   2.59522e-03  -2.43508e-02   2.87995e-02  -2.19888e-02  -5.95171e-02  -4.25802e-02  -1.25709e-02  -6.51373e-03  -1.89995e-01  -6.26327e-02  -9.87468e-03
T18    8.04974e-01   1.32964e-02   4.90998e-03  -2.54842e-02  -5.69667e-04  -1.98916e-02  -5.98150e-03   9.95880e-04   7.59173e-03  -2.37721e-02  -2.87010e-02  -1.16284e-02  -1.45799e-02  -1.54833e-02  -5.82303e-02  -1.87456e-02  -6.94190e-03  -8.85019e-03  -6.26327e-02  -7.41690e-02  -8.53825e-03
T19    4.91351e-01  -3.03270e-02   7.05483e-03   3.15089e-02   2.82404e-02  -3.56945e-02   2.11611e-02   1.99201e-02  -8.40873e-03   1.09947e-02  -6.22726e-02  -5.26562e-02   1.15995e-02  -1.89926e-02  -4.37879e-02   8.36545e-03   2.38867e-03  -2.35792e-02  -9.87468e-03  -8.53825e-03  -8.80306e-02
