T0   -5.94142e-01  -1.58794e-01   1.17248e-01   1.18397e-01   1.21046e-01  -9.82596e-02   1.05061e-01   2.05055e-01  -6.30358e-02   6.19612e-02  -1.03031e-01  -1.09522e-01   2.84218e-01  -8.60038e-02  -8.49259e-02   3.09428e-02   3.67467e-02   1.24177e-03  -4.64886e-02  -2.17093e-02  -1.42606e-01
T1   -8.38888e-01   1.17248e-01   2.45622e-01   1.03935e-01  -3.03569e-01   3.58929e-02   1.21455e-01  -2.81602e-01  -4.79356e-03   9.60118e-02   1.88387e-01   1.23902e-01   5.26134e-01   1.23235e-01   8.36686e-02   7.90203e-03   4.74465e-02   8.11635e-02  -2.94030e-02   2.27447e-02   1.26440e-01
T2   -6.15041e-01   1.18397e-01   1.03935e-01  -1.77950e-01  -1.51012e-03  -2.32650e-03   3.43405e-02   1.37730e-01  -3.93984e-02   1.99512e-02   1.27899e-01   2.15671e-01   4.52487e-02   6.31060e-02   7.34575e-02   4.34893e-02  -4.39270e-02  -2.42756e-02   1.99093e-02  -1.78191e-02   1.36242e-01
T3   -1.12288e+00   1.21046e-01  -3.03569e-01  -1.51012e-03   2.03560e-01   7.81978e-02   1.08591e-01   3.38123e-01   1.61868e-02  -1.34749e-01   2.19032e-01   2.68262e-01  -2.13767e-01   1.59188e-01   1.92607e-01   8.26707e-02   2.78558e-02   4.62095e-02   4.34807e-02  -2.24379e-03   1.68296e-01
T4    2.47460e+00  -9.82596e-02   3.58929e-02  -2.32650e-03   7.81978e-02  -9.80740e-01   1.85717e-02   1.39440e-01  -1.01704e-01  -1.14860e-01  -1.77422e-01  -1.73594e-01   1.11290e-01  -2.20936e-01  -2.40332e-01  -8.22032e-02  -1.00977e-01  -6.73742e-02  -2.19080e-01  -1.26801e-01  -1.91872e-01
T5   -7.20701e-01   1.05061e-01   1.21455e-01   3.43405e-02   1.08591e-01   1.85717e-02   2.20816e-02   2.16533e-01   3.42970e-02   4.88192e-02   1.38500e-01   1.36668e-01   2.23969e-01   5.44318e-02   7.49171e-02   3.65083e-02   1.84986e-02   2.56522e-02  -4.14449e-02   1.64788e-02   1.05620e-01
T6   -1.51570e+00   2.05055e-01  -2.81602e-01   1.37730e-01   3.38123e-01   1.39440e-01   2.16533e-01   3.16625e-01   1.41145e-01  -6.87127e-02   1.89681e-01   2.45483e-01  -1.86917e-01   1.88124e-01   1.72398e-01   1.54716e-01   1.13639e-01   1.24697e-01   4.80298e-02   5.04264e-04   1.53603e-01
T7   -5.48750e-01  -6.30358e-02  -4.79356e-03  -3.93984e-02   1.61868e-02  -1.01704e-01   3.42970e-02   1.41145e-01  -1.20270e-01  -3.97652e-02   2.53034e-02   4.42108e-02   8.19160e-02  -4.89341e-02  -1.33126e-02  -2.79540e-02  -4.01226e-02  -2.97101e-02  -4.36711e-02  -1.97868e-02  -1.36137e-02
T8    4.31632e-01   6.19612e-02   9.60118e-02   1.99512e-02  -1.34749e-01  -1.14860e-01   4.88192e-02  -6.87127e-02  -3.97652e-02  -3.22654e-01   8.52261e-02   7.92257e-02   2.58086e-01  -3.08174e-02  -2.77197e-02   1.39746e-03  -4.20556e-02  -2.66754e-03  -1.25339e-01  -8.60552e-02   5.73556e-02
T9    5.63426e-01  -1.03031e-01   1.88387e-01   1.27899e-01   2.19032e-01  -1.77422e-01   1.38500e-01   1.89681e-01   2.53034e-02   8.52261e-02  -3.84159e-01  -2.80658e-01   1.62274e-01  -1.97596e-01  -2.85577e-01   9.89462e-02   3.69995e-02  -2.67733e-02  -1.53266e-01  -1.65201e-01  -2.70070e-01
T10   -1.75895e-01  -1.09522e-01   1.23902e-01   2.15671e-01   2.68262e-01  -1.73594e-01   1.36668e-01   2.45483e-01   4.42108e-02   7.92257e-02  -2.80658e-01  -3.24395e-01   2.61630e-01  -1.72298e-01  -2.69439e-01   6.41861e-02   7.32975e-02   3.62219e-02  -1.96015e-01  -1.25487e-01  -2.36997e-01
T11   -1.47632e+00   2.84218e-01   5.26134e-01   4.52487e-02  -2.13767e-01   1.11290e-01   2.23969e-01  -1.86917e-01   8.19160e-02   2.58086e-01   1.62274e-01   2.61630e-01   3.41714e-01   2.28502e-01   1.60993e-01   2.11610e-01   9.53741e-02   1.24138e-01   1.68804e-01   9.07797e-03   1.64610e-01
T12    1.53831e+00  -8.60038e-02   1.23235e-01   6.31060e-02   1.59188e-01  -2.20936e-01   5.44318e-02   1.88124e-01  -4.89341e-02  -3.08174e-02  -1.97596e-01  -1.72298e-01   2.28502e-01  -4.90507e-01  -2.66290e-01  -6.25068e-03   1.10810e-02  -1.15834e-02  -2.14394e-01  -1.33302e-01  -1.60424e-01
T13    1.06728e+00  -8.49259e-02   8.36686e-02   7.34575e-02   1.92607e-01  -2.40332e-01   7.49171e-02   1.72398e-01  -1.33126e-02  -2.77197e-02  -2.85577e-01  -2.69439e-01   1.60993e-01  -2.66290e-01  -3.78870e-01  -4.96120e-03  -9.84632e-03  -1.66623e-02  -2.87840e-01  -2.30909e-01  -2.20789e-01
T14   -4.99633e-01   3.09428e-02   7.90203e-03   4.34893e-02   8.26707e-02  -8.22032e-02   3.65083e-02   1.54716e-01  -2.79540e-02   1.39746e-03   9.89462e-02   6.41861e-02   2.11610e-01  -6.25068e-03  -4.96120e-03  -8.47298e-02   5.67004e-02   5.24942e-02  -1.74040e-01  -1.19337e-01   4.81663e-02
T15   -6.18616e-01   3.67467e-02   4.74465e-02  -4.39270e-02   2.78558e-02  -1.00977e-01   1.84986e-02   1.13639e-01  -4.01226e-02  -4.20556e-02   3.69995e-02   7.32975e-02   9.53741e-02   1.10810e-02  -9.84632e-03   5.67004e-02  -8.07184e-02  -3.40365e-02  -6.09938e-03  -1.56125e-02   2.38591e-02
T16   -4.27791e-01   1.24177e-03   8.11635e-02  -2.42756e-02   4.62095e-02  -6.73742e-02   2.56522e-02   1.24697e-01  -2.97101e-02  -2.66754e-03  -2.67733e-02   3.62219e-02   1.24138e-01  -1.15834e-02  -1.66623e-02   5.24942e-02  -3.40365e-02  -8.93257e-02  -5.70218e-04  -2.58136e-02  -5.72932e-02
T17    1.97945e+00  -4.64886e-02  -2.94030e-02   1.99093e-02   4.34807e-02  -2.19080e-01  -4.14449e-02   4.80298e-02  -4.36711e-02  -1.25339e-01  -1.53266e-01  -1.96015e-01   1.68804e-01  -2.14394e-01  -2.87840e-01  -1.74040e-01  -6.09938e-03  -5.70218e-04  -4.64942e-01  -2.10151e-01  -1.32562e-01
T18    8.07433e-01  -2.17093e-02   2.27447e-02  -1.78191e-02  -2.24379e-03  -1.26801e-01   1.64788e-02   5.04264e-04  -1.97868e-02  -8.60552e-02  -1.65201e-01  -1.25487e-01   9.07797e-03  -1.33302e-01  -2.30909e-01  -1.19337e-01  -1.56125e-02  -2.58136e-02  -2.10151e-01  -1.70055e-01  -1.11195e-01
T19    2.92224e-01  -1.42606e-01   1.26440e-01   1.36242e-01   1.68296e-01  -1.91872e-01   1.05620e-01   1.53603e-01  -1.36137e-02   5.73556e-02  -2.70070e-01  -2.36997e-01   1.64610e-01  -1.60424e-01  -2.20789e-01   4.81663e-02   2.38591e-02  -5.72932e-02  -1.32562e-01  -1.11195e-01  -3.01138e-01
