T0   -6.26306e-01  -1.57114e-01   1.26215e-01   1.24787e-01   1.27865e-01  -1.04058e-01   1.17580e-01   2.25051e-01  -6.24512e-02   6.50118e-02  -1.08507e-01  -1.10012e-01   3.04486e-01  -8.56849e-02  -9.00884e-02   3.53978e-02   3.74136e-02  -9.28990e-04  -4.78035e-02  -2.37086e-02  -1.50192e-01
T1   -8.16305e-01   1.26215e-01   2.61446e-01   1.07704e-01  -3.21630e-01   3.63427e-02   1.21656e-01  -3.00178e-01  -2.81311e-03   1.06575e-01   1.95734e-01   1.29128e-01   5.55958e-01   1.31248e-01   8.64514e-02   9.72673e-03   5.15121e-02   8.47223e-02  -3.61517e-02   1.60407e-02   1.37176e-01
T2   -6.06589e-01   1.24787e-01   1.07704e-01  -1.82070e-01  -1.89408e-03  -7.61147e-03   3.75718e-02   1.44426e-01  -4.32609e-02   2.16492e-02   1.37323e-01   2.30284e-01   5.26457e-02   6.93267e-02   8.30545e-02   4.35590e-02  -4.67777e-02  -2.41258e-02   1.90960e-02  -1.63400e-02   1.43561e-01
T3   -1.10623e+00   1.27865e-01  -3.21630e-01  -1.89408e-03   2.15954e-01   8.53750e-02   1.13854e-01   3.60721e-01   1.69633e-02  -1.42855e-01   2.33867e-01   2.92117e-01  -2.29052e-01   1.74964e-01   2.10521e-01   8.98481e-02   2.49001e-02   4.68903e-02   4.75334e-02  -1.73742e-03   1.81394e-01
T4    2.45367e+00  -1.04058e-01   3.63427e-02  -7.61147e-03   8.53750e-02  -1.02041e+00   2.16555e-02   1.44789e-01  -1.09148e-01  -1.20404e-01  -1.87857e-01  -1.83276e-01   1.15785e-01  -2.31417e-01  -2.57730e-01  -8.88923e-02  -1.06838e-01  -7.14338e-02  -2.34224e-01  -1.36783e-01  -2.02186e-01
T5   -7.04539e-01   1.17580e-01   1.21656e-01   3.75718e-02   1.13854e-01   2.16555e-02   2.76709e-02   2.27778e-01   3.59133e-02   5.06873e-02   1.45772e-01   1.44630e-01   2.29730e-01   6.29729e-02   8.54638e-02   3.45475e-02   2.12386e-02   2.63818e-02  -4.05763e-02   1.40074e-02   1.12469e-01
T6   -1.48784e+00   2.25051e-01  -3.00178e-01   1.44426e-01   3.60721e-01   1.44789e-01   2.27778e-01   3.41340e-01   1.47994e-01  -7.31473e-02   2.02550e-01   2.62559e-01  -2.00373e-01   1.97348e-01   1.88186e-01   1.57576e-01   1.18626e-01   1.27033e-01   4.67958e-02  -1.66770e-03   1.63401e-01
T7   -5.65252e-01  -6.24512e-02  -2.81311e-03  -4.32609e-02   1.69633e-02  -1.09148e-01   3.59133e-02   1.47994e-01  -1.28744e-01  -4.32003e-02   3.37196e-02   5.26488e-02   8.68466e-02  -5.15401e-02  -1.81799e-02  -2.80886e-02  -4.35195e-02  -2.43471e-02  -4.47573e-02  -2.26723e-02  -1.08428e-02
T8    4.38093e-01   6.50118e-02   1.06575e-01   2.16492e-02  -1.42855e-01  -1.20404e-01   5.06873e-02  -7.31473e-02  -4.32003e-02  -3.32590e-01   8.79047e-02   8.08253e-02   2.70369e-01  -3.11445e-02  -2.57652e-02  -1.03603e-03  -4.57939e-02  -4.34034e-03  -1.30605e-01  -9.24061e-02   5.94305e-02
T9    5.48834e-01  -1.08507e-01   1.95734e-01   1.37323e-01   2.33867e-01  -1.87857e-01   1.45772e-01   2.02550e-01   3.37196e-02   8.79047e-02  -4.05179e-01  -2.97813e-01   1.77013e-01  -2.09091e-01  -3.01489e-01   1.01645e-01   3.95739e-02  -3.05444e-02  -1.67670e-01  -1.78712e-01  -2.86118e-01
T10   -1.94517e-01  -1.10012e-01   1.29128e-01   2.30284e-01   2.92117e-01  -1.83276e-01   1.44630e-01   2.62559e-01   5.26488e-02   8.08253e-02  -2.97813e-01  -3.42337e-01   2.72180e-01  -1.84643e-01  -2.86552e-01   6.89580e-02   8.61584e-02   4.15453e-02  -2.15048e-01  -1.37114e-01  -2.52697e-01
T11   -1.44084e+00   3.04486e-01   5.55958e-01   5.26457e-02  -2.29052e-01   1.15785e-01   2.29730e-01  -2.00373e-01   8.68466e-02   2.70369e-01   1.77013e-01   2.72180e-01   3.66695e-01   2.38228e-01   1.74862e-01   2.20980e-01   9.79605e-02   1.29201e-01   1.71001e-01   5.34676e-03   1.72578e-01
T12    1.51543e+00  -8.56849e-02   1.31248e-01   6.93267e-02   1.74964e-01  -2.31417e-01   6.29729e-02   1.97348e-01  -5.15401e-02  -3.11445e-02  -2.09091e-01  -1.84643e-01   2.38228e-01  -5.08868e-01  -2.82900e-01  -4.77771e-03   1.44307e-02  -8.65666e-03  -2.30614e-01  -1.50082e-01  -1.68735e-01
T13    1.04762e+00  -9.00884e-02   8.64514e-02   8.30545e-02   2.10521e-01  -2.57730e-01   8.54638e-02   1.88186e-01  -1.81799e-02  -2.57652e-02  -3.01489e-01  -2.86552e-01   1.74862e-01  -2.82900e-01  -4.02736e-01  -7.04258e-03  -6.16077e-03  -1.57058e-02  -3.12290e-01  -2.48598e-01  -2.33184e-01
T14   -4.85070e-01   3.53978e-02   9.72673e-03   4.35590e-02   8.98481e-02  -8.88923e-02   3.45475e-02   1.57576e-01  -2.80886e-02  -1.03603e-03   1.01645e-01   6.89580e-02   2.20980e-01  -4.77771e-03  -7.04258e-03  -8.69783e-02   5.51422e-02   5.13751e-02  -1.87231e-01  -1.30749e-01   5.20026e-02
T15   -6.20984e-01   3.74136e-02   5.15121e-02  -4.67777e-02   2.49001e-02  -1.06838e-01   2.12386e-02   1.18626e-01  -4.35195e-02  -4.57939e-02   3.95739e-02   8.61584e-02   9.79605e-02   1.44307e-02  -6.16077e-03   5.51422e-02  -8.30329e-02  -3.57152e-02  -5.45712e-03  -1.26511e-02   2.56081e-02
T16   -4.30648e-01  -9.28990e-04   8.47223e-02  -2.41258e-02   4.68903e-02  -7.14338e-02   2.63818e-02   1.27033e-01  -2.43471e-02  -4.34034e-03  -3.05444e-02   4.15453e-02   1.29201e-01  -8.65666e-03  -1.57058e-02   5.13751e-02  -3.57152e-02  -9.26443e-02  -1.94466e-03  -2.58591e-02  -5.91413e-02
T17    1.99289e+00  -4.78035e-02  -3.61517e-02   1.90960e-02   4.75334e-02  -2.34224e-01  -4.05763e-02   4.67958e-02  -4.47573e-02  -1.30605e-01  -1.67670e-01  -2.15048e-01   1.71001e-01  -2.30614e-01  -3.12290e-01  -1.87231e-01  -5.45712e-03  -1.94466e-03  -4.91394e-01  -2.25390e-01  -1.46276e-01
T18    8.14785e-01  -2.37086e-02   1.60407e-02  -1.63400e-02  -1.73742e-03  -1.36783e-01   1.40074e-02  -1.66770e-03  -2.26723e-02  -9.24061e-02  -1.78712e-01  -1.37114e-01   5.34676e-03  -1.50082e-01  -2.48598e-01  -1.30749e-01  -1.26511e-02  -2.58591e-02  -2.25390e-01  -1.78696e-01  -1.21412e-01
T19    2.73800e-01  -1.50192e-01   1.37176e-01   1.43561e-01   1.81394e-01  -2.02186e-01   1.12469e-01   1.63401e-01  -1.08428e-02   5.94305e-02  -2.86118e-01  -2.52697e-01   1.72578e-01  -1.68735e-01  -2.33184e-01   5.20026e-02   2.56081e-02  -5.91413e-02  -1.46276e-01  -1.21412e-01  -3.17372e-01
