T0   -5.39410e-01  -1.56950e-01   1.01899e-01   1.13403e-01   1.13556e-01  -8.41364e-02   8.79843e-02   1.77914e-01  -5.93946e-02   5.40126e-02  -9.84293e-02  -1.14366e-01   2.49823e-01  -8.36043e-02  -7.70488e-02   2.64031e-02   3.64695e-02  -1.61442e-03  -4.24065e-02  -1.85405e-02  -1.32241e-01
T1   -8.80822e-01   1.01899e-01   2.21180e-01   9.92398e-02  -2.77821e-01   3.18478e-02   1.11872e-01  -2.53082e-01  -3.45694e-03   8.70942e-02   1.75590e-01   1.18452e-01   4.95231e-01   1.13808e-01   7.91557e-02   5.89241e-03   4.50006e-02   7.80441e-02  -1.41446e-02   3.03472e-02   1.13244e-01
T2   -6.37186e-01   1.13403e-01   9.92398e-02  -1.71769e-01   4.14695e-03  -7.15760e-04   3.04614e-02   1.31703e-01  -3.51953e-02   2.53117e-02   1.12806e-01   1.93144e-01   4.42325e-02   5.54546e-02   6.73143e-02   4.52723e-02  -3.86380e-02  -1.84883e-02   1.69687e-02  -2.23270e-02   1.19071e-01
T3   -1.15205e+00   1.13556e-01  -2.77821e-01   4.14695e-03   1.89031e-01   7.28546e-02   1.01571e-01   3.08772e-01   1.51691e-02  -1.23627e-01   2.00111e-01   2.33910e-01  -1.96103e-01   1.35504e-01   1.70191e-01   7.55473e-02   3.34268e-02   4.67372e-02   3.68120e-02  -5.85325e-03   1.51026e-01
T4    2.51160e+00  -8.41364e-02   3.18478e-02  -7.15760e-04   7.28546e-02  -9.22097e-01   2.11241e-02   1.23982e-01  -8.53695e-02  -1.11992e-01  -1.63401e-01  -1.64648e-01   9.70560e-02  -2.08728e-01  -2.22173e-01  -8.01907e-02  -9.36991e-02  -6.42035e-02  -2.00974e-01  -1.13825e-01  -1.76323e-01
T5   -7.50698e-01   8.79843e-02   1.11872e-01   3.04614e-02   1.01571e-01   2.11241e-02   1.67525e-02   2.06764e-01   3.61652e-02   4.91400e-02   1.29531e-01   1.24329e-01   2.18716e-01   4.70649e-02   6.53738e-02   3.56238e-02   1.55633e-02   2.63102e-02  -3.53434e-02   1.44607e-02   9.60488e-02
T6   -1.56258e+00   1.77914e-01  -2.53082e-01   1.31703e-01   3.08772e-01   1.23982e-01   2.06764e-01   2.83574e-01   1.31317e-01  -5.76383e-02   1.71562e-01   2.21824e-01  -1.66411e-01   1.70192e-01   1.53840e-01   1.49192e-01   1.08782e-01   1.20713e-01   4.47583e-02   3.30896e-03   1.41399e-01
T7   -5.38563e-01  -5.93946e-02  -3.45694e-03  -3.51953e-02   1.51691e-02  -8.53695e-02   3.61652e-02   1.31317e-01  -1.13331e-01  -3.67775e-02   1.87009e-02   3.73502e-02   7.81548e-02  -4.62137e-02  -8.23720e-03  -2.39347e-02  -3.49804e-02  -3.06961e-02  -3.55468e-02  -1.32782e-02  -2.27869e-02
T8    4.11828e-01   5.40126e-02   8.70942e-02   2.53117e-02  -1.23627e-01  -1.11992e-01   4.91400e-02  -5.76383e-02  -3.67775e-02  -3.03961e-01   7.98955e-02   7.75650e-02   2.44369e-01  -2.83811e-02  -2.85084e-02   4.20613e-03  -3.92489e-02  -7.33661e-04  -1.17239e-01  -7.17176e-02   5.34840e-02
T9    5.97364e-01  -9.84293e-02   1.75590e-01   1.12806e-01   2.00111e-01  -1.63401e-01   1.29531e-01   1.71562e-01   1.87009e-02   7.98955e-02  -3.58096e-01  -2.57863e-01   1.44499e-01  -1.81579e-01  -2.61266e-01   9.02749e-02   2.95590e-02  -2.67101e-02  -1.33939e-01  -1.48010e-01  -2.48969e-01
T10   -1.33176e-01  -1.14366e-01   1.18452e-01   1.93144e-01   2.33910e-01  -1.64648e-01   1.24329e-01   2.21824e-01   3.73502e-02   7.75650e-02  -2.57863e-01  -3.01116e-01   2.44325e-01  -1.55980e-01  -2.47402e-01   5.86687e-02   5.67587e-02   2.92276e-02  -1.73964e-01  -1.07661e-01  -2.18338e-01
T11   -1.53013e+00   2.49823e-01   4.95231e-01   4.42325e-02  -1.96103e-01   9.70560e-02   2.18716e-01  -1.66411e-01   7.81548e-02   2.44369e-01   1.44499e-01   2.44325e-01   3.07006e-01   2.10466e-01   1.44204e-01   1.99871e-01   8.79308e-02   1.20131e-01   1.56345e-01   1.34397e-02   1.49754e-01
T12    1.56832e+00  -8.36043e-02   1.13808e-01   5.54546e-02   1.35504e-01  -2.08728e-01   4.70649e-02   1.70192e-01  -4.62137e-02  -2.83811e-02  -1.81579e-01  -1.55980e-01   2.10466e-01  -4.63583e-01  -2.41179e-01  -3.76418e-03   2.95184e-03  -1.61400e-02  -1.89258e-01  -1.17124e-01  -1.45104e-01
T13    1.09062e+00  -7.70488e-02   7.91557e-02   6.73143e-02   1.70191e-01  -2.22173e-01   6.53738e-02   1.53840e-01  -8.23720e-03  -2.85084e-02  -2.61266e-01  -2.47402e-01   1.44204e-01  -2.41179e-01  -3.50481e-01  -2.47608e-03  -1.11213e-02  -1.83174e-02  -2.58037e-01  -2.09030e-01  -2.02799e-01
T14   -5.19097e-01   2.64031e-02   5.89241e-03   4.52723e-02   7.55473e-02  -8.01907e-02   3.56238e-02   1.49192e-01  -2.39347e-02   4.20613e-03   9.02749e-02   5.86687e-02   1.99871e-01  -3.76418e-03  -2.47608e-03  -8.13646e-02   5.01767e-02   4.94297e-02  -1.57348e-01  -1.04317e-01   4.36238e-02
T15   -6.19050e-01   3.64695e-02   4.50006e-02  -3.86380e-02   3.34268e-02  -9.36991e-02   1.55633e-02   1.08782e-01  -3.49804e-02  -3.92489e-02   2.95590e-02   5.67587e-02   8.79308e-02   2.95184e-03  -1.11213e-02   5.01767e-02  -7.03036e-02  -3.33836e-02  -9.66754e-03  -1.69748e-02   2.28787e-02
T16   -4.21056e-01  -1.61442e-03   7.80441e-02  -1.84883e-02   4.67372e-02  -6.42035e-02   2.63102e-02   1.20713e-01  -3.06961e-02  -7.33661e-04  -2.67101e-02   2.92276e-02   1.20131e-01  -1.61400e-02  -1.83174e-02   4.94297e-02  -3.33836e-02  -8.41359e-02  -5.50840e-03  -2.57624e-02  -5.47940e-02
T17    1.97321e+00  -4.24065e-02  -1.41446e-02   1.69687e-02   3.68120e-02  -2.00974e-01  -3.53434e-02   4.47583e-02  -3.55468e-02  -1.17239e-01  -1.33939e-01  -1.73964e-01   1.56345e-01  -1.89258e-01  -2.58037e-01  -1.57348e-01  -9.66754e-03  -5.50840e-03  -4.34600e-01  -1.92197e-01  -1.18958e-01
T18    7.97886e-01  -1.85405e-02   3.03472e-02  -2.23270e-02  -5.85325e-03  -1.13825e-01   1.44607e-02   3.30896e-03  -1.32782e-02  -7.17176e-02  -1.48010e-01  -1.07661e-01   1.34397e-02  -1.17124e-01  -2.09030e-01  -1.04317e-01  -1.69748e-02  -2.57624e-02  -1.92197e-01  -1.60223e-01  -9.97289e-02
T19    3.32989e-01  -1.32241e-01   1.13244e-01   1.19071e-01   1.51026e-01  -1.76323e-01   9.60488e-02   1.41399e-01  -2.27869e-02   5.34840e-02  -2.48969e-01  -2.18338e-01   1.49754e-01  -1.45104e-01  -2.02799e-01   4.36238e-02   2.28787e-02  -5.47940e-02  -1.18958e-01  -9.97289e-02  -2.79695e-01
