T0   -6.52725e-01  -1.64167e-01   1.40240e-01   1.35639e-01   1.43133e-01  -1.12537e-01   1.27850e-01   2.42695e-01  -5.97738e-02   7.02332e-02  -1.14215e-01  -1.11488e-01   3.20122e-01  -8.80964e-02  -9.53348e-02   3.95255e-02   3.74186e-02  -2.74919e-04  -5.34563e-02  -2.14753e-02  -1.57256e-01
T1   -7.93931e-01   1.40240e-01   2.81351e-01   1.15082e-01  -3.39444e-01   4.64822e-02   1.22420e-01  -3.21727e-01  -1.10472e-03   1.15915e-01   2.03235e-01   1.34430e-01   5.86671e-01   1.34336e-01   8.92457e-02   9.70833e-03   5.44484e-02   8.77618e-02  -5.06401e-02   7.37925e-03   1.46712e-01
T2   -6.01776e-01   1.35639e-01   1.15082e-01  -1.86696e-01  -6.62531e-04  -5.33312e-03   3.93040e-02   1.50544e-01  -4.64870e-02   2.32758e-02   1.48996e-01   2.46072e-01   5.80639e-02   7.87337e-02   9.02427e-02   4.18558e-02  -4.73221e-02  -2.39981e-02   1.90833e-02  -1.32124e-02   1.49361e-01
T3   -1.09510e+00   1.43133e-01  -3.39444e-01  -6.62531e-04   2.23726e-01   8.84493e-02   1.24550e-01   3.83058e-01   1.89521e-02  -1.54322e-01   2.53641e-01   3.18499e-01  -2.41605e-01   1.90447e-01   2.28227e-01   9.73586e-02   2.45200e-02   5.04097e-02   4.95106e-02  -4.58506e-03   1.94708e-01
T4    2.42451e+00  -1.12537e-01   4.64822e-02  -5.33312e-03   8.84493e-02  -1.06498e+00   2.02326e-02   1.52672e-01  -1.16743e-01  -1.24950e-01  -2.00604e-01  -1.91589e-01   1.23267e-01  -2.47958e-01  -2.72444e-01  -9.34146e-02  -1.10459e-01  -7.31865e-02  -2.46409e-01  -1.49956e-01  -2.15236e-01
T5   -6.87737e-01   1.27850e-01   1.22420e-01   3.93040e-02   1.24550e-01   2.02326e-02   3.13191e-02   2.38913e-01   3.80739e-02   6.21920e-02   1.54612e-01   1.53492e-01   2.34174e-01   6.67885e-02   9.19214e-02   3.37101e-02   2.39630e-02   2.86920e-02  -4.42701e-02   1.27069e-02   1.20244e-01
T6   -1.46357e+00   2.42695e-01  -3.21727e-01   1.50544e-01   3.83058e-01   1.52672e-01   2.38913e-01   3.78981e-01   1.55473e-01  -7.98691e-02   2.18019e-01   2.81546e-01  -2.18085e-01   2.09935e-01   1.99906e-01   1.68256e-01   1.24440e-01   1.30926e-01   4.60624e-02  -2.39545e-04   1.78507e-01
T7   -5.84438e-01  -5.97738e-02  -1.10472e-03  -4.64870e-02   1.89521e-02  -1.16743e-01   3.80739e-02   1.55473e-01  -1.39182e-01  -4.56140e-02   4.09755e-02   5.90569e-02   9.38065e-02  -5.36282e-02  -1.93695e-02  -2.95773e-02  -4.39102e-02  -2.24870e-02  -4.12563e-02  -2.52568e-02  -3.72844e-03
T8    4.43578e-01   7.02332e-02   1.15915e-01   2.32758e-02  -1.54322e-01  -1.24950e-01   6.21920e-02  -7.98691e-02  -4.56140e-02  -3.42895e-01   8.63750e-02   8.31735e-02   2.88231e-01  -2.95312e-02  -2.87834e-02  -3.80261e-03  -4.80924e-02  -2.23751e-03  -1.41821e-01  -1.01099e-01   6.11027e-02
T9    5.35541e-01  -1.14215e-01   2.03235e-01   1.48996e-01   2.53641e-01  -2.00604e-01   1.54612e-01   2.18019e-01   4.09755e-02   8.63750e-02  -4.27437e-01  -3.16147e-01   1.93414e-01  -2.23653e-01  -3.19849e-01   1.04758e-01   4.36639e-02  -3.39722e-02  -1.84337e-01  -1.93487e-01  -3.05143e-01
T10   -2.09239e-01  -1.11488e-01   1.34430e-01   2.46072e-01   3.18499e-01  -1.91589e-01   1.53492e-01   2.81546e-01   5.90569e-02   8.31735e-02  -3.16147e-01  -3.62234e-01   2.84618e-01  -1.95819e-01  -3.05244e-01   7.36677e-02   9.75791e-02   4.69218e-02  -2.35335e-01  -1.51150e-01  -2.68871e-01
T11   -1.40877e+00   3.20122e-01   5.86671e-01   5.80639e-02  -2.41605e-01   1.23267e-01   2.34174e-01  -2.18085e-01   9.38065e-02   2.88231e-01   1.93414e-01   2.84618e-01   3.97410e-01   2.45457e-01   1.89768e-01   2.31761e-01   1.03377e-01   1.35184e-01   1.69537e-01   2.84697e-03   1.84793e-01
T12    1.49957e+00  -8.80964e-02   1.34336e-01   7.87337e-02   1.90447e-01  -2.47958e-01   6.67885e-02   2.09935e-01  -5.36282e-02  -2.95312e-02  -2.23653e-01  -1.95819e-01   2.45457e-01  -5.27080e-01  -3.05198e-01  -4.11099e-03   2.32376e-02  -9.11189e-03  -2.56314e-01  -1.64895e-01  -1.77807e-01
T13    1.03462e+00  -9.53348e-02   8.92457e-02   9.02427e-02   2.28227e-01  -2.72444e-01   9.19214e-02   1.99906e-01  -1.93695e-02  -2.87834e-02  -3.19849e-01  -3.05244e-01   1.89768e-01  -3.05198e-01  -4.27872e-01  -8.64714e-03  -2.82998e-03  -1.67257e-02  -3.39373e-01  -2.68471e-01  -2.47762e-01
T14   -4.73519e-01   3.95255e-02   9.70833e-03   4.18558e-02   9.73586e-02  -9.34146e-02   3.37101e-02   1.68256e-01  -2.95773e-02  -3.80261e-03   1.04758e-01   7.36677e-02   2.31761e-01  -4.11099e-03  -8.64714e-03  -8.55004e-02   5.86860e-02   5.23733e-02  -2.06374e-01  -1.42311e-01   5.13263e-02
T15   -6.25182e-01   3.74186e-02   5.44484e-02  -4.73221e-02   2.45200e-02  -1.10459e-01   2.39630e-02   1.24440e-01  -4.39102e-02  -4.80924e-02   4.36639e-02   9.75791e-02   1.03377e-01   2.32376e-02  -2.82998e-03   5.86860e-02  -9.14337e-02  -3.77072e-02  -4.01575e-03  -8.05807e-03   2.58491e-02
T16   -4.34821e-01  -2.74919e-04   8.77618e-02  -2.39981e-02   5.04097e-02  -7.31865e-02   2.86920e-02   1.30926e-01  -2.24870e-02  -2.23751e-03  -3.39722e-02   4.69218e-02   1.35184e-01  -9.11189e-03  -1.67257e-02   5.23733e-02  -3.77072e-02  -9.54024e-02  -2.99390e-03  -2.39798e-02  -6.38370e-02
T17    2.01850e+00  -5.34563e-02  -5.06401e-02   1.90833e-02   4.95106e-02  -2.46409e-01  -4.42701e-02   4.60624e-02  -4.12563e-02  -1.41821e-01  -1.84337e-01  -2.35335e-01   1.69537e-01  -2.56314e-01  -3.39373e-01  -2.06374e-01  -4.01575e-03  -2.99390e-03  -5.19648e-01  -2.48311e-01  -1.61075e-01
T18    8.17018e-01  -2.14753e-02   7.37925e-03  -1.32124e-02  -4.58506e-03  -1.49956e-01   1.27069e-02  -2.39545e-04  -2.52568e-02  -1.01099e-01  -1.93487e-01  -1.51150e-01   2.84697e-03  -1.64895e-01  -2.68471e-01  -1.42311e-01  -8.05807e-03  -2.39798e-02  -2.48311e-01  -1.91852e-01  -1.30730e-01
T19    2.57479e-01  -1.57256e-01   1.46712e-01   1.49361e-01   1.94708e-01  -2.15236e-01   1.20244e-01   1.78507e-01  -3.72844e-03   6.11027e-02  -3.05143e-01  -2.68871e-01   1.84793e-01  -1.77807e-01  -2.47762e-01   5.13263e-02   2.58491e-02  -6.38370e-02  -1.61075e-01  -1.30730e-01  -3.36825e-01
