T0   -3.95403e-01  -5.40525e-02   7.66964e-03   2.38478e-02   3.80892e-03   8.04259e-03   4.68486e-03   1.61124e-02  -1.80571e-02   6.96005e-03  -1.19247e-03  -1.60366e-02   4.08799e-02  -5.62442e-03   4.15419e-03   2.43047e-03   8.50708e-03  -3.06310e-03   1.36378e-03   1.29996e-02  -1.77123e-02
T1   -1.04628e+00   7.66964e-03   2.92077e-02   6.21657e-02  -2.21860e-02  -5.29477e-03   5.57472e-02  -1.58537e-02   1.21461e-02   3.03373e-02   1.06659e-02  -1.61930e-02   1.56361e-01  -1.84180e-02  -9.95077e-03   5.46161e-03   3.52942e-02   4.11023e-02  -2.04899e-02   5.32021e-03  -1.09945e-03
T2   -7.00968e-01   2.38478e-02   6.21657e-02  -5.72521e-02   1.72448e-02   7.63515e-03   1.66309e-02   5.53884e-02  -4.11862e-03   2.64078e-02  -8.13411e-03   2.34230e-02   3.06573e-02  -7.02895e-03  -4.47235e-03   2.77265e-02  -8.30703e-03  -9.79195e-05  -3.76473e-03  -2.44498e-02   1.98476e-02
T3   -1.28917e+00   3.80892e-03  -2.21860e-02   1.72448e-02   3.91717e-02   2.73297e-02   4.70606e-02   8.97699e-02   3.77606e-03   5.36787e-03   7.73060e-03   1.69527e-02   3.40180e-03   1.98306e-03   9.28181e-03   2.25695e-02   2.70309e-02   1.79671e-02  -1.45576e-02  -7.78696e-03   1.25830e-02
T4    2.19902e+00   8.04259e-03  -5.29477e-03   7.63515e-03   2.73297e-02  -3.29018e-01  -3.08425e-03   3.03603e-02  -1.68549e-03  -4.89262e-02  -1.98776e-02  -1.88938e-02   9.16484e-03  -3.57385e-02  -3.07874e-02  -9.20740e-03  -2.46155e-02  -8.70570e-04  -3.17214e-02  -9.59813e-03  -1.94806e-02
T5   -8.26063e-01   4.68486e-03   5.57472e-02   1.66309e-02   4.70606e-02  -3.08425e-03  -3.10023e-02   7.45969e-02   2.46122e-02   2.46557e-02   1.67883e-03  -1.40978e-02   9.21912e-02  -1.48961e-02  -7.25344e-03   1.87746e-02   1.53404e-02   1.78055e-02  -3.26878e-02  -6.07373e-03   1.07751e-02
T6   -1.75049e+00   1.61124e-02  -1.58537e-02   5.53884e-02   8.97699e-02   3.03603e-02   7.45969e-02   6.61478e-02   3.00471e-02   1.76874e-02  -1.09792e-02  -5.73212e-03   9.53072e-03   3.48162e-04  -4.44358e-03   4.14578e-02   5.24320e-02   4.62620e-02  -4.61808e-03  -1.97514e-03   7.30953e-03
T7   -5.31817e-01  -1.80571e-02   1.21461e-02  -4.11862e-03   3.77606e-03  -1.68549e-03   2.46122e-02   3.00471e-02  -4.27328e-02  -5.62934e-03   3.54206e-03   1.62947e-02   4.38367e-02  -9.23166e-03   5.16876e-03  -7.40502e-03  -3.49646e-03  -7.19824e-03  -6.54636e-03   2.62206e-03  -9.63577e-03
T8    4.38679e-01   6.96005e-03   3.03373e-02   2.64078e-02   5.36787e-03  -4.89262e-02   2.46557e-02   1.76874e-02  -5.62934e-03  -8.63127e-02  -9.23606e-04  -7.66253e-03   9.27399e-02  -3.28807e-02  -2.48467e-02  -3.43072e-03   8.33680e-03   1.03437e-02  -3.97053e-02  -1.98928e-02   2.56989e-03
T9    8.69942e-01  -1.19247e-03   1.06659e-02  -8.13411e-03   7.73060e-03  -1.98776e-02   1.67883e-03  -1.09792e-02   3.54206e-03  -9.23606e-04  -8.23339e-02  -3.35154e-02  -3.27769e-02  -1.65570e-02  -3.31064e-02   1.91101e-02  -7.95935e-03  -1.21481e-02   1.33617e-02  -1.36761e-02  -3.65899e-02
T10    1.61958e-01  -1.60366e-02  -1.61930e-02   2.34230e-02   1.69527e-02  -1.88938e-02  -1.40978e-02  -5.73212e-03   1.62947e-02  -7.66253e-03  -3.35154e-02  -6.20071e-02   4.66107e-03  -7.35516e-03  -3.11108e-02   5.38709e-03  -4.24042e-03  -8.48542e-04  -7.70072e-03  -2.35709e-03  -3.02560e-02
T11   -1.78661e+00   4.08799e-02   1.56361e-01   3.06573e-02   3.40180e-03   9.16484e-03   9.21912e-02   9.53072e-03   4.38367e-02   9.27399e-02  -3.27769e-02   4.66107e-03   3.34019e-02  -1.35455e-02  -1.44056e-02   6.00612e-02   4.90741e-02   5.00038e-02   1.87923e-02  -1.14718e-02   5.84403e-04
T12    1.86740e+00  -5.62442e-03  -1.84180e-02  -7.02895e-03   1.98306e-03  -3.57385e-02  -1.48961e-02   3.48162e-04  -9.23166e-03  -3.28807e-02  -1.65570e-02  -7.35516e-03  -1.35455e-02  -2.03830e-01  -1.78545e-02  -8.65728e-03  -4.61259e-03  -3.45889e-03  -7.57524e-03  -2.51610e-03  -5.78421e-03
T13    1.21871e+00   4.15419e-03  -9.95077e-03  -4.47235e-03   9.28181e-03  -3.07874e-02  -7.25344e-03  -4.44358e-03   5.16876e-03  -2.48467e-02  -3.31064e-02  -3.11108e-02  -1.44056e-02  -1.78545e-02  -7.15098e-02  -3.50824e-03  -1.64213e-02  -9.58292e-03  -3.47433e-02  -3.71294e-02  -2.44378e-02
T14   -5.90385e-01   2.43047e-03   5.46161e-03   2.77265e-02   2.25695e-02  -9.20740e-03   1.87746e-02   4.14578e-02  -7.40502e-03  -3.43072e-03   1.91101e-02   5.38709e-03   6.00612e-02  -8.65728e-03  -3.50824e-03  -3.92880e-02   2.62597e-02   1.20334e-02  -3.78469e-02  -1.63714e-02   3.02173e-03
T15   -6.18477e-01   8.50708e-03   3.52942e-02  -8.30703e-03   2.70309e-02  -2.46155e-02   1.53404e-02   5.24320e-02  -3.49646e-03   8.33680e-03  -7.95935e-03  -4.24042e-03   4.90741e-02  -4.61259e-03  -1.64213e-02   2.62597e-02  -3.42128e-02  -8.91958e-03  -1.27293e-02  -8.65747e-03  -1.34386e-03
T16   -3.84490e-01  -3.06310e-03   4.11023e-02  -9.79195e-05   1.79671e-02  -8.70570e-04   1.78055e-02   4.62620e-02  -7.19824e-03   1.03437e-02  -1.21481e-02  -8.48542e-04   5.00038e-02  -3.45889e-03  -9.58292e-03   1.20334e-02  -8.91958e-03  -3.70088e-02  -7.69342e-03  -7.83905e-03  -1.76799e-02
T17    1.97441e+00   1.36378e-03  -2.04899e-02  -3.76473e-03  -1.45576e-02  -3.17214e-02  -3.26878e-02  -4.61808e-03  -6.54636e-03  -3.97053e-02   1.33617e-02  -7.70072e-03   1.87923e-02  -7.57524e-03  -3.47433e-02  -3.78469e-02  -1.27293e-02  -7.69342e-03  -1.49138e-01  -4.18104e-02   3.32637e-03
T18    7.69066e-01   1.29996e-02   5.32021e-03  -2.44498e-02  -7.78696e-03  -9.59813e-03  -6.07373e-03  -1.97514e-03   2.62206e-03  -1.98928e-02  -1.36761e-02  -2.35709e-03  -1.14718e-02  -2.51610e-03  -3.71294e-02  -1.63714e-02  -8.65747e-03  -7.83905e-03  -4.18104e-02  -5.64691e-02   9.57147e-04
T19    4.20958e-01  -1.77123e-02  -1.09945e-03   1.98476e-02   1.25830e-02  -1.94806e-02   1.07751e-02   7.30953e-03  -9.63577e-03   2.56989e-03  -3.65899e-02  -3.02560e-02   5.84403e-04  -5.78421e-03  -2.44378e-02   3.02173e-03  -1.34386e-03  -1.76799e-02   3.32637e-03   9.57147e-04  -6.08331e-02
