T0   -2.29771e-01  -7.55591e-01   2.64044e-01   1.57952e-01   3.77530e-01  -8.70863e-01   8.53106e-02   3.81860e-01  -1.76669e-01  -1.03658e-01  -8.63977e-01  -9.14142e-01   5.98181e-01  -8.03726e-01  -6.83185e-01  -2.05316e-01  -1.01256e-01  -2.98753e-01  -3.89091e-01  -5.37679e-01  -9.72061e-01
T1   -3.49119e-01   2.64044e-01   5.28933e-01   3.58365e-01  -5.95157e-01  -5.90977e-02   2.36547e-01  -5.56545e-01   2.81666e-01   1.35441e-01   3.17637e-01   2.36869e-01   1.47364e+00   1.55018e-01  -3.09022e-02   4.00815e-01   2.95412e-01   3.36918e-01  -6.05056e-01  -2.91112e-01   2.38196e-01
T2   -2.44617e-01   1.57952e-01   3.58365e-01  -3.94970e-01   1.99732e-02  -7.70836e-02   1.01465e-01   3.51161e-01  -5.28182e-02   2.31743e-01   4.58138e-01   5.16707e-01   4.06500e-01   1.42797e-01   3.95205e-01   2.88796e-01  -1.62897e-01  -5.77108e-02   1.81487e-01   1.98581e-01   4.09825e-01
T3   -6.70669e-01   3.77530e-01  -5.95157e-01   1.99732e-02   9.91146e-01   2.70376e-01   5.51507e-01   1.47578e+00   1.48779e-01  -4.43207e-01   8.56855e-01   8.57744e-01  -3.35479e-01   6.38013e-01   9.96543e-01   6.07058e-01  -1.47452e-01   2.56731e-02   1.10658e+00   6.64407e-01   6.97727e-01
T4    2.16679e+00  -8.70863e-01  -5.90977e-02  -7.70836e-02   2.70376e-01  -3.25588e+00  -1.39761e-01   2.38440e-01  -5.10870e-01  -6.74314e-01  -8.77879e-01  -8.58076e-01   2.06573e-01  -1.02126e+00  -8.04665e-01  -5.27168e-01  -3.73685e-01  -3.40139e-01  -8.23798e-01  -4.95469e-01  -9.63068e-01
T5   -1.60041e-01   8.53106e-02   2.36547e-01   1.01465e-01   5.51507e-01  -1.39761e-01   2.23664e-01   7.60069e-01   1.92489e-01   2.08649e-01   2.59144e-01   3.01636e-01   5.27269e-01   4.23449e-02   2.42983e-01   2.23745e-01   4.14460e-03   1.95958e-03   5.56982e-03   1.39420e-01   1.40206e-01
T6   -8.19616e-01   3.81860e-01  -5.56545e-01   3.51161e-01   1.47578e+00   2.38440e-01   7.60069e-01   1.57991e+00   4.56873e-01  -6.78567e-02   5.21924e-01   6.92020e-01  -3.05338e-01   5.24882e-01   7.40313e-01   5.40593e-01   3.87985e-02   1.60657e-01   7.97928e-01   5.48478e-01   3.96172e-01
T7   -5.85545e-01  -1.76669e-01   2.81666e-01  -5.28182e-02   1.48779e-01  -5.10870e-01   1.92489e-01   4.56873e-01  -2.93325e-01   5.69634e-02   4.35703e-02   5.43039e-02   5.57830e-01  -2.79164e-01  -1.49155e-01   5.61059e-02  -8.29076e-02  -8.35121e-02  -1.99729e-01  -2.13942e-01  -1.34582e-01
T8    6.08647e-01  -1.03658e-01   1.35441e-01   2.31743e-01  -4.43207e-01  -6.74314e-01   2.08649e-01  -6.78567e-02   5.69634e-02  -4.71699e-01   6.30937e-02   2.89559e-02   5.76224e-01  -2.02960e-01  -2.05957e-01  -5.65556e-02  -3.52302e-01  -1.07554e-01  -4.34879e-01  -3.31276e-01   1.26553e-02
T9   -7.31130e-02  -8.63977e-01   3.17637e-01   4.58138e-01   8.56855e-01  -8.77879e-01   2.59144e-01   5.21924e-01   4.35703e-02   6.30937e-02  -9.04370e-01  -4.84688e-01   8.36658e-01  -6.32020e-01  -6.19927e-01   3.38636e-01   7.99235e-02   8.11727e-02  -4.03767e-01  -4.81957e-01  -8.51154e-01
T10   -7.09492e-01  -9.14142e-01   2.36869e-01   5.16707e-01   8.57744e-01  -8.58076e-01   3.01636e-01   6.92020e-01   5.43039e-02   2.89559e-02  -4.84688e-01  -2.33162e-01   1.06744e+00  -4.28857e-01  -5.64362e-01   3.35175e-01   1.08131e-01   2.81019e-01  -5.40789e-01  -4.28938e-01  -6.10703e-01
T11   -7.20442e-01   5.98181e-01   1.47364e+00   4.06500e-01  -3.35479e-01   2.06573e-01   5.27269e-01  -3.05338e-01   5.57830e-01   5.76224e-01   8.36658e-01   1.06744e+00   1.98042e+00   5.78615e-01   3.40234e-01   1.18995e+00   3.79833e-01   5.09577e-01  -2.04033e-01  -2.24906e-01   6.98079e-01
T12    1.21540e+00  -8.03726e-01   1.55018e-01   1.42797e-01   6.38013e-01  -1.02126e+00   4.23449e-02   5.24882e-01  -2.79164e-01  -2.02960e-01  -6.32020e-01  -4.28857e-01   5.78615e-01  -1.19539e+00  -7.26810e-01  -2.10568e-01  -8.31057e-02   4.81605e-03  -7.03602e-01  -5.56827e-01  -6.85962e-01
T13    2.01951e-01  -6.83185e-01  -3.09022e-02   3.95205e-01   9.96543e-01  -8.04665e-01   2.42983e-01   7.40313e-01  -1.49155e-01  -2.05957e-01  -6.19927e-01  -5.64362e-01   3.40234e-01  -7.26810e-01  -6.04222e-01  -3.00839e-01   1.22310e-01   3.89672e-01  -3.78197e-01  -2.86988e-01  -5.98565e-01
T14   -2.71234e-01  -2.05316e-01   4.00815e-01   2.88796e-01   6.07058e-01  -5.27168e-01   2.23745e-01   5.40593e-01   5.61059e-02  -5.65556e-02   3.38636e-01   3.35175e-01   1.18995e+00  -2.10568e-01  -3.00839e-01   1.86843e-01   1.04326e-01   2.69528e-01  -8.26732e-01  -6.15443e-01   1.20036e-01
T15   -3.88983e-01  -1.01256e-01   2.95412e-01  -1.62897e-01  -1.47452e-01  -3.73685e-01   4.14460e-03   3.87985e-02  -8.29076e-02  -3.52302e-01   7.99235e-02   1.08131e-01   3.79833e-01  -8.31057e-02   1.22310e-01   1.04326e-01  -2.62350e-01  -1.85832e-01   3.21740e-02   2.11137e-02  -8.20079e-02
T16   -3.67026e-01  -2.98753e-01   3.36918e-01  -5.77108e-02   2.56731e-02  -3.40139e-01   1.95958e-03   1.60657e-01  -8.35121e-02  -1.07554e-01   8.11727e-02   2.81019e-01   5.09577e-01   4.81605e-03   3.89672e-01   2.69528e-01  -1.85832e-01  -2.66933e-01   4.29839e-01   2.70681e-01  -1.08417e-01
T17    1.23044e+00  -3.89091e-01  -6.05056e-01   1.81487e-01   1.10658e+00  -8.23798e-01   5.56982e-03   7.97928e-01  -1.99729e-01  -4.34879e-01  -4.03767e-01  -5.40789e-01  -2.04033e-01  -7.03602e-01  -3.78197e-01  -8.26732e-01   3.21740e-02   4.29839e-01  -4.52000e-02  -1.40076e-01  -3.34513e-01
T18    3.22185e-01  -5.37679e-01  -2.91112e-01   1.98581e-01   6.64407e-01  -4.95469e-01   1.39420e-01   5.48478e-01  -2.13942e-01  -3.31276e-01  -4.81957e-01  -4.28938e-01  -2.24906e-01  -5.56827e-01  -2.86988e-01  -6.15443e-01   2.11137e-02   2.70681e-01  -1.40076e-01  -1.98772e-01  -4.36687e-01
T19   -1.55741e-01  -9.72061e-01   2.38196e-01   4.09825e-01   6.97727e-01  -9.63068e-01   1.40206e-01   3.96172e-01  -1.34582e-01   1.26553e-02  -8.51154e-01  -6.10703e-01   6.98079e-01  -6.85962e-01  -5.98565e-01   1.20036e-01  -8.20079e-02  -1.08417e-01  -3.34513e-01  -4.36687e-01  -9.94582e-01
