T0   -4.31239e-01  -9.29309e-02   2.00180e-02   6.59804e-02   4.45589e-02  -1.30224e-02   2.54398e-02   6.12389e-02  -2.23843e-02   2.05288e-02  -3.94910e-02  -5.85834e-02   9.94495e-02  -3.97728e-02  -3.01860e-02   1.67111e-02   2.73578e-02   2.78327e-03  -2.53641e-02   2.03063e-05  -5.87763e-02
T1   -1.07537e+00   2.00180e-02   7.95123e-02   8.60632e-02  -1.00995e-01   3.88288e-03   7.82347e-02  -8.69004e-02   1.95160e-02   4.44551e-02   6.75043e-02   2.67337e-02   2.85482e-01   2.14795e-02   2.69872e-02   4.96518e-03   4.36166e-02   6.63510e-02  -5.90399e-03   2.66790e-02   3.34342e-02
T2   -7.88434e-01   6.59804e-02   8.60632e-02  -9.47476e-02   2.28228e-02   1.22777e-02   3.23734e-02   9.45950e-02  -6.39906e-03   2.65563e-02   2.01089e-02   6.78834e-02   4.21084e-02  -1.29500e-03   1.32027e-02   3.89452e-02  -1.52121e-02   2.71254e-03  -2.11106e-04  -2.80029e-02   5.67896e-02
T3   -1.36632e+00   4.45589e-02  -1.00995e-01   2.28228e-02   9.78388e-02   5.40232e-02   8.14012e-02   1.73020e-01   5.26582e-04  -3.44474e-02   5.80028e-02   7.04686e-02  -4.44887e-02   4.02899e-02   5.51777e-02   4.13378e-02   4.05766e-02   3.71422e-02   2.60539e-03   1.65686e-03   6.22411e-02
T4    2.46550e+00  -1.30224e-02   3.88288e-03   1.22777e-02   5.40232e-02  -5.52900e-01  -1.43449e-03   6.38569e-02  -1.97140e-02  -6.79213e-02  -7.04075e-02  -7.03778e-02   3.07365e-02  -1.00976e-01  -1.03815e-01  -2.58639e-02  -4.41455e-02  -1.19836e-02  -8.83592e-02  -5.19813e-02  -7.29786e-02
T5   -8.74748e-01   2.54398e-02   7.82347e-02   3.23734e-02   8.14012e-02  -1.43449e-03  -1.27014e-02   1.28955e-01   4.59152e-02   4.28604e-02   3.47341e-02   7.89974e-03   1.46761e-01  -4.48842e-03   1.32165e-02   2.60944e-02   2.31564e-02   2.89175e-02  -3.65225e-02  -2.14046e-03   4.03764e-02
T6   -1.78953e+00   6.12389e-02  -8.69004e-02   9.45950e-02   1.73020e-01   6.38569e-02   1.28955e-01   1.42110e-01   6.72662e-02   7.07193e-03   3.28688e-02   3.98135e-02  -2.96931e-02   2.97296e-02   3.76598e-02   8.58651e-02   8.84707e-02   8.90886e-02   2.05511e-02   9.59716e-03   5.03619e-02
T7   -6.70608e-01  -2.23843e-02   1.95160e-02  -6.39906e-03   5.26582e-04  -1.97140e-02   4.59152e-02   6.72662e-02  -7.73995e-02  -2.29856e-02   1.86086e-02   2.78418e-02   8.03409e-02  -1.84817e-02   6.43141e-03  -1.45417e-02  -9.73463e-03  -1.04931e-02  -9.44702e-03   4.51577e-03  -4.73239e-03
T8    3.55293e-01   2.05288e-02   4.44551e-02   2.65563e-02  -3.44474e-02  -6.79213e-02   4.28604e-02   7.07193e-03  -2.29856e-02  -1.68478e-01   2.95105e-02   1.93940e-02   1.55275e-01  -3.30322e-02  -2.58154e-02   3.39871e-03  -8.61613e-03   8.68845e-03  -6.40814e-02  -2.77521e-02   2.46056e-02
T9    9.68023e-01  -3.94910e-02   6.75043e-02   2.01089e-02   5.80028e-02  -7.04075e-02   3.47341e-02   3.28688e-02   1.86086e-02   2.95105e-02  -1.97832e-01  -1.21857e-01   2.58343e-03  -7.92425e-02  -1.21566e-01   4.47449e-02  -3.80431e-03  -2.86652e-02  -3.42360e-02  -6.07272e-02  -1.21492e-01
T10    2.43171e-01  -5.85834e-02   2.67337e-02   6.78834e-02   7.04686e-02  -7.03778e-02   7.89974e-03   3.98135e-02   2.78418e-02   1.93940e-02  -1.21857e-01  -1.58027e-01   6.56107e-02  -6.07804e-02  -1.08997e-01   2.35087e-02   6.47754e-03  -6.36576e-03  -6.49683e-02  -3.20974e-02  -1.04838e-01
T11   -1.80011e+00   9.94495e-02   2.85482e-01   4.21084e-02  -4.44887e-02   3.07365e-02   1.46761e-01  -2.96931e-02   8.03409e-02   1.55275e-01   2.58343e-03   6.56107e-02   1.06786e-01   4.33288e-02   2.96449e-02   1.16234e-01   7.62965e-02   9.12311e-02   7.59118e-02   1.73400e-03   3.99696e-02
T12    1.87364e+00  -3.97728e-02   2.14795e-02  -1.29500e-03   4.02899e-02  -1.00976e-01  -4.48842e-03   2.97296e-02  -1.84817e-02  -3.30322e-02  -7.92425e-02  -6.07804e-02   4.33288e-02  -3.22767e-01  -9.14432e-02   1.25145e-03  -9.06046e-03  -1.32255e-02  -5.74185e-02  -4.99524e-02  -5.80827e-02
T13    1.30680e+00  -3.01860e-02   2.69872e-02   1.32027e-02   5.51777e-02  -1.03815e-01   1.32165e-02   3.76598e-02   6.43141e-03  -2.58154e-02  -1.21566e-01  -1.08997e-01   2.96449e-02  -9.14432e-02  -1.72959e-01   1.30487e-02  -2.11147e-02  -2.10675e-02  -1.17097e-01  -9.97428e-02  -9.07576e-02
T14   -6.56518e-01   1.67111e-02   4.96518e-03   3.89452e-02   4.13378e-02  -2.58639e-02   2.60944e-02   8.58651e-02  -1.45417e-02   3.39871e-03   4.47449e-02   2.35087e-02   1.16234e-01   1.25145e-03   1.30487e-02  -6.70880e-02   3.94697e-02   3.08312e-02  -6.73913e-02  -4.20247e-02   1.67422e-02
T15   -7.08028e-01   2.73578e-02   4.36166e-02  -1.52121e-02   4.05766e-02  -4.41455e-02   2.31564e-02   8.84707e-02  -9.73463e-03  -8.61613e-03  -3.80431e-03   6.47754e-03   7.62965e-02  -9.06046e-03  -2.11147e-02   3.94697e-02  -3.98619e-02  -5.00868e-03  -2.00660e-02  -1.32487e-02   1.01802e-02
T16   -4.59097e-01   2.78327e-03   6.63510e-02   2.71254e-03   3.71422e-02  -1.19836e-02   2.89175e-02   8.90886e-02  -1.04931e-02   8.68845e-03  -2.86652e-02  -6.36576e-03   9.12311e-02  -1.32255e-02  -2.10675e-02   3.08312e-02  -5.00868e-03  -4.47575e-02  -1.40446e-02  -1.67209e-02  -3.42274e-02
T17    2.07124e+00  -2.53641e-02  -5.90399e-03  -2.11106e-04   2.60539e-03  -8.83592e-02  -3.65225e-02   2.05511e-02  -9.44702e-03  -6.40814e-02  -3.42360e-02  -6.49683e-02   7.59118e-02  -5.74185e-02  -1.17097e-01  -6.73913e-02  -2.00660e-02  -1.40446e-02  -2.60925e-01  -9.39432e-02  -4.43513e-02
T18    8.15686e-01   2.03063e-05   2.66790e-02  -2.80029e-02   1.65686e-03  -5.19813e-02  -2.14046e-03   9.59716e-03   4.51577e-03  -2.77521e-02  -6.07272e-02  -3.20974e-02   1.73400e-03  -4.99524e-02  -9.97428e-02  -4.20247e-02  -1.32487e-02  -1.67209e-02  -9.39432e-02  -9.37787e-02  -3.46972e-02
T19    5.20652e-01  -5.87763e-02   3.34342e-02   5.67896e-02   6.22411e-02  -7.29786e-02   4.03764e-02   5.03619e-02  -4.73239e-03   2.46056e-02  -1.21492e-01  -1.04838e-01   3.99696e-02  -5.80827e-02  -9.07576e-02   1.67422e-02   1.01802e-02  -3.42274e-02  -4.43513e-02  -3.46972e-02  -1.47647e-01
