T0   -3.19874e-01  -1.55104e+00  -1.22462e-01  -2.19348e-01   5.45244e-02  -1.39457e+00  -2.04364e-01   6.05467e-02  -7.81439e-01  -4.97874e-01  -1.01049e+00  -8.53536e-01   4.90192e-01  -1.03917e+00  -9.48121e-01  -5.07762e-01  -6.93809e-01  -5.54826e-01  -8.52796e-01  -8.52161e-01  -1.19122e+00
T1   -1.86364e-01  -1.22462e-01   2.44549e-01   1.23781e-01  -1.11617e+00  -2.94422e-01   1.37635e-01  -5.88465e-01   1.26416e-01  -2.95280e-01   5.34312e-01   6.44797e-01   1.61783e+00   2.32983e-01  -3.51275e-01   3.29581e-01  -1.51479e-01   1.64864e-01  -1.18646e+00  -7.50353e-01   3.05481e-01
T2   -7.83691e-02  -2.19348e-01   1.23781e-01  -3.45156e-01  -6.11847e-02  -2.75342e-01   1.73629e-01   5.17567e-01  -4.54406e-01   2.13142e-01   5.90445e-01   7.60058e-01   3.25584e-01   1.12358e-01   2.47934e-01   2.76862e-01  -6.76107e-01  -2.86674e-01  -1.83327e-01  -9.97846e-03   5.23211e-01
T3   -4.12378e-01   5.45244e-02  -1.11617e+00  -6.11847e-02   7.27913e-01   6.09081e-02   6.65483e-01   1.33731e+00  -3.32948e-01  -1.55039e-01   1.04132e+00   1.22469e+00  -4.51191e-01   5.57608e-01   1.21781e+00   5.69943e-01  -8.08295e-01  -4.17731e-01   1.53845e+00   1.29564e+00   7.93702e-01
T4    1.82647e+00  -1.39457e+00  -2.94422e-01  -2.75342e-01   6.09081e-02  -4.49140e+00  -2.58714e-01   1.44278e-01  -9.45302e-01  -8.14147e-01  -6.99084e-01  -3.14097e-01   4.10577e-01  -1.11661e+00  -1.07437e+00  -4.81158e-01  -7.81090e-01  -4.79911e-01  -1.32912e+00  -7.74359e-01  -8.60175e-01
T5   -4.58730e-03  -2.04364e-01   1.37635e-01   1.73629e-01   6.65483e-01  -2.58714e-01   4.65152e-01   9.61487e-01  -8.10943e-02   1.05339e-01   5.38944e-01   8.98457e-01   6.39059e-01   2.01111e-01   1.10651e-01   3.29338e-01  -3.79933e-01  -9.44390e-02  -4.52087e-01  -4.30201e-02   3.70572e-01
T6   -5.92899e-01   6.05467e-02  -5.88465e-01   5.17567e-01   1.33731e+00   1.44278e-01   9.61487e-01   1.74727e+00   8.58599e-02   5.47553e-01   7.46656e-01   1.28674e+00  -2.97153e-01   5.77766e-01   7.57499e-01   5.57109e-01  -5.55667e-01  -8.57743e-02   7.85438e-01   8.10916e-01   5.51326e-01
T7   -4.42170e-01  -7.81439e-01   1.26416e-01  -4.54406e-01  -3.32948e-01  -9.45302e-01  -8.10943e-02   8.58599e-02  -7.47398e-01  -3.34128e-01   2.32054e-01   3.21588e-01   6.03110e-01  -4.84610e-01  -5.56505e-01  -1.37062e-01  -6.72990e-01  -3.43941e-01  -7.71346e-01  -6.48179e-01  -5.15970e-02
T8    6.31884e-01  -4.97874e-01  -2.95280e-01   2.13142e-01  -1.55039e-01  -8.14147e-01   1.05339e-01   5.47553e-01  -3.34128e-01  -6.19644e-01  -8.54853e-02   1.08788e-01   3.90441e-01  -2.40505e-01  -2.23658e-01  -3.02072e-01  -7.14532e-01  -1.53567e-01  -8.63644e-01  -5.67298e-01  -1.83164e-01
T9   -3.73806e-01  -1.01049e+00   5.34312e-01   5.90445e-01   1.04132e+00  -6.99084e-01   5.38944e-01   7.46656e-01   2.32054e-01  -8.54853e-02   1.34018e-01   1.22452e+00   1.96377e+00   2.17283e-01  -6.24574e-01   1.21923e+00   5.89322e-02   4.61611e-01  -6.70231e-01  -6.08740e-01  -8.97129e-02
T10   -9.50228e-01  -8.53536e-01   6.44797e-01   7.60058e-01   1.22469e+00  -3.14097e-01   8.98457e-01   1.28674e+00   3.21588e-01   1.08788e-01   1.22452e+00   2.14318e+00   2.57267e+00   9.40294e-01  -4.41613e-01   1.91783e+00   2.21947e-01   8.70321e-01  -8.18604e-01  -4.02716e-01   5.82692e-01
T11   -4.76056e-01   4.90192e-01   1.61783e+00   3.25584e-01  -4.51191e-01   4.10577e-01   6.39059e-01  -2.97153e-01   6.03110e-01   3.90441e-01   1.96377e+00   2.57267e+00   2.79635e+00   1.39817e+00   1.43419e-01   2.03396e+00   1.06882e-01   5.23216e-01  -7.98883e-01  -5.29587e-01   1.37252e+00
T12    9.30283e-01  -1.03917e+00   2.32983e-01   1.12358e-01   5.57608e-01  -1.11661e+00   2.01111e-01   5.77766e-01  -4.84610e-01  -2.40505e-01   2.17283e-01   9.40294e-01   1.39817e+00  -7.16940e-01  -7.85581e-01   3.92726e-01  -1.67490e-01   7.19747e-02  -1.01989e+00  -7.10004e-01  -1.67991e-01
T13    9.90335e-02  -9.48121e-01  -3.51275e-01   2.47934e-01   1.21781e+00  -1.07437e+00   1.10651e-01   7.57499e-01  -5.56505e-01  -2.23658e-01  -6.24574e-01  -4.41613e-01   1.43419e-01  -7.85581e-01   3.51916e-02  -6.04389e-01   2.11703e-01   5.88403e-01   5.85609e-02   2.06110e-01  -7.52793e-01
T14   -1.80428e-01  -5.07762e-01   3.29581e-01   2.76862e-01   5.69943e-01  -4.81158e-01   3.29338e-01   5.57109e-01  -1.37062e-01  -3.02072e-01   1.21923e+00   1.91783e+00   2.03396e+00   3.92726e-01  -6.04389e-01   9.61689e-01  -1.54846e-01   4.30074e-01  -1.36209e+00  -9.93773e-01   7.60833e-01
T15   -2.19458e-01  -6.93809e-01  -1.51479e-01  -6.76107e-01  -8.08295e-01  -7.81090e-01  -3.79933e-01  -5.55667e-01  -6.72990e-01  -7.14532e-01   5.89322e-02   2.21947e-01   1.06882e-01  -1.67490e-01   2.11703e-01  -1.54846e-01  -8.20878e-01  -5.81424e-01  -6.98203e-02   1.95154e-01  -1.96206e-01
T16   -2.84083e-01  -5.54826e-01   1.64864e-01  -2.86674e-01  -4.17731e-01  -4.79911e-01  -9.44390e-02  -8.57743e-02  -3.43941e-01  -1.53567e-01   4.61611e-01   8.70321e-01   5.23216e-01   7.19747e-02   5.88403e-01   4.30074e-01  -5.81424e-01  -5.63938e-01   3.84320e-01   3.74945e-01   1.04692e-01
T17    1.26807e+00  -8.52796e-01  -1.18646e+00  -1.83327e-01   1.53845e+00  -1.32912e+00  -4.52087e-01   7.85438e-01  -7.71346e-01  -8.63644e-01  -6.70231e-01  -8.18604e-01  -7.98883e-01  -1.01989e+00   5.85609e-02  -1.36209e+00  -6.98203e-02   3.84320e-01   5.51242e-01   3.04797e-01  -6.98230e-01
T18    2.61893e-01  -8.52161e-01  -7.50353e-01  -9.97846e-03   1.29564e+00  -7.74359e-01  -4.30201e-02   8.10916e-01  -6.48179e-01  -5.67298e-01  -6.08740e-01  -4.02716e-01  -5.29587e-01  -7.10004e-01   2.06110e-01  -9.93773e-01   1.95154e-01   3.74945e-01   3.04797e-01   2.40351e-01  -6.44285e-01
T19   -4.96935e-01  -1.19122e+00   3.05481e-01   5.23211e-01   7.93702e-01  -8.60175e-01   3.70572e-01   5.51326e-01  -5.15970e-02  -1.83164e-01  -8.97129e-02   5.82692e-01   1.37252e+00  -1.67991e-01  -7.52793e-01   7.60833e-01  -1.96206e-01   1.04692e-01  -6.98230e-01  -6.44285e-01  -4.65860e-01
