T0   -3.92903e-01  -6.04070e-02   1.18682e-02   2.89860e-02   7.56236e-03   5.17867e-03   7.53626e-03   2.02632e-02  -2.03992e-02   9.07364e-03  -5.76600e-03  -2.20363e-02   5.07699e-02  -1.00056e-02   1.67307e-03   2.89681e-03   9.99278e-03  -3.16647e-03  -5.45204e-04   1.41273e-02  -2.35812e-02
T1   -1.07295e+00   1.18682e-02   3.12981e-02   6.94202e-02  -2.83003e-02  -9.63936e-04   6.12261e-02  -2.17300e-02   1.64021e-02   3.15364e-02   1.62746e-02  -1.48201e-02   1.73678e-01  -1.71897e-02  -1.04584e-02   5.13577e-03   4.06568e-02   4.85404e-02  -2.35799e-02   6.16862e-03   2.39790e-03
T2   -7.43359e-01   2.89860e-02   6.94202e-02  -6.28817e-02   1.87294e-02   1.11549e-02   2.08869e-02   6.42951e-02  -5.15783e-03   2.57228e-02  -5.11947e-03   2.83563e-02   3.49986e-02  -4.79201e-03  -1.82527e-03   2.86450e-02  -1.18031e-02  -2.86613e-04  -4.30616e-03  -2.51390e-02   2.51642e-02
T3   -1.33127e+00   7.56236e-03  -2.83003e-02   1.87294e-02   4.67653e-02   3.06112e-02   5.12971e-02   1.01909e-01   1.39707e-03   2.56501e-03   1.34129e-02   2.31962e-02   1.72550e-03   6.43647e-03   1.47940e-02   2.41648e-02   2.86579e-02   2.02831e-02  -1.30422e-02  -3.58417e-03   1.88268e-02
T4    2.25343e+00   5.17867e-03  -9.63936e-04   1.11549e-02   3.06112e-02  -3.61194e-01  -1.02726e-03   3.55052e-02  -2.10380e-03  -5.02614e-02  -2.80826e-02  -2.59999e-02   1.38039e-02  -4.60595e-02  -3.95698e-02  -9.22999e-03  -2.72488e-02  -3.05106e-03  -3.90630e-02  -1.51786e-02  -2.78903e-02
T5   -8.56626e-01   7.53626e-03   6.12261e-02   2.08869e-02   5.12971e-02  -1.02726e-03  -3.05535e-02   8.23060e-02   2.77523e-02   2.75381e-02   5.82796e-03  -1.29897e-02   1.01950e-01  -1.48770e-02  -6.99390e-03   1.94879e-02   1.71962e-02   2.07549e-02  -3.29292e-02  -6.50783e-03   1.61779e-02
T6   -1.78844e+00   2.02632e-02  -2.17300e-02   6.42951e-02   1.01909e-01   3.55052e-02   8.23060e-02   7.56548e-02   3.45545e-02   1.74764e-02  -6.61177e-03  -1.81644e-03   6.97027e-03   3.17569e-03  -1.70723e-03   4.69797e-02   5.93262e-02   5.47188e-02  -6.20981e-04  -7.26329e-04   1.37278e-02
T7   -5.62270e-01  -2.03992e-02   1.64021e-02  -5.15783e-03   1.39707e-03  -2.10380e-03   2.77523e-02   3.45545e-02  -5.13324e-02  -1.02811e-02   6.04195e-03   1.91238e-02   5.06156e-02  -1.00659e-02   6.52858e-03  -7.30628e-03  -5.41371e-03  -8.68515e-03  -4.72815e-03   4.82446e-03  -8.33552e-03
T8    4.06680e-01   9.07364e-03   3.15364e-02   2.57228e-02   2.56501e-03  -5.02614e-02   2.75381e-02   1.74764e-02  -1.02811e-02  -1.01455e-01   4.88455e-03  -4.05312e-03   1.02297e-01  -3.32571e-02  -2.64618e-02  -3.79056e-03   7.75134e-03   1.32965e-02  -4.38610e-02  -2.21111e-02   6.31014e-03
T9    9.28733e-01  -5.76600e-03   1.62746e-02  -5.11947e-03   1.34129e-02  -2.80826e-02   5.82796e-03  -6.61177e-03   6.04195e-03   4.88455e-03  -9.97759e-02  -4.58129e-02  -2.97091e-02  -2.53456e-02  -4.56489e-02   2.24697e-02  -7.20171e-03  -1.47030e-02   7.86109e-03  -2.04126e-02  -4.89044e-02
T10    2.22328e-01  -2.20363e-02  -1.48201e-02   2.83563e-02   2.31962e-02  -2.59999e-02  -1.29897e-02  -1.81644e-03   1.91238e-02  -4.05312e-03  -4.58129e-02  -7.50155e-02   9.69818e-03  -1.30094e-02  -4.12215e-02   7.50251e-03  -2.96499e-03  -2.09767e-03  -1.58228e-02  -6.65113e-03  -4.11892e-02
T11   -1.82536e+00   5.07699e-02   1.73678e-01   3.49986e-02   1.72550e-03   1.38039e-02   1.01950e-01   6.97027e-03   5.06156e-02   1.02297e-01  -2.97091e-02   9.69818e-03   4.11648e-02  -7.51309e-03  -1.31619e-02   6.75990e-02   5.55529e-02   5.91112e-02   2.38450e-02  -1.21144e-02   5.30060e-03
T12    1.89535e+00  -1.00056e-02  -1.71897e-02  -4.79201e-03   6.43647e-03  -4.60595e-02  -1.48770e-02   3.17569e-03  -1.00659e-02  -3.32571e-02  -2.53456e-02  -1.30094e-02  -7.51309e-03  -2.22471e-01  -2.91365e-02  -8.05902e-03  -5.43527e-03  -5.91638e-03  -1.61413e-02  -7.36143e-03  -1.20871e-02
T13    1.27436e+00   1.67307e-03  -1.04584e-02  -1.82527e-03   1.47940e-02  -3.95698e-02  -6.99390e-03  -1.70723e-03   6.52858e-03  -2.64618e-02  -4.56489e-02  -4.12215e-02  -1.31619e-02  -2.91365e-02  -8.55962e-02   2.75209e-04  -1.56898e-02  -1.18110e-02  -4.59706e-02  -4.74956e-02  -3.31174e-02
T14   -6.07471e-01   2.89681e-03   5.13577e-03   2.86450e-02   2.41648e-02  -9.22999e-03   1.94879e-02   4.69797e-02  -7.30628e-03  -3.79056e-03   2.24697e-02   7.50251e-03   6.75990e-02  -8.05902e-03   2.75209e-04  -4.66512e-02   2.63662e-02   1.49846e-02  -3.90145e-02  -1.80798e-02   6.12456e-03
T15   -6.50170e-01   9.99278e-03   4.06568e-02  -1.18031e-02   2.86579e-02  -2.72488e-02   1.71962e-02   5.93262e-02  -5.41371e-03   7.75134e-03  -7.20171e-03  -2.96499e-03   5.55529e-02  -5.43527e-03  -1.56898e-02   2.63662e-02  -3.67783e-02  -9.24750e-03  -1.12450e-02  -7.40636e-03   1.20290e-04
T16   -4.07910e-01  -3.16647e-03   4.85404e-02  -2.86613e-04   2.02831e-02  -3.05106e-03   2.07549e-02   5.47188e-02  -8.68515e-03   1.32965e-02  -1.47030e-02  -2.09767e-03   5.91112e-02  -5.91638e-03  -1.18110e-02   1.49846e-02  -9.24750e-03  -3.94447e-02  -7.72456e-03  -8.31113e-03  -2.09675e-02
T17    2.00640e+00  -5.45204e-04  -2.35799e-02  -4.30616e-03  -1.30422e-02  -3.90630e-02  -3.29292e-02  -6.20981e-04  -4.72815e-03  -4.38610e-02   7.86109e-03  -1.58228e-02   2.38450e-02  -1.61413e-02  -4.59706e-02  -3.90145e-02  -1.12450e-02  -7.72456e-03  -1.69722e-01  -5.10255e-02  -2.68752e-03
T18    7.84847e-01   1.41273e-02   6.16862e-03  -2.51390e-02  -3.58417e-03  -1.51786e-02  -6.50783e-03  -7.26329e-04   4.82446e-03  -2.21111e-02  -2.04126e-02  -6.65113e-03  -1.21144e-02  -7.36143e-03  -4.74956e-02  -1.80798e-02  -7.40636e-03  -8.31113e-03  -5.10255e-02  -6.66127e-02  -3.82044e-03
T19    4.66602e-01  -2.35812e-02   2.39790e-03   2.51642e-02   1.88268e-02  -2.78903e-02   1.61779e-02   1.37278e-02  -8.33552e-03   6.31014e-03  -4.89044e-02  -4.11892e-02   5.30060e-03  -1.20871e-02  -3.31174e-02   6.12456e-03   1.20290e-04  -2.09675e-02  -2.68752e-03  -3.82044e-03  -7.41489e-02
