T0   -3.96646e-01  -6.35857e-02   1.39112e-02   3.12494e-02   9.39078e-03   4.07239e-03   1.03274e-02   2.45371e-02  -2.09661e-02   1.10453e-02  -8.68006e-03  -2.54093e-02   5.66017e-02  -1.31314e-02   3.19575e-04   3.74893e-03   1.04185e-02  -3.34793e-03  -2.27599e-03   1.38336e-02  -2.68260e-02
T1   -1.07651e+00   1.39112e-02   3.31439e-02   7.23698e-02  -3.26254e-02   5.69401e-04   6.27723e-02  -2.65206e-02   1.81217e-02   3.16627e-02   1.98732e-02  -1.30250e-02   1.81700e-01  -1.42297e-02  -9.50558e-03   6.10621e-03   4.33822e-02   5.10745e-02  -2.46819e-02   4.88166e-03   4.52292e-03
T2   -7.58246e-01   3.12494e-02   7.23698e-02  -6.47677e-02   1.86917e-02   1.18329e-02   2.20449e-02   6.76770e-02  -5.52682e-03   2.57407e-02  -3.10012e-03   3.12394e-02   3.56890e-02  -2.92791e-03  -1.08971e-03   2.94348e-02  -1.25502e-02  -3.13951e-04  -3.33514e-03  -2.47538e-02   2.87098e-02
T3   -1.34787e+00   9.39078e-03  -3.26254e-02   1.86917e-02   4.95874e-02   3.46381e-02   5.42219e-02   1.08329e-01   1.63275e-04  -1.18616e-03   1.72501e-02   2.68050e-02  -7.47186e-05   9.48272e-03   1.81243e-02   2.47854e-02   2.97074e-02   2.17372e-02  -1.19776e-02  -1.87943e-03   2.39569e-02
T4    2.27972e+00   4.07239e-03   5.69401e-04   1.18329e-02   3.46381e-02  -3.78639e-01  -8.99482e-04   3.85551e-02  -3.66303e-03  -5.18778e-02  -3.19847e-02  -2.98811e-02   1.60590e-02  -5.02340e-02  -4.50685e-02  -9.95672e-03  -2.88472e-02  -3.70555e-03  -4.48030e-02  -1.73320e-02  -3.16933e-02
T5   -8.67748e-01   1.03274e-02   6.27723e-02   2.20449e-02   5.42219e-02  -8.99482e-04  -2.90805e-02   8.62834e-02   2.93347e-02   2.99934e-02   7.27861e-03  -1.22862e-02   1.06866e-01  -1.63396e-02  -6.72275e-03   1.97172e-02   1.92747e-02   2.22075e-02  -3.32370e-02  -7.08622e-03   1.88678e-02
T6   -1.80187e+00   2.45371e-02  -2.65206e-02   6.76770e-02   1.08329e-01   3.85551e-02   8.62834e-02   8.20429e-02   3.69643e-02   1.50033e-02  -3.61503e-03   1.11198e-03   4.83484e-03   4.24165e-03  -4.66678e-04   5.01296e-02   6.31982e-02   5.89543e-02  -3.24001e-04   4.44745e-04   1.60504e-02
T7   -5.73776e-01  -2.09661e-02   1.81217e-02  -5.52682e-03   1.63275e-04  -3.66303e-03   2.93347e-02   3.69643e-02  -5.39863e-02  -1.16025e-02   7.25966e-03   1.96150e-02   5.47474e-02  -1.01653e-02   7.43200e-03  -8.71178e-03  -6.74536e-03  -9.92857e-03  -3.96636e-03   6.35836e-03  -8.26851e-03
T8    3.96467e-01   1.10453e-02   3.16627e-02   2.57407e-02  -1.18616e-03  -5.18778e-02   2.99934e-02   1.50033e-02  -1.16025e-02  -1.06653e-01   6.75086e-03  -2.41821e-03   1.08313e-01  -3.34006e-02  -2.71852e-02  -3.27209e-03   8.32691e-03   1.38835e-02  -4.60871e-02  -2.25451e-02   7.55737e-03
T9    9.47063e-01  -8.68006e-03   1.98732e-02  -3.10012e-03   1.72501e-02  -3.19847e-02   7.27861e-03  -3.61503e-03   7.25966e-03   6.75086e-03  -1.08899e-01  -5.17211e-02  -2.78642e-02  -3.04205e-02  -5.22167e-02   2.40906e-02  -7.16225e-03  -1.56604e-02   5.66696e-03  -2.41673e-02  -5.52576e-02
T10    2.39424e-01  -2.54093e-02  -1.30250e-02   3.12394e-02   2.68050e-02  -2.98811e-02  -1.22862e-02   1.11198e-03   1.96150e-02  -2.41821e-03  -5.17211e-02  -8.15420e-02   1.28322e-02  -1.61702e-02  -4.69301e-02   9.33186e-03  -2.52491e-03  -2.86546e-03  -1.96697e-02  -9.01667e-03  -4.66644e-02
T11   -1.83657e+00   5.66017e-02   1.81700e-01   3.56890e-02  -7.47186e-05   1.60590e-02   1.06866e-01   4.83484e-03   5.47474e-02   1.08313e-01  -2.78642e-02   1.28322e-02   4.73082e-02  -4.90022e-03  -1.15987e-02   7.16787e-02   5.84318e-02   6.28014e-02   2.59240e-02  -1.31465e-02   8.17084e-03
T12    1.90144e+00  -1.31314e-02  -1.42297e-02  -2.92791e-03   9.48272e-03  -5.02340e-02  -1.63396e-02   4.24165e-03  -1.01653e-02  -3.34006e-02  -3.04205e-02  -1.61702e-02  -4.90022e-03  -2.32155e-01  -3.35909e-02  -7.91324e-03  -6.15533e-03  -6.51299e-03  -1.91528e-02  -1.15603e-02  -1.51579e-02
T13    1.29484e+00   3.19575e-04  -9.50558e-03  -1.08971e-03   1.81243e-02  -4.50685e-02  -6.72275e-03  -4.66678e-04   7.43200e-03  -2.71852e-02  -5.22167e-02  -4.69301e-02  -1.15987e-02  -3.35909e-02  -9.25631e-02   5.75932e-04  -1.45911e-02  -1.29211e-02  -5.22129e-02  -5.27708e-02  -3.82880e-02
T14   -6.14878e-01   3.74893e-03   6.10621e-03   2.94348e-02   2.47854e-02  -9.95672e-03   1.97172e-02   5.01296e-02  -8.71178e-03  -3.27209e-03   2.40906e-02   9.33186e-03   7.16787e-02  -7.91324e-03   5.75932e-04  -4.95654e-02   2.70828e-02   1.63596e-02  -4.09240e-02  -1.79033e-02   7.23835e-03
T15   -6.64911e-01   1.04185e-02   4.33822e-02  -1.25502e-02   2.97074e-02  -2.88472e-02   1.92747e-02   6.31982e-02  -6.74536e-03   8.32691e-03  -7.16225e-03  -2.52491e-03   5.84318e-02  -6.15533e-03  -1.45911e-02   2.70828e-02  -3.76602e-02  -9.01645e-03  -1.13273e-02  -7.80177e-03   1.02323e-03
T16   -4.17806e-01  -3.34793e-03   5.10745e-02  -3.13951e-04   2.17372e-02  -3.70555e-03   2.22075e-02   5.89543e-02  -9.92857e-03   1.38835e-02  -1.56604e-02  -2.86546e-03   6.28014e-02  -6.51299e-03  -1.29211e-02   1.63596e-02  -9.01645e-03  -3.89540e-02  -6.55394e-03  -8.31838e-03  -2.26832e-02
T17    2.02174e+00  -2.27599e-03  -2.46819e-02  -3.33514e-03  -1.19776e-02  -4.48030e-02  -3.32370e-02  -3.24001e-04  -3.96636e-03  -4.60871e-02   5.66696e-03  -1.96697e-02   2.59240e-02  -1.91528e-02  -5.22129e-02  -4.09240e-02  -1.13273e-02  -6.55394e-03  -1.79441e-01  -5.55283e-02  -6.12749e-03
T18    7.92805e-01   1.38336e-02   4.88166e-03  -2.47538e-02  -1.87943e-03  -1.73320e-02  -7.08622e-03   4.44745e-04   6.35836e-03  -2.25451e-02  -2.41673e-02  -9.01667e-03  -1.31465e-02  -1.15603e-02  -5.27708e-02  -1.79033e-02  -7.80177e-03  -8.31838e-03  -5.55283e-02  -7.02148e-02  -6.04687e-03
T19    4.83324e-01  -2.68260e-02   4.52292e-03   2.87098e-02   2.39569e-02  -3.16933e-02   1.88678e-02   1.60504e-02  -8.26851e-03   7.55737e-03  -5.52576e-02  -4.66644e-02   8.17084e-03  -1.51579e-02  -3.82880e-02   7.23835e-03   1.02323e-03  -2.26832e-02  -6.12749e-03  -6.04687e-03  -8.09765e-02
