T0   -8.09965e-01  -1.35476e-01   3.82638e-01   4.19683e-01   5.95454e-01  -2.13866e-01   3.90191e-01   6.59650e-01   9.45650e-02   2.06121e-01  -3.97291e-01  -3.95271e-01   7.43463e-01  -2.86666e-01  -4.00903e-01   1.94650e-01   2.49288e-01   8.28636e-02  -3.00976e-01  -1.87219e-01  -3.79339e-01
T1   -6.02838e-01   3.82638e-01   6.93728e-01   3.38744e-01  -5.68243e-01   9.00501e-02   2.84354e-01  -5.51644e-01   1.96966e-01   3.23930e-01   1.66152e-01   4.53075e-02   1.33816e+00   6.88630e-02  -6.34707e-02   3.24204e-01   3.00389e-01   2.62409e-01  -3.07984e-01  -1.77191e-01   1.68584e-01
T2   -6.10383e-01   4.19683e-01   3.38744e-01  -1.56244e-01   1.49088e-01   9.20005e-02   2.06466e-01   4.12901e-01   6.20776e-02   1.48906e-01   2.57043e-01   3.27945e-01   3.73324e-01   1.38466e-01   1.06232e-01   2.54811e-01   5.55401e-02   5.54280e-02   4.42324e-02  -5.20133e-02   2.82646e-01
T3   -1.05279e+00   5.95454e-01  -5.68243e-01   1.49088e-01   7.90162e-01   3.48845e-01   4.73485e-01   1.19469e+00   3.47834e-01  -2.88319e-01   5.40536e-01   5.61304e-01  -3.00688e-01   4.46403e-01   4.40880e-01   4.85681e-01   1.22791e-01   2.02993e-01   2.07176e-01  -1.07660e-01   5.04671e-01
T4    2.07303e+00  -2.13866e-01   9.00501e-02   9.20005e-02   3.48845e-01  -2.05330e+00   9.20335e-02   3.92375e-01  -1.58971e-01  -3.70659e-01  -5.57608e-01  -5.69975e-01   3.12608e-01  -5.75825e-01  -7.09210e-01  -2.25738e-01  -5.52252e-02  -8.88713e-02  -5.83416e-01  -4.10426e-01  -5.43238e-01
T5   -5.13682e-01   3.90191e-01   2.84354e-01   2.06466e-01   4.73485e-01   9.20335e-02   2.11558e-01   5.89414e-01   2.93230e-01   2.00532e-01   9.70447e-02   5.96531e-02   5.24163e-01   1.53127e-02  -1.38340e-02   2.54162e-01   2.27676e-01   1.05381e-01  -1.32056e-01  -7.26595e-02   1.19581e-01
T6   -1.20218e+00   6.59650e-01  -5.51644e-01   4.12901e-01   1.19469e+00   3.92375e-01   5.89414e-01   1.30733e+00   6.16316e-01  -1.64203e-01   3.20302e-01   3.39792e-01  -3.00353e-01   3.29923e-01   2.55791e-01   5.15155e-01   2.95737e-01   3.02142e-01   9.70370e-02  -1.20249e-01   3.32304e-01
T7   -9.72195e-01   9.45650e-02   1.96966e-01   6.20776e-02   3.47834e-01  -1.58971e-01   2.93230e-01   6.16316e-01  -1.43208e-01   1.08734e-01   9.34746e-02   1.75909e-01   4.38363e-01  -1.80319e-02  -5.93174e-02   1.42944e-01   7.27423e-02   8.56993e-02  -9.49016e-02  -2.84762e-02   2.27288e-02
T8    4.49753e-01   2.06121e-01   3.23930e-01   1.48906e-01  -2.88319e-01  -3.70659e-01   2.00532e-01  -1.64203e-01   1.08734e-01  -4.80979e-01   2.54901e-02  -3.68910e-02   6.51227e-01  -1.92749e-01  -2.62912e-01   1.24753e-01  -3.27673e-02  -1.58889e-03  -3.42379e-01  -3.98120e-01   3.22926e-02
T9    6.35045e-01  -3.97291e-01   1.66152e-01   2.57043e-01   5.40536e-01  -5.57608e-01   9.70447e-02   3.20302e-01   9.34746e-02   2.54901e-02  -9.56803e-01  -8.53982e-01   2.37621e-01  -6.63664e-01  -7.59217e-01   1.18746e-02   1.08923e-01  -1.18742e-01  -4.16589e-01  -5.36250e-01  -7.87062e-01
T10    1.53532e-01  -3.95271e-01   4.53075e-02   3.27945e-01   5.61304e-01  -5.69975e-01   5.96531e-02   3.39792e-01   1.75909e-01  -3.68910e-02  -8.53982e-01  -9.43092e-01   2.71060e-01  -6.47849e-01  -7.74843e-01  -7.10974e-02   1.59639e-01  -5.91819e-02  -4.81128e-01  -5.42815e-01  -7.84291e-01
T11   -1.11396e+00   7.43463e-01   1.33816e+00   3.73324e-01  -3.00688e-01   3.12608e-01   5.24163e-01  -3.00353e-01   4.38363e-01   6.51227e-01   2.37621e-01   2.71060e-01   1.56537e+00   3.09975e-01   1.86668e-01   8.19612e-01   4.54851e-01   3.79946e-01   1.03665e-01  -1.27526e-01   2.95536e-01
T12    1.62794e+00  -2.86666e-01   6.88630e-02   1.38466e-01   4.46403e-01  -5.75825e-01   1.53127e-02   3.29923e-01  -1.80319e-02  -1.92749e-01  -6.63664e-01  -6.47849e-01   3.09975e-01  -1.01864e+00  -8.26154e-01  -1.76059e-01   5.82027e-02  -7.75049e-02  -6.16915e-01  -5.74275e-01  -5.66865e-01
T13    1.06797e+00  -4.00903e-01  -6.34707e-02   1.06232e-01   4.40880e-01  -7.09210e-01  -1.38340e-02   2.55791e-01  -5.93174e-02  -2.62912e-01  -7.59217e-01  -7.74843e-01   1.86668e-01  -8.26154e-01  -9.83235e-01  -2.59471e-01  -3.50628e-02  -7.46428e-02  -6.78240e-01  -6.97971e-01  -6.72007e-01
T14   -5.06721e-01   1.94650e-01   3.24204e-01   2.54811e-01   4.85681e-01  -2.25738e-01   2.54162e-01   5.15155e-01   1.42944e-01   1.24753e-01   1.18746e-02  -7.10974e-02   8.19612e-01  -1.76059e-01  -2.59471e-01   1.21560e-01   2.47988e-01   1.69204e-01  -5.43486e-01  -4.40917e-01  -7.37147e-03
T15   -8.24585e-01   2.49288e-01   3.00389e-01   5.55401e-02   1.22791e-01  -5.52252e-02   2.27676e-01   2.95737e-01   7.27423e-02  -3.27673e-02   1.08923e-01   1.59639e-01   4.54851e-01   5.82027e-02  -3.50628e-02   2.47988e-01   1.75686e-02   4.56383e-02  -4.90207e-02   1.88472e-02   8.99459e-02
T16   -5.49669e-01   8.28636e-02   2.62409e-01   5.54280e-02   2.02993e-01  -8.88713e-02   1.05381e-01   3.02142e-01   8.56993e-02  -1.58889e-03  -1.18742e-01  -5.91819e-02   3.79946e-01  -7.75049e-02  -7.46428e-02   1.69204e-01   4.56383e-02  -1.48928e-01   1.06357e-01  -1.47858e-02  -1.54609e-01
T17    1.64457e+00  -3.00976e-01  -3.07984e-01   4.42324e-02   2.07176e-01  -5.83416e-01  -1.32056e-01   9.70370e-02  -9.49016e-02  -3.42379e-01  -4.16589e-01  -4.81128e-01   1.03665e-01  -6.16915e-01  -6.78240e-01  -5.43486e-01  -4.90207e-02   1.06357e-01  -7.03664e-01  -3.99270e-01  -3.48113e-01
T18    8.40320e-01  -1.87219e-01  -1.77191e-01  -5.20133e-02  -1.07660e-01  -4.10426e-01  -7.26595e-02  -1.20249e-01  -2.84762e-02  -3.98120e-01  -5.36250e-01  -5.42815e-01  -1.27526e-01  -5.74275e-01  -6.97971e-01  -4.40917e-01   1.88472e-02  -1.47858e-02  -3.99270e-01  -4.71049e-01  -4.26765e-01
T19    2.66804e-01  -3.79339e-01   1.68584e-01   2.82646e-01   5.04671e-01  -5.43238e-01   1.19581e-01   3.32304e-01   2.27288e-02   3.22926e-02  -7.87062e-01  -7.84291e-01   2.95536e-01  -5.66865e-01  -6.72007e-01  -7.37147e-03   8.99459e-02  -1.54609e-01  -3.48113e-01  -4.26765e-01  -8.03653e-01
