T0   -3.93768e-01  -5.54746e-02   8.65262e-03   2.52665e-02   4.55345e-03   7.66040e-03   5.54854e-03   1.69100e-02  -1.89308e-02   7.42140e-03  -2.14975e-03  -1.75697e-02   4.31699e-02  -6.32517e-03   3.51408e-03   2.78400e-03   8.79097e-03  -2.97913e-03   8.66020e-04   1.29814e-02  -1.92587e-02
T1   -1.05628e+00   8.65262e-03   3.02960e-02   6.41948e-02  -2.32066e-02  -4.46921e-03   5.72221e-02  -1.69261e-02   1.31939e-02   3.03190e-02   1.19920e-02  -1.60551e-02   1.60712e-01  -1.81850e-02  -1.01528e-02   5.56608e-03   3.70543e-02   4.34608e-02  -2.21812e-02   5.35630e-03  -5.83279e-04
T2   -7.13455e-01   2.52665e-02   6.41948e-02  -5.93795e-02   1.74688e-02   9.17267e-03   1.75937e-02   5.78315e-02  -4.43308e-03   2.56880e-02  -7.22693e-03   2.46161e-02   3.21448e-02  -7.05588e-03  -3.54222e-03   2.75814e-02  -8.85556e-03  -1.00030e-04  -4.19144e-03  -2.44435e-02   2.10497e-02
T3   -1.30286e+00   4.55345e-03  -2.32066e-02   1.74688e-02   4.05380e-02   2.84553e-02   4.88168e-02   9.30789e-02   2.33876e-03   5.58240e-03   8.91036e-03   1.80116e-02   3.67596e-03   3.34300e-03   1.11823e-02   2.30584e-02   2.79639e-02   1.85736e-02  -1.43137e-02  -7.02175e-03   1.46142e-02
T4    2.21355e+00   7.66040e-03  -4.46921e-03   9.17267e-03   2.84553e-02  -3.37559e-01  -3.90808e-03   3.24128e-02  -1.76312e-03  -4.86761e-02  -2.23216e-02  -2.08421e-02   1.02716e-02  -3.83124e-02  -3.21496e-02  -9.31797e-03  -2.52250e-02  -2.05638e-03  -3.34655e-02  -1.13688e-02  -2.15214e-02
T5   -8.34565e-01   5.54854e-03   5.72221e-02   1.75937e-02   4.88168e-02  -3.90808e-03  -3.12231e-02   7.73569e-02   2.57766e-02   2.47424e-02   1.86066e-03  -1.38715e-02   9.41737e-02  -1.52823e-02  -7.13665e-03   1.97504e-02   1.54200e-02   1.83694e-02  -3.21929e-02  -6.08392e-03   1.20367e-02
T6   -1.76208e+00   1.69100e-02  -1.69261e-02   5.78315e-02   9.30789e-02   3.24128e-02   7.73569e-02   6.85557e-02   3.10676e-02   1.75079e-02  -1.01792e-02  -5.18647e-03   9.12124e-03  -2.33324e-04  -3.04461e-03   4.27671e-02   5.42905e-02   4.79406e-02  -3.23789e-03  -1.00906e-03   8.79655e-03
T7   -5.39188e-01  -1.89308e-02   1.31939e-02  -4.43308e-03   2.33876e-03  -1.76312e-03   2.57766e-02   3.10676e-02  -4.41807e-02  -6.39206e-03   4.30920e-03   1.72455e-02   4.53129e-02  -9.28001e-03   5.59092e-03  -7.46663e-03  -4.40373e-03  -7.70331e-03  -6.36305e-03   3.19210e-03  -9.42272e-03
T8    4.29877e-01   7.42140e-03   3.03190e-02   2.56880e-02   5.58240e-03  -4.86761e-02   2.47424e-02   1.75079e-02  -6.39206e-03  -9.17546e-02   1.43882e-03  -6.71967e-03   9.56981e-02  -3.31313e-02  -2.53981e-02  -3.43893e-03   7.82495e-03   1.05144e-02  -4.00431e-02  -2.02335e-02   3.24276e-03
T9    8.88439e-01  -2.14975e-03   1.19920e-02  -7.22693e-03   8.91036e-03  -2.23216e-02   1.86066e-03  -1.01792e-02   4.30920e-03   1.43882e-03  -8.68301e-02  -3.66007e-02  -3.23918e-02  -1.84729e-02  -3.60958e-02   2.00533e-02  -7.73906e-03  -1.30097e-02   1.15881e-02  -1.54156e-02  -3.96564e-02
T10    1.81060e-01  -1.75697e-02  -1.60551e-02   2.46161e-02   1.80116e-02  -2.08421e-02  -1.38715e-02  -5.18647e-03   1.72455e-02  -6.71967e-03  -3.66007e-02  -6.51757e-02   5.56947e-03  -8.67220e-03  -3.36689e-02   5.76082e-03  -3.75468e-03  -1.13711e-03  -9.78458e-03  -3.45899e-03  -3.28624e-02
T11   -1.79804e+00   4.31699e-02   1.60712e-01   3.21448e-02   3.67596e-03   1.02716e-02   9.41737e-02   9.12124e-03   4.53129e-02   9.56981e-02  -3.23918e-02   5.56947e-03   3.54054e-02  -1.23090e-02  -1.37369e-02   6.18968e-02   5.08784e-02   5.22652e-02   2.05918e-02  -1.20006e-02   1.93254e-03
T12    1.87823e+00  -6.32517e-03  -1.81850e-02  -7.05588e-03   3.34300e-03  -3.83124e-02  -1.52823e-02  -2.33324e-04  -9.28001e-03  -3.31313e-02  -1.84729e-02  -8.67220e-03  -1.23090e-02  -2.08932e-01  -2.06070e-02  -9.05387e-03  -4.12722e-03  -4.63142e-03  -9.40642e-03  -3.55030e-03  -7.36870e-03
T13    1.23372e+00   3.51408e-03  -1.01528e-02  -3.54222e-03   1.11823e-02  -3.21496e-02  -7.13665e-03  -3.04461e-03   5.59092e-03  -2.53981e-02  -3.60958e-02  -3.36689e-02  -1.37369e-02  -2.06070e-02  -7.54840e-02  -2.67201e-03  -1.69075e-02  -1.02871e-02  -3.76298e-02  -3.97368e-02  -2.68986e-02
T14   -5.95692e-01   2.78400e-03   5.56608e-03   2.75814e-02   2.30584e-02  -9.31797e-03   1.97504e-02   4.27671e-02  -7.46663e-03  -3.43893e-03   2.00533e-02   5.76082e-03   6.18968e-02  -9.05387e-03  -2.67201e-03  -4.08383e-02   2.60202e-02   1.30971e-02  -3.84752e-02  -1.70016e-02   3.76870e-03
T15   -6.28629e-01   8.79097e-03   3.70543e-02  -8.85556e-03   2.79639e-02  -2.52250e-02   1.54200e-02   5.42905e-02  -4.40373e-03   7.82495e-03  -7.73906e-03  -3.75468e-03   5.08784e-02  -4.12722e-03  -1.69075e-02   2.60202e-02  -3.47440e-02  -8.54249e-03  -1.19145e-02  -8.59213e-03  -1.10071e-03
T16   -3.90626e-01  -2.97913e-03   4.34608e-02  -1.00030e-04   1.85736e-02  -2.05638e-03   1.83694e-02   4.79406e-02  -7.70331e-03   1.05144e-02  -1.30097e-02  -1.13711e-03   5.22652e-02  -4.63142e-03  -1.02871e-02   1.30971e-02  -8.54249e-03  -3.74775e-02  -8.02214e-03  -7.30100e-03  -1.87590e-02
T17    1.98311e+00   8.66020e-04  -2.21812e-02  -4.19144e-03  -1.43137e-02  -3.34655e-02  -3.21929e-02  -3.23789e-03  -6.36305e-03  -4.00431e-02   1.15881e-02  -9.78458e-03   2.05918e-02  -9.40642e-03  -3.76298e-02  -3.84752e-02  -1.19145e-02  -8.02214e-03  -1.54478e-01  -4.34611e-02   2.03938e-03
T18    7.74041e-01   1.29814e-02   5.35630e-03  -2.44435e-02  -7.02175e-03  -1.13688e-02  -6.08392e-03  -1.00906e-03   3.19210e-03  -2.02335e-02  -1.54156e-02  -3.45899e-03  -1.20006e-02  -3.55030e-03  -3.97368e-02  -1.70016e-02  -8.59213e-03  -7.30100e-03  -4.34611e-02  -5.90319e-02  -3.71228e-04
T19    4.33159e-01  -1.92587e-02  -5.83279e-04   2.10497e-02   1.46142e-02  -2.15214e-02   1.20367e-02   8.79655e-03  -9.42272e-03   3.24276e-03  -3.96564e-02  -3.28624e-02   1.93254e-03  -7.36870e-03  -2.68986e-02   3.76870e-03  -1.10071e-03  -1.87590e-02   2.03938e-03  -3.71228e-04  -6.36584e-02
