T0   -3.96730e-01  -5.16252e-02   5.79004e-03   2.17417e-02   3.11243e-03   9.04015e-03   3.54122e-03   1.40217e-02  -1.67418e-02   6.20310e-03   5.37116e-04  -1.39437e-02   3.72646e-02  -4.79353e-03   5.44640e-03   2.41100e-03   7.51552e-03  -3.13513e-03   2.29009e-03   1.30543e-02  -1.54889e-02
T1   -1.02997e+00   5.79004e-03   2.73050e-02   5.87334e-02  -1.98532e-02  -7.34138e-03   5.28568e-02  -1.26778e-02   1.15977e-02   2.95873e-02   8.58270e-03  -1.62013e-02   1.48796e-01  -1.97207e-02  -1.00706e-02   5.22810e-03   3.26843e-02   3.82646e-02  -1.95196e-02   5.76727e-03  -2.66877e-03
T2   -6.78712e-01   2.17417e-02   5.87334e-02  -5.47406e-02   1.68837e-02   8.66764e-03   1.45508e-02   5.33942e-02  -2.99750e-03   2.40428e-02  -9.42128e-03   2.16596e-02   2.74632e-02  -8.22147e-03  -3.82281e-03   2.63105e-02  -7.06453e-03  -2.72950e-04  -5.66302e-03  -2.39047e-02   1.75077e-02
T3   -1.26839e+00   3.11243e-03  -1.98532e-02   1.68837e-02   3.73560e-02   2.55270e-02   4.41617e-02   8.54498e-02   3.69447e-03   6.22955e-03   5.63233e-03   1.49057e-02   3.63567e-03   1.85159e-03   6.50121e-03   2.23433e-02   2.70176e-02   1.65508e-02  -1.62626e-02  -9.91945e-03   9.89664e-03
T4    2.17612e+00   9.04015e-03  -7.34138e-03   8.66764e-03   2.55270e-02  -3.15833e-01  -3.31745e-03   2.66077e-02  -1.31663e-03  -4.75091e-02  -1.69873e-02  -1.65137e-02   8.11679e-03  -3.24867e-02  -2.66543e-02  -7.52115e-03  -2.42773e-02  -3.89593e-04  -2.90679e-02  -7.82456e-03  -1.70328e-02
T5   -8.07886e-01   3.54122e-03   5.28568e-02   1.45508e-02   4.41617e-02  -3.31745e-03  -3.28568e-02   7.10142e-02   2.29445e-02   2.40513e-02   7.14315e-04  -1.40409e-02   8.78603e-02  -1.30615e-02  -7.59358e-03   1.93417e-02   1.44027e-02   1.58024e-02  -3.02070e-02  -5.94110e-03   9.50725e-03
T6   -1.73047e+00   1.40217e-02  -1.26778e-02   5.33942e-02   8.54498e-02   2.66077e-02   7.10142e-02   6.08991e-02   2.74545e-02   1.71346e-02  -1.16708e-02  -6.40246e-03   9.48618e-03  -1.14160e-03  -5.86339e-03   3.99897e-02   4.94590e-02   4.27290e-02  -4.89526e-03  -3.56357e-03   5.74502e-03
T7   -5.17839e-01  -1.67418e-02   1.15977e-02  -2.99750e-03   3.69447e-03  -1.31663e-03   2.29445e-02   2.74545e-02  -4.03749e-02  -4.04424e-03   2.39933e-03   1.47092e-02   4.09908e-02  -9.13898e-03   4.38367e-03  -6.42995e-03  -1.92602e-03  -6.27751e-03  -7.39211e-03   2.58163e-03  -9.95694e-03
T8    4.56293e-01   6.20310e-03   2.95873e-02   2.40428e-02   6.22955e-03  -4.75091e-02   2.40513e-02   1.71346e-02  -4.04424e-03  -8.28753e-02  -2.48160e-03  -8.99382e-03   8.75508e-02  -3.07062e-02  -2.35553e-02  -4.29712e-03   1.01125e-02   1.00109e-02  -3.73041e-02  -1.92879e-02   1.01453e-03
T9    8.35255e-01   5.37116e-04   8.58270e-03  -9.42128e-03   5.63233e-03  -1.69873e-02   7.14315e-04  -1.16708e-02   2.39933e-03  -2.48160e-03  -7.54316e-02  -2.89014e-02  -3.22486e-02  -1.34084e-02  -2.88700e-02   1.67880e-02  -8.29201e-03  -1.13398e-02   1.57390e-02  -1.10089e-02  -3.14055e-02
T10    1.29248e-01  -1.39437e-02  -1.62013e-02   2.16596e-02   1.49057e-02  -1.65137e-02  -1.40409e-02  -6.40246e-03   1.47092e-02  -8.99382e-03  -2.89014e-02  -5.71955e-02   3.55905e-03  -4.59309e-03  -2.69762e-02   4.65282e-03  -4.39783e-03  -1.32272e-04  -6.18989e-03  -8.32348e-04  -2.62496e-02
T11   -1.76545e+00   3.72646e-02   1.48796e-01   2.74632e-02   3.63567e-03   8.11679e-03   8.78603e-02   9.48618e-03   4.09908e-02   8.75508e-02  -3.22486e-02   3.55905e-03   2.96970e-02  -1.51231e-02  -1.48203e-02   5.73662e-02   4.53371e-02   4.65068e-02   1.76259e-02  -1.01319e-02  -1.06801e-03
T12    1.85068e+00  -4.79353e-03  -1.97207e-02  -8.22147e-03   1.85159e-03  -3.24867e-02  -1.30615e-02  -1.14160e-03  -9.13898e-03  -3.07062e-02  -1.34084e-02  -4.59309e-03  -1.51231e-02  -1.95921e-01  -1.46539e-02  -8.65959e-03  -4.33953e-03  -2.72128e-03  -4.56846e-03  -5.73693e-04  -3.50194e-03
T13    1.18997e+00   5.44640e-03  -1.00706e-02  -3.82281e-03   6.50121e-03  -2.66543e-02  -7.59358e-03  -5.86339e-03   4.38367e-03  -2.35553e-02  -2.88700e-02  -2.69762e-02  -1.48203e-02  -1.46539e-02  -6.57843e-02  -4.16134e-03  -1.69329e-02  -8.36447e-03  -3.12281e-02  -3.36025e-02  -2.09782e-02
T14   -5.81239e-01   2.41100e-03   5.22810e-03   2.63105e-02   2.23433e-02  -7.52115e-03   1.93417e-02   3.99897e-02  -6.42995e-03  -4.29712e-03   1.67880e-02   4.65282e-03   5.73662e-02  -8.65959e-03  -4.16134e-03  -3.81000e-02   2.56357e-02   1.12814e-02  -3.72725e-02  -1.55538e-02   1.21591e-03
T15   -6.01148e-01   7.51552e-03   3.26843e-02  -7.06453e-03   2.70176e-02  -2.42773e-02   1.44027e-02   4.94590e-02  -1.92602e-03   1.01125e-02  -8.29201e-03  -4.39783e-03   4.53371e-02  -4.33953e-03  -1.69329e-02   2.56357e-02  -3.35302e-02  -7.86218e-03  -1.18742e-02  -1.00213e-02  -2.39114e-03
T16   -3.72759e-01  -3.13513e-03   3.82646e-02  -2.72950e-04   1.65508e-02  -3.89593e-04   1.58024e-02   4.27290e-02  -6.27751e-03   1.00109e-02  -1.13398e-02  -1.32272e-04   4.65068e-02  -2.72128e-03  -8.36447e-03   1.12814e-02  -7.86218e-03  -3.63781e-02  -6.96242e-03  -7.90840e-03  -1.69848e-02
T17    1.95332e+00   2.29009e-03  -1.95196e-02  -5.66302e-03  -1.62626e-02  -2.90679e-02  -3.02070e-02  -4.89526e-03  -7.39211e-03  -3.73041e-02   1.57390e-02  -6.18989e-03   1.76259e-02  -4.56846e-03  -3.12281e-02  -3.72725e-02  -1.18742e-02  -6.96242e-03  -1.41471e-01  -3.73590e-02   6.33136e-03
T18    7.61630e-01   1.30543e-02   5.76727e-03  -2.39047e-02  -9.91945e-03  -7.82456e-03  -5.94110e-03  -3.56357e-03   2.58163e-03  -1.92879e-02  -1.10089e-02  -8.32348e-04  -1.01319e-02  -5.73693e-04  -3.36025e-02  -1.55538e-02  -1.00213e-02  -7.90840e-03  -3.73590e-02  -5.34529e-02   2.86637e-03
T19    3.98078e-01  -1.54889e-02  -2.66877e-03   1.75077e-02   9.89664e-03  -1.70328e-02   9.50725e-03   5.74502e-03  -9.95694e-03   1.01453e-03  -3.14055e-02  -2.62496e-02  -1.06801e-03  -3.50194e-03  -2.09782e-02   1.21591e-03  -2.39114e-03  -1.69848e-02   6.33136e-03   2.86637e-03  -5.51316e-02
