T0   -9.05922e-01  -1.51275e-01   3.10364e-01   2.92788e-01   3.98386e-01  -1.53200e-01   3.02799e-01   5.24293e-01   2.16030e-03   1.86086e-01  -2.18668e-01  -1.98278e-01   5.69504e-01  -1.37937e-01  -2.12817e-01   1.24883e-01   1.36941e-01   5.33947e-02  -1.82508e-01  -6.21554e-02  -2.45354e-01
T1   -6.37628e-01   3.10364e-01   5.32384e-01   2.35236e-01  -5.03587e-01   1.07926e-01   2.07758e-01  -4.98241e-01   8.53993e-02   2.49708e-01   1.46920e-01   5.55659e-02   1.05462e+00   1.00273e-01  -3.68955e-02   1.29372e-01   1.83453e-01   1.57078e-01  -2.67076e-01  -1.25346e-01   1.69038e-01
T2   -6.68648e-01   2.92788e-01   2.35236e-01  -1.71617e-01   6.70451e-02   3.64340e-02   1.50955e-01   2.94031e-01  -2.80534e-02   1.03015e-01   2.56493e-01   3.56898e-01   2.52164e-01   1.65457e-01   1.10858e-01   1.21981e-01   2.43416e-03   2.93101e-02  -9.55340e-03  -2.21567e-02   2.71924e-01
T3   -1.12529e+00   3.98386e-01  -5.03587e-01   6.70451e-02   5.43376e-01   2.71378e-01   3.27604e-01   8.42037e-01   1.13791e-01  -2.50066e-01   4.87825e-01   5.38324e-01  -3.30475e-01   3.56812e-01   3.28726e-01   3.20522e-01   9.35201e-02   1.72932e-01   6.34971e-02  -5.47773e-02   4.52008e-01
T4    2.03106e+00  -1.53200e-01   1.07926e-01   3.64340e-02   2.71378e-01  -1.62978e+00   1.12238e-01   3.66737e-01  -1.53230e-01  -2.17909e-01  -3.58357e-01  -3.41391e-01   2.64323e-01  -3.68747e-01  -5.05720e-01  -1.35692e-01  -8.70094e-02  -6.40218e-02  -4.85179e-01  -2.78342e-01  -3.65241e-01
T5   -6.44980e-01   3.02799e-01   2.07758e-01   1.50955e-01   3.27604e-01   1.12238e-01   1.59132e-01   4.42350e-01   1.50961e-01   1.73387e-01   1.51859e-01   1.56204e-01   4.33250e-01   8.58522e-02   2.10643e-02   1.71270e-01   1.54689e-01   1.01068e-01  -1.91559e-01  -3.51971e-02   1.92018e-01
T6   -1.34917e+00   5.24293e-01  -4.98241e-01   2.94031e-01   8.42037e-01   3.66737e-01   4.42350e-01   9.15144e-01   3.71521e-01  -1.24804e-01   3.38706e-01   3.86704e-01  -3.01436e-01   3.13725e-01   2.09805e-01   4.20284e-01   2.58663e-01   2.75378e-01  -3.77002e-02  -6.72037e-02   3.55990e-01
T7   -8.84676e-01   2.16030e-03   8.53993e-02  -2.80534e-02   1.13791e-01  -1.53230e-01   1.50961e-01   3.71521e-01  -1.41889e-01   1.62209e-02   8.73890e-02   1.95123e-01   2.54667e-01   1.21270e-02  -1.21092e-02   1.99946e-02  -3.96315e-02   1.52358e-03  -8.85786e-02  -2.96191e-02   1.61919e-02
T8    3.85555e-01   1.86086e-01   2.49708e-01   1.03015e-01  -2.50066e-01  -2.17909e-01   1.73387e-01  -1.24804e-01   1.62209e-02  -3.94498e-01   6.83334e-02   4.46459e-02   5.73923e-01  -9.39460e-02  -1.59435e-01   6.82722e-02  -3.23002e-02   8.64508e-03  -3.42474e-01  -2.78531e-01   8.36232e-02
T9    6.43313e-01  -2.18668e-01   1.46920e-01   2.56493e-01   4.87825e-01  -3.58357e-01   1.51859e-01   3.38706e-01   8.73890e-02   6.83334e-02  -7.43546e-01  -6.33445e-01   2.26297e-01  -4.79717e-01  -6.48000e-01   8.53626e-02   1.16454e-01  -6.55197e-02  -4.54542e-01  -4.38394e-01  -5.48820e-01
T10    3.49069e-02  -1.98278e-01   5.55659e-02   3.56898e-01   5.38324e-01  -3.41391e-01   1.56204e-01   3.86704e-01   1.95123e-01   4.46459e-02  -6.33445e-01  -6.95514e-01   3.10975e-01  -4.49064e-01  -6.48427e-01   5.91770e-02   1.92793e-01   2.17240e-02  -5.54717e-01  -4.02857e-01  -5.19562e-01
T11   -1.25255e+00   5.69504e-01   1.05462e+00   2.52164e-01  -3.30475e-01   2.64323e-01   4.33250e-01  -3.01436e-01   2.54667e-01   5.73923e-01   2.26297e-01   3.10975e-01   1.10301e+00   3.05172e-01   1.77798e-01   5.52176e-01   2.86572e-01   2.65704e-01   5.36470e-02  -7.35199e-02   2.94733e-01
T12    1.54638e+00  -1.37937e-01   1.00273e-01   1.65457e-01   3.56812e-01  -3.68747e-01   8.58522e-02   3.13725e-01   1.21270e-02  -9.39460e-02  -4.79717e-01  -4.49064e-01   3.05172e-01  -7.97883e-01  -6.37629e-01  -3.94840e-02   8.71740e-02  -1.94852e-02  -5.93233e-01  -4.14327e-01  -3.66246e-01
T13    1.33201e+00  -2.12817e-01  -3.68955e-02   1.10858e-01   3.28726e-01  -5.05720e-01   2.10643e-02   2.09805e-01  -1.21092e-02  -1.59435e-01  -6.48000e-01  -6.48427e-01   1.77798e-01  -6.37629e-01  -8.51751e-01  -1.33184e-01  -1.72646e-03  -8.10671e-02  -7.10897e-01  -6.00927e-01  -5.15837e-01
T14   -5.46775e-01   1.24883e-01   1.29372e-01   1.21981e-01   3.20522e-01  -1.35692e-01   1.71270e-01   4.20284e-01   1.99946e-02   6.82722e-02   8.53626e-02   5.91770e-02   5.52176e-01  -3.94840e-02  -1.33184e-01   1.64791e-03   1.23321e-01   9.09783e-02  -4.70260e-01  -3.12091e-01   6.80005e-02
T15   -8.26077e-01   1.36941e-01   1.83453e-01   2.43416e-03   9.35201e-02  -8.70094e-02   1.54689e-01   2.58663e-01  -3.96315e-02  -3.23002e-02   1.16454e-01   1.92793e-01   2.86572e-01   8.71740e-02  -1.72646e-03   1.23321e-01  -5.57126e-02   6.82024e-03  -4.77172e-02   1.17352e-02   7.45419e-02
T16   -5.63445e-01   5.33947e-02   1.57078e-01   2.93101e-02   1.72932e-01  -6.40218e-02   1.01068e-01   2.75378e-01   1.52358e-03   8.64508e-03  -6.55197e-02   2.17240e-02   2.65704e-01  -1.94852e-02  -8.10671e-02   9.09783e-02   6.82024e-03  -1.16351e-01  -5.90311e-02  -2.47570e-02  -9.17628e-02
T17    2.32073e+00  -1.82508e-01  -2.67076e-01  -9.55340e-03   6.34971e-02  -4.85179e-01  -1.91559e-01  -3.77002e-02  -8.85786e-02  -3.42474e-01  -4.54542e-01  -5.54717e-01   5.36470e-02  -5.93233e-01  -7.10897e-01  -4.70260e-01  -4.77172e-02  -5.90311e-02  -8.12827e-01  -5.41728e-01  -3.84887e-01
T18    9.60983e-01  -6.21554e-02  -1.25346e-01  -2.21567e-02  -5.47773e-02  -2.78342e-01  -3.51971e-02  -6.72037e-02  -2.96191e-02  -2.78531e-01  -4.38394e-01  -4.02857e-01  -7.35199e-02  -4.14327e-01  -6.00927e-01  -3.12091e-01   1.17352e-02  -2.47570e-02  -5.41728e-01  -4.13836e-01  -3.04169e-01
T19    1.50213e-01  -2.45354e-01   1.69038e-01   2.71924e-01   4.52008e-01  -3.65241e-01   1.92018e-01   3.55990e-01   1.61919e-02   8.36232e-02  -5.48820e-01  -5.19562e-01   2.94733e-01  -3.66246e-01  -5.15837e-01   6.80005e-02   7.45419e-02  -9.17628e-02  -3.84887e-01  -3.04169e-01  -5.62750e-01
