T0   -8.02630e-01  -1.75544e-01   2.36418e-01   2.10836e-01   2.79047e-01  -1.56288e-01   2.08383e-01   3.82360e-01  -4.07212e-02   1.14390e-01  -1.71320e-01  -1.48822e-01   4.36809e-01  -1.10875e-01  -1.40558e-01   6.29660e-02   8.20771e-02   2.54944e-02  -1.08946e-01  -3.32068e-02  -2.16471e-01
T1   -6.72090e-01   2.36418e-01   4.24641e-01   1.83096e-01  -4.52371e-01   9.45890e-02   1.56833e-01  -4.51647e-01   3.96664e-02   1.93093e-01   1.90883e-01   1.04061e-01   8.50357e-01   1.38190e-01   3.20532e-02   5.98554e-02   1.13138e-01   1.23917e-01  -1.78494e-01  -6.80579e-02   1.83511e-01
T2   -6.29437e-01   2.10836e-01   1.83096e-01  -1.94487e-01   3.97631e-02   6.40866e-03   9.07353e-02   2.23029e-01  -5.72672e-02   5.55927e-02   2.30994e-01   3.34245e-01   1.48618e-01   1.46272e-01   1.24319e-01   5.88407e-02  -3.02530e-02  -2.32270e-03   1.60235e-02  -1.22106e-02   2.18706e-01
T3   -1.09921e+00   2.79047e-01  -4.52371e-01   3.97631e-02   4.05906e-01   1.68768e-01   2.33317e-01   6.47468e-01   4.97802e-02  -2.22012e-01   4.04418e-01   4.79116e-01  -3.20893e-01   2.98165e-01   3.08518e-01   1.96215e-01   4.57943e-02   1.13287e-01   4.96803e-02  -3.92410e-02   3.26433e-01
T4    2.18658e+00  -1.56288e-01   9.45890e-02   6.40866e-03   1.68768e-01  -1.40745e+00   6.80568e-02   2.68606e-01  -1.55215e-01  -1.89914e-01  -2.96223e-01  -2.75173e-01   1.97887e-01  -3.29369e-01  -3.96927e-01  -1.29202e-01  -1.04897e-01  -7.47494e-02  -3.72312e-01  -2.12075e-01  -3.08993e-01
T5   -6.52015e-01   2.08383e-01   1.56833e-01   9.07353e-02   2.33317e-01   6.80568e-02   9.25569e-02   3.54727e-01   6.94689e-02   1.30646e-01   1.82911e-01   1.99435e-01   3.29963e-01   9.60542e-02   8.81609e-02   8.03525e-02   7.87314e-02   6.78348e-02  -1.15452e-01  -8.35478e-03   1.82604e-01
T6   -1.38080e+00   3.82360e-01  -4.51647e-01   2.23029e-01   6.47468e-01   2.68606e-01   3.54727e-01   6.85038e-01   2.44082e-01  -1.12749e-01   3.28626e-01   3.96986e-01  -2.99570e-01   2.90847e-01   2.44262e-01   3.02765e-01   1.83630e-01   2.17039e-01   4.12250e-03  -3.37419e-02   2.97300e-01
T7   -7.54581e-01  -4.07212e-02   3.96664e-02  -5.72672e-02   4.97802e-02  -1.55215e-01   6.94689e-02   2.44082e-01  -1.56639e-01  -2.92209e-02   7.98293e-02   1.52773e-01   1.61914e-01  -2.02401e-02  -6.91499e-03  -3.15442e-02  -5.38393e-02  -1.91438e-02  -4.84383e-02  -3.02202e-02   1.17675e-02
T8    4.07400e-01   1.14390e-01   1.93093e-01   5.55927e-02  -2.22012e-01  -1.89914e-01   1.30646e-01  -1.12749e-01  -2.92209e-02  -3.77451e-01   9.75269e-02   9.11640e-02   4.55272e-01  -5.16108e-02  -7.54542e-02   1.51720e-02  -4.61143e-02  -1.46821e-03  -2.56845e-01  -1.91208e-01   8.31496e-02
T9    5.54894e-01  -1.71320e-01   1.90883e-01   2.30994e-01   4.04418e-01  -2.96223e-01   1.82911e-01   3.28626e-01   7.98293e-02   9.75269e-02  -6.01623e-01  -4.87338e-01   2.44900e-01  -3.53757e-01  -4.98824e-01   1.12276e-01   7.76869e-02  -5.63311e-02  -3.55662e-01  -3.31663e-01  -4.43806e-01
T10   -1.40606e-01  -1.48822e-01   1.04061e-01   3.34245e-01   4.79116e-01  -2.75173e-01   1.99435e-01   3.96986e-01   1.52773e-01   9.11640e-02  -4.87338e-01  -5.38052e-01   3.41047e-01  -3.22431e-01  -4.90680e-01   9.85993e-02   1.63214e-01   4.15951e-02  -4.32069e-01  -2.82089e-01  -4.01215e-01
T11   -1.28333e+00   4.36809e-01   8.50357e-01   1.48618e-01  -3.20893e-01   1.97887e-01   3.29963e-01  -2.99570e-01   1.61914e-01   4.55272e-01   2.44900e-01   3.41047e-01   7.38752e-01   2.97419e-01   2.28736e-01   3.76584e-01   1.83165e-01   2.03699e-01   1.23468e-01  -2.28220e-02   2.66907e-01
T12    1.46717e+00  -1.10875e-01   1.38190e-01   1.46272e-01   2.98165e-01  -3.29369e-01   9.60542e-02   2.90847e-01  -2.02401e-02  -5.16108e-02  -3.53757e-01  -3.22431e-01   2.97419e-01  -6.74368e-01  -4.87054e-01  -2.85917e-03   5.88950e-02  -7.04146e-03  -4.62152e-01  -2.99991e-01  -2.70807e-01
T13    1.14793e+00  -1.40558e-01   3.20532e-02   1.24319e-01   3.08518e-01  -3.96927e-01   8.81609e-02   2.44262e-01  -6.91499e-03  -7.54542e-02  -4.98824e-01  -4.90680e-01   2.28736e-01  -4.87054e-01  -6.70153e-01  -5.01374e-02   1.00619e-02  -3.68784e-02  -5.75426e-01  -4.58678e-01  -3.84624e-01
T14   -4.86181e-01   6.29660e-02   5.98554e-02   5.88407e-02   1.96215e-01  -1.29202e-01   8.03525e-02   3.02765e-01  -3.15442e-02   1.51720e-02   1.12276e-01   9.85993e-02   3.76584e-01  -2.85917e-03  -5.01374e-02  -5.94312e-02   7.66782e-02   5.89025e-02  -3.48529e-01  -2.36625e-01   5.92178e-02
T15   -7.17789e-01   8.20771e-02   1.13138e-01  -3.02530e-02   4.57943e-02  -1.04897e-01   7.87314e-02   1.83630e-01  -5.38393e-02  -4.61143e-02   7.76869e-02   1.63214e-01   1.83165e-01   5.88950e-02   1.00619e-02   7.66782e-02  -1.01101e-01  -3.19450e-02  -2.29709e-02   4.75647e-03   3.76467e-02
T16   -4.93486e-01   2.54944e-02   1.23917e-01  -2.32270e-03   1.13287e-01  -7.47494e-02   6.78348e-02   2.17039e-01  -1.91438e-02  -1.46821e-03  -5.63311e-02   4.15951e-02   2.03699e-01  -7.04146e-03  -3.68784e-02   5.89025e-02  -3.19450e-02  -1.15703e-01  -3.52025e-02  -1.75640e-02  -1.05544e-01
T17    2.26380e+00  -1.08946e-01  -1.78494e-01   1.60235e-02   4.96803e-02  -3.72312e-01  -1.15452e-01   4.12250e-03  -4.84383e-02  -2.56845e-01  -3.55662e-01  -4.32069e-01   1.23468e-01  -4.62152e-01  -5.75426e-01  -3.48529e-01  -2.29709e-02  -3.52025e-02  -7.49317e-01  -4.27439e-01  -2.92099e-01
T18    8.96823e-01  -3.32068e-02  -6.80579e-02  -1.22106e-02  -3.92410e-02  -2.12075e-01  -8.35478e-03  -3.37419e-02  -3.02202e-02  -1.91208e-01  -3.31663e-01  -2.82089e-01  -2.28220e-02  -2.99991e-01  -4.58678e-01  -2.36625e-01   4.75647e-03  -1.75640e-02  -4.27439e-01  -3.20400e-01  -2.22045e-01
T19    1.87546e-01  -2.16471e-01   1.83511e-01   2.18706e-01   3.26433e-01  -3.08993e-01   1.82604e-01   2.97300e-01   1.17675e-02   8.31496e-02  -4.43806e-01  -4.01215e-01   2.66907e-01  -2.70807e-01  -3.84624e-01   5.92178e-02   3.76467e-02  -1.05544e-01  -2.92099e-01  -2.22045e-01  -4.89564e-01
