T0   -6.75931e-01  -1.69566e-01   1.55377e-01   1.45375e-01   1.57005e-01  -1.22226e-01   1.37551e-01   2.62579e-01  -6.22835e-02   7.58543e-02  -1.21416e-01  -1.14491e-01   3.37632e-01  -9.35396e-02  -9.79379e-02   4.35796e-02   3.83206e-02   5.54855e-03  -5.99089e-02  -2.36930e-02  -1.64313e-01
T1   -7.72463e-01   1.55377e-01   3.05186e-01   1.20791e-01  -3.56282e-01   5.72247e-02   1.26977e-01  -3.43242e-01   3.57691e-04   1.23799e-01   2.08771e-01   1.37783e-01   6.24199e-01   1.39316e-01   8.95636e-02   1.08330e-02   5.74166e-02   9.01800e-02  -6.39047e-02  -1.59177e-03   1.54185e-01
T2   -5.97284e-01   1.45375e-01   1.20791e-01  -1.91458e-01   3.99216e-03  -2.96678e-03   4.12589e-02   1.55086e-01  -5.09832e-02   2.77858e-02   1.60468e-01   2.62914e-01   6.35935e-02   8.75182e-02   9.78220e-02   4.20837e-02  -4.96296e-02  -2.09388e-02   1.65641e-02  -1.10742e-02   1.58260e-01
T3   -1.08713e+00   1.57005e-01  -3.56282e-01   3.99216e-03   2.36909e-01   1.00326e-01   1.36356e-01   4.12274e-01   2.24126e-02  -1.62364e-01   2.79475e-01   3.44955e-01  -2.57236e-01   2.07662e-01   2.40202e-01   1.05764e-01   1.92221e-02   5.58866e-02   4.94208e-02  -5.09287e-03   2.10270e-01
T4    2.38977e+00  -1.22226e-01   5.72247e-02  -2.96678e-03   1.00326e-01  -1.11618e+00   2.79032e-02   1.60536e-01  -1.24838e-01  -1.32220e-01  -2.12922e-01  -2.01242e-01   1.29367e-01  -2.63185e-01  -2.87584e-01  -9.90510e-02  -1.14225e-01  -7.71929e-02  -2.63165e-01  -1.58150e-01  -2.27789e-01
T5   -6.75906e-01   1.37551e-01   1.26977e-01   4.12589e-02   1.36356e-01   2.79032e-02   3.58281e-02   2.50186e-01   4.24060e-02   6.61108e-02   1.64898e-01   1.65315e-01   2.42644e-01   6.92407e-02   9.88924e-02   3.49152e-02   2.85294e-02   2.72543e-02  -4.95414e-02   1.34874e-02   1.29053e-01
T6   -1.44320e+00   2.62579e-01  -3.43242e-01   1.55086e-01   4.12274e-01   1.60536e-01   2.50186e-01   4.13766e-01   1.65572e-01  -8.67306e-02   2.39062e-01   3.03492e-01  -2.32703e-01   2.21067e-01   2.14700e-01   1.78419e-01   1.26076e-01   1.41097e-01   4.35842e-02  -2.07595e-03   1.94650e-01
T7   -6.05779e-01  -6.22835e-02   3.57691e-04  -5.09832e-02   2.24126e-02  -1.24838e-01   4.24060e-02   1.65572e-01  -1.48045e-01  -4.59557e-02   4.84095e-02   7.03423e-02   1.02381e-01  -5.08210e-02  -2.32661e-02  -3.10283e-02  -4.45821e-02  -2.14634e-02  -4.07003e-02  -2.70180e-02   4.92862e-03
T8    4.46233e-01   7.58543e-02   1.23799e-01   2.77858e-02  -1.62364e-01  -1.32220e-01   6.61108e-02  -8.67306e-02  -4.59557e-02  -3.53401e-01   8.72885e-02   8.59579e-02   3.09192e-01  -3.31337e-02  -2.58026e-02  -7.52450e-03  -4.79760e-02  -5.96291e-03  -1.50362e-01  -1.13445e-01   5.98952e-02
T9    5.25476e-01  -1.21416e-01   2.08771e-01   1.60468e-01   2.79475e-01  -2.12922e-01   1.64898e-01   2.39062e-01   4.84095e-02   8.72885e-02  -4.52603e-01  -3.36585e-01   2.09579e-01  -2.38191e-01  -3.39181e-01   1.09791e-01   4.51331e-02  -4.06448e-02  -2.03326e-01  -2.09411e-01  -3.26524e-01
T10   -2.19571e-01  -1.14491e-01   1.37783e-01   2.62914e-01   3.44955e-01  -2.01242e-01   1.65315e-01   3.03492e-01   7.03423e-02   8.59579e-02  -3.36585e-01  -3.82915e-01   2.96059e-01  -2.10386e-01  -3.26708e-01   7.80306e-02   1.08907e-01   5.04343e-02  -2.60106e-01  -1.67904e-01  -2.87682e-01
T11   -1.38028e+00   3.37632e-01   6.24199e-01   6.35935e-02  -2.57236e-01   1.29367e-01   2.42644e-01  -2.32703e-01   1.02381e-01   3.09192e-01   2.09579e-01   2.96059e-01   4.29928e-01   2.56187e-01   2.03880e-01   2.42681e-01   1.11047e-01   1.41788e-01   1.69063e-01  -6.61128e-04   1.99535e-01
T12    1.48392e+00  -9.35396e-02   1.39316e-01   8.75182e-02   2.07662e-01  -2.63185e-01   6.92407e-02   2.21067e-01  -5.08210e-02  -3.31337e-02  -2.38191e-01  -2.10386e-01   2.56187e-01  -5.50836e-01  -3.26070e-01  -1.89015e-03   3.23451e-02  -7.22328e-03  -2.89052e-01  -1.79285e-01  -1.88778e-01
T13    1.02417e+00  -9.79379e-02   8.95636e-02   9.78220e-02   2.40202e-01  -2.87584e-01   9.88924e-02   2.14700e-01  -2.32661e-02  -2.58026e-02  -3.39181e-01  -3.26708e-01   2.03880e-01  -3.26070e-01  -4.60022e-01  -7.96259e-03   4.00908e-03  -1.55664e-02  -3.71200e-01  -2.92005e-01  -2.64749e-01
T14   -4.61704e-01   4.35796e-02   1.08330e-02   4.20837e-02   1.05764e-01  -9.90510e-02   3.49152e-02   1.78419e-01  -3.10283e-02  -7.52450e-03   1.09791e-01   7.80306e-02   2.42681e-01  -1.89015e-03  -7.96259e-03  -8.97855e-02   5.96484e-02   4.95889e-02  -2.22723e-01  -1.55512e-01   5.09943e-02
T15   -6.28067e-01   3.83206e-02   5.74166e-02  -4.96296e-02   1.92221e-02  -1.14225e-01   2.85294e-02   1.26076e-01  -4.45821e-02  -4.79760e-02   4.51331e-02   1.08907e-01   1.11047e-01   3.23451e-02   4.00908e-03   5.96484e-02  -9.44889e-02  -4.03236e-02  -3.42497e-03  -5.31096e-03   2.60808e-02
T16   -4.39237e-01   5.54855e-03   9.01800e-02  -2.09388e-02   5.58866e-02  -7.71929e-02   2.72543e-02   1.41097e-01  -2.14634e-02  -5.96291e-03  -4.06448e-02   5.04343e-02   1.41788e-01  -7.22328e-03  -1.55664e-02   4.95889e-02  -4.03236e-02  -9.58934e-02  -7.62115e-03  -2.41356e-02  -7.04889e-02
T17    2.04715e+00  -5.99089e-02  -6.39047e-02   1.65641e-02   4.94208e-02  -2.63165e-01  -4.95414e-02   4.35842e-02  -4.07003e-02  -1.50362e-01  -2.03326e-01  -2.60106e-01   1.69063e-01  -2.89052e-01  -3.71200e-01  -2.22723e-01  -3.42497e-03  -7.62115e-03  -5.52965e-01  -2.69584e-01  -1.73741e-01
T18    8.23878e-01  -2.36930e-02  -1.59177e-03  -1.10742e-02  -5.09287e-03  -1.58150e-01   1.34874e-02  -2.07595e-03  -2.70180e-02  -1.13445e-01  -2.09411e-01  -1.67904e-01  -6.61128e-04  -1.79285e-01  -2.92005e-01  -1.55512e-01  -5.31096e-03  -2.41356e-02  -2.69584e-01  -2.04606e-01  -1.41809e-01
T19    2.45958e-01  -1.64313e-01   1.54185e-01   1.58260e-01   2.10270e-01  -2.27789e-01   1.29053e-01   1.94650e-01   4.92862e-03   5.98952e-02  -3.26524e-01  -2.87682e-01   1.99535e-01  -1.88778e-01  -2.64749e-01   5.09943e-02   2.60808e-02  -7.04889e-02  -1.73741e-01  -1.41809e-01  -3.60633e-01
