T0   -4.07897e-01  -1.24664e-01   4.24969e-02   7.68840e-02   6.61570e-02  -4.22490e-02   4.56072e-02   9.78048e-02  -2.72234e-02   3.73593e-02  -7.04901e-02  -8.86268e-02   1.45438e-01  -6.08674e-02  -4.19246e-02   1.54938e-02   2.53623e-02  -7.39341e-03  -3.49502e-02   3.26773e-04  -9.60189e-02
T1   -1.04584e+00   4.24969e-02   1.33558e-01   9.08966e-02  -1.72164e-01   1.01913e-02   9.81642e-02  -1.45676e-01   4.49657e-03   5.64562e-02   1.19220e-01   7.63593e-02   3.69581e-01   7.13611e-02   6.32938e-02   8.68745e-03   4.28257e-02   6.97639e-02   1.63290e-03   3.85106e-02   5.93383e-02
T2   -7.37736e-01   7.68840e-02   9.08966e-02  -1.18985e-01   2.00135e-02   4.87712e-03   2.98971e-02   1.14945e-01  -1.37491e-02   2.12202e-02   4.72202e-02   1.12303e-01   4.01463e-02   1.59260e-02   3.00331e-02   4.92924e-02  -2.17617e-02  -2.76529e-03   9.62114e-03  -2.64814e-02   8.37991e-02
T3   -1.29866e+00   6.61570e-02  -1.72164e-01   2.00135e-02   1.35273e-01   5.70622e-02   9.12569e-02   2.23656e-01   8.68304e-03  -7.05020e-02   1.12734e-01   1.23852e-01  -1.02499e-01   7.42277e-02   9.52729e-02   5.50953e-02   4.13725e-02   4.35453e-02   1.67237e-02  -1.85821e-03   1.05111e-01
T4    2.58236e+00  -4.22490e-02   1.01913e-02   4.87712e-03   5.70622e-02  -7.00225e-01   1.71725e-03   7.89003e-02  -3.60852e-02  -8.58278e-02  -1.11350e-01  -1.09250e-01   4.31024e-02  -1.44665e-01  -1.47165e-01  -5.32989e-02  -6.46203e-02  -3.77853e-02  -1.30974e-01  -7.60122e-02  -1.17619e-01
T5   -8.53688e-01   4.56072e-02   9.81642e-02   2.98971e-02   9.12569e-02   1.71725e-03  -2.93590e-04   1.61846e-01   3.84273e-02   4.88245e-02   6.91763e-02   4.95217e-02   1.80117e-01   1.92970e-02   3.89004e-02   3.03251e-02   2.35677e-02   2.57014e-02  -2.73983e-02   7.24951e-03   6.10184e-02
T6   -1.73595e+00   9.78048e-02  -1.45676e-01   1.14945e-01   2.23656e-01   7.89003e-02   1.61846e-01   1.87689e-01   9.39881e-02  -1.42236e-02   8.83624e-02   1.05849e-01  -7.89211e-02   8.66570e-02   8.62924e-02   1.11298e-01   9.79130e-02   1.09370e-01   3.37197e-02   7.50989e-03   8.40843e-02
T7   -6.05591e-01  -2.72234e-02   4.49657e-03  -1.37491e-02   8.68304e-03  -3.60852e-02   3.84273e-02   9.39881e-02  -9.23421e-02  -3.84185e-02   1.72108e-02   2.93791e-02   7.54749e-02  -3.02741e-02  -4.94592e-03  -1.27833e-02  -1.50265e-02  -1.22116e-02  -2.32135e-02  -6.48196e-03  -1.36123e-02
T8    3.35267e-01   3.73593e-02   5.64562e-02   2.12202e-02  -7.05020e-02  -8.58278e-02   4.88245e-02  -1.42236e-02  -3.84185e-02  -2.19145e-01   5.88982e-02   4.66533e-02   1.92677e-01  -2.84756e-02  -2.00802e-02   1.10467e-02  -1.96951e-02   4.59486e-03  -8.07074e-02  -3.97774e-02   3.87120e-02
T9    8.57237e-01  -7.04901e-02   1.19220e-01   4.72202e-02   1.12734e-01  -1.11350e-01   6.91763e-02   8.83624e-02   1.72108e-02   5.88982e-02  -2.68147e-01  -1.82783e-01   6.22721e-02  -1.22368e-01  -1.79375e-01   5.33408e-02   3.38969e-03  -3.59553e-02  -7.09118e-02  -9.05699e-02  -1.77287e-01
T10    1.13775e-01  -8.86268e-02   7.63593e-02   1.12303e-01   1.23852e-01  -1.09250e-01   4.95217e-02   1.05849e-01   2.93791e-02   4.66533e-02  -1.82783e-01  -2.22382e-01   1.46265e-01  -1.03619e-01  -1.64075e-01   3.54261e-02   1.90552e-02  -2.03433e-03  -1.02710e-01  -5.67914e-02  -1.55189e-01
T11   -1.73803e+00   1.45438e-01   3.69581e-01   4.01463e-02  -1.02499e-01   4.31024e-02   1.80117e-01  -7.89211e-02   7.54749e-02   1.92677e-01   6.22721e-02   1.46265e-01   1.77825e-01   1.13679e-01   8.22772e-02   1.47476e-01   8.01934e-02   1.02792e-01   1.29496e-01   1.71179e-02   7.98436e-02
T12    1.74518e+00  -6.08674e-02   7.13611e-02   1.59260e-02   7.42277e-02  -1.44665e-01   1.92970e-02   8.66570e-02  -3.02741e-02  -2.84756e-02  -1.22368e-01  -1.03619e-01   1.13679e-01  -3.82808e-01  -1.54035e-01  -2.74026e-03  -3.53777e-03  -2.25762e-02  -1.00481e-01  -7.51608e-02  -9.71965e-02
T13    1.18095e+00  -4.19246e-02   6.32938e-02   3.00331e-02   9.52729e-02  -1.47165e-01   3.89004e-02   8.62924e-02  -4.94592e-03  -2.00802e-02  -1.79375e-01  -1.64075e-01   8.22772e-02  -1.54035e-01  -2.45003e-01   1.64770e-02  -1.60902e-02  -1.81697e-02  -1.73447e-01  -1.40900e-01  -1.34293e-01
T14   -5.99519e-01   1.54938e-02   8.68745e-03   4.92924e-02   5.50953e-02  -5.32989e-02   3.03251e-02   1.11298e-01  -1.27833e-02   1.10467e-02   5.33408e-02   3.54261e-02   1.47476e-01  -2.74026e-03   1.64770e-02  -8.04160e-02   4.37563e-02   3.90151e-02  -9.53623e-02  -5.87279e-02   2.10150e-02
T15   -6.52707e-01   2.53623e-02   4.28257e-02  -2.17617e-02   4.13725e-02  -6.46203e-02   2.35677e-02   9.79130e-02  -1.50265e-02  -1.96951e-02   3.38969e-03   1.90552e-02   8.01934e-02  -3.53777e-03  -1.60902e-02   4.37563e-02  -5.43076e-02  -1.55141e-02  -1.80494e-02  -1.34461e-02   1.10952e-02
T16   -4.02674e-01  -7.39341e-03   6.97639e-02  -2.76529e-03   4.35453e-02  -3.77853e-02   2.57014e-02   1.09370e-01  -1.22116e-02   4.59486e-03  -3.59553e-02  -2.03433e-03   1.02792e-01  -2.25762e-02  -1.81697e-02   3.90151e-02  -1.55141e-02  -6.60581e-02  -9.92289e-03  -1.59720e-02  -5.13022e-02
T17    1.98187e+00  -3.49502e-02   1.63290e-03   9.62114e-03   1.67237e-02  -1.30974e-01  -2.73983e-02   3.37197e-02  -2.32135e-02  -8.07074e-02  -7.09118e-02  -1.02710e-01   1.29496e-01  -1.00481e-01  -1.73447e-01  -9.53623e-02  -1.80494e-02  -9.92289e-03  -3.32467e-01  -1.32101e-01  -6.74393e-02
T18    7.58149e-01   3.26773e-04   3.85106e-02  -2.64814e-02  -1.85821e-03  -7.60122e-02   7.24951e-03   7.50989e-03  -6.48196e-03  -3.97774e-02  -9.05699e-02  -5.67914e-02   1.71179e-02  -7.51608e-02  -1.40900e-01  -5.87279e-02  -1.34461e-02  -1.59720e-02  -1.32101e-01  -1.18154e-01  -5.51586e-02
T19    5.23494e-01  -9.60189e-02   5.93383e-02   8.37991e-02   1.05111e-01  -1.17619e-01   6.10184e-02   8.40843e-02  -1.36123e-02   3.87120e-02  -1.77287e-01  -1.55189e-01   7.98436e-02  -9.71965e-02  -1.34293e-01   2.10150e-02   1.10952e-02  -5.13022e-02  -6.74393e-02  -5.51586e-02  -2.08081e-01
