T0   -9.07834e-01  -1.23864e-01   3.62428e-01   3.92251e-01   5.53770e-01  -1.66820e-01   3.89450e-01   6.46993e-01   6.71774e-02   2.26424e-01  -3.11483e-01  -3.01554e-01   6.99225e-01  -2.08147e-01  -3.19070e-01   1.86760e-01   2.14972e-01   9.48777e-02  -2.71286e-01  -1.31170e-01  -3.02886e-01
T1   -6.24644e-01   3.62428e-01   6.49639e-01   3.03270e-01  -5.41099e-01   1.08009e-01   2.55179e-01  -5.32363e-01   1.51485e-01   2.94259e-01   1.41458e-01   2.19598e-02   1.24082e+00   6.69117e-02  -7.54091e-02   2.46196e-01   2.67317e-01   2.13891e-01  -3.04273e-01  -1.63543e-01   1.64419e-01
T2   -6.63436e-01   3.92251e-01   3.03270e-01  -1.50758e-01   1.18947e-01   7.89809e-02   1.98391e-01   3.78265e-01   2.62510e-02   1.47821e-01   2.47940e-01   3.32754e-01   3.48629e-01   1.48027e-01   8.61327e-02   2.24470e-01   4.80471e-02   6.03068e-02  -7.52174e-03  -4.55765e-02   2.93236e-01
T3   -1.10986e+00   5.53770e-01  -5.41099e-01   1.18947e-01   7.01767e-01   3.41143e-01   4.26795e-01   1.06990e+00   2.56128e-01  -2.61006e-01   5.10894e-01   5.44326e-01  -3.05388e-01   4.10647e-01   3.61785e-01   4.52599e-01   1.24308e-01   1.98063e-01   1.25028e-01  -8.59390e-02   5.03932e-01
T4    2.00037e+00  -1.66820e-01   1.08009e-01   7.89809e-02   3.41143e-01  -1.86626e+00   1.33514e-01   3.94588e-01  -1.44714e-01  -2.93676e-01  -4.61247e-01  -4.62411e-01   3.04905e-01  -4.84773e-01  -6.33561e-01  -1.80923e-01  -6.34111e-02  -5.13332e-02  -5.67559e-01  -3.56851e-01  -4.43402e-01
T5   -5.85620e-01   3.89450e-01   2.55179e-01   1.98391e-01   4.26795e-01   1.33514e-01   2.03496e-01   5.45824e-01   2.51726e-01   1.99536e-01   9.53297e-02   8.52578e-02   5.02462e-01   3.49722e-02  -3.10815e-02   2.37449e-01   2.13036e-01   1.19889e-01  -1.81365e-01  -6.74985e-02   1.57422e-01
T6   -1.28078e+00   6.46993e-01  -5.32363e-01   3.78265e-01   1.06990e+00   3.94588e-01   5.45824e-01   1.17636e+00   5.46193e-01  -1.27555e-01   3.10054e-01   3.43275e-01  -2.91604e-01   3.22877e-01   1.96073e-01   4.93776e-01   2.91127e-01   3.03472e-01   2.58509e-02  -1.00246e-01   3.49018e-01
T7   -9.79157e-01   6.71774e-02   1.51485e-01   2.62510e-02   2.56128e-01  -1.44714e-01   2.51726e-01   5.46193e-01  -1.36883e-01   7.76814e-02   1.01671e-01   1.98688e-01   3.74602e-01   6.73045e-03  -3.57196e-02   9.52883e-02   1.91211e-02   5.13999e-02  -1.04816e-01  -2.54169e-02   2.08530e-02
T8    4.03299e-01   2.26424e-01   2.94259e-01   1.47821e-01  -2.61006e-01  -2.93676e-01   1.99536e-01  -1.27555e-01   7.76814e-02  -4.27427e-01   2.41398e-02  -2.46147e-02   6.41567e-01  -1.60199e-01  -2.37862e-01   1.31488e-01  -1.94966e-02   1.02396e-02  -3.67384e-01  -3.62698e-01   5.61652e-02
T9    7.05592e-01  -3.11483e-01   1.41458e-01   2.47940e-01   5.10894e-01  -4.61247e-01   9.53297e-02   3.10054e-01   1.01671e-01   2.41398e-02  -8.89704e-01  -7.87385e-01   2.09574e-01  -6.05366e-01  -7.52731e-01   3.13688e-02   1.22080e-01  -1.09080e-01  -4.65808e-01  -5.26169e-01  -6.98838e-01
T10    1.90324e-01  -3.01554e-01   2.19598e-02   3.32754e-01   5.44326e-01  -4.62411e-01   8.52578e-02   3.43275e-01   1.98688e-01  -2.46147e-02  -7.87385e-01  -8.72048e-01   2.65759e-01  -5.85591e-01  -7.73858e-01  -2.76731e-02   1.86621e-01  -3.28494e-02  -5.42735e-01  -5.14650e-01  -6.81246e-01
T11   -1.18823e+00   6.99225e-01   1.24082e+00   3.48629e-01  -3.05388e-01   3.04905e-01   5.02462e-01  -2.91604e-01   3.74602e-01   6.41567e-01   2.09574e-01   2.65759e-01   1.43063e+00   2.94516e-01   1.47911e-01   7.40474e-01   4.07679e-01   3.43162e-01   5.46334e-02  -1.20772e-01   2.91855e-01
T12    1.63288e+00  -2.08147e-01   6.69117e-02   1.48027e-01   4.10647e-01  -4.84773e-01   3.49722e-02   3.22877e-01   6.73045e-03  -1.60199e-01  -6.05366e-01  -5.85591e-01   2.94516e-01  -9.27927e-01  -7.79625e-01  -1.18557e-01   7.19463e-02  -6.24772e-02  -6.31251e-01  -5.28344e-01  -4.87011e-01
T13    1.29831e+00  -3.19070e-01  -7.54091e-02   8.61327e-02   3.61785e-01  -6.33561e-01  -3.10815e-02   1.96073e-01  -3.57196e-02  -2.37862e-01  -7.52731e-01  -7.73858e-01   1.47911e-01  -7.79625e-01  -9.75115e-01  -2.31316e-01  -2.14952e-02  -1.06718e-01  -7.16410e-01  -6.97424e-01  -6.44672e-01
T14   -5.51514e-01   1.86760e-01   2.46196e-01   2.24470e-01   4.52599e-01  -1.80923e-01   2.37449e-01   4.93776e-01   9.52883e-02   1.31488e-01   3.13688e-02  -2.76731e-02   7.40474e-01  -1.18557e-01  -2.31316e-01   8.82539e-02   2.06983e-01   1.42153e-01  -5.35473e-01  -3.95059e-01   3.21223e-02
T15   -8.70634e-01   2.14972e-01   2.67317e-01   4.80471e-02   1.24308e-01  -6.34111e-02   2.13036e-01   2.91127e-01   1.91211e-02  -1.94966e-02   1.22080e-01   1.86621e-01   4.07679e-01   7.19463e-02  -2.14952e-02   2.06983e-01   2.92034e-03   4.65753e-02  -6.56049e-02   2.75162e-02   1.11573e-01
T16   -5.82839e-01   9.48777e-02   2.13891e-01   6.03068e-02   1.98063e-01  -5.13332e-02   1.19889e-01   3.03472e-01   5.13999e-02   1.02396e-02  -1.09080e-01  -3.28494e-02   3.43162e-01  -6.24772e-02  -1.06718e-01   1.42153e-01   4.65753e-02  -1.19381e-01   8.69702e-04  -2.47205e-02  -1.09315e-01
T17    1.95888e+00  -2.71286e-01  -3.04273e-01  -7.52174e-03   1.25028e-01  -5.67559e-01  -1.81365e-01   2.58509e-02  -1.04816e-01  -3.67384e-01  -4.65808e-01  -5.42735e-01   5.46334e-02  -6.31251e-01  -7.16410e-01  -5.35473e-01  -6.56049e-02   8.69702e-04  -7.71972e-01  -5.00598e-01  -3.98496e-01
T18    9.35581e-01  -1.31170e-01  -1.63543e-01  -4.55765e-02  -8.59390e-02  -3.56851e-01  -6.74985e-02  -1.00246e-01  -2.54169e-02  -3.62698e-01  -5.26169e-01  -5.14650e-01  -1.20772e-01  -5.28344e-01  -6.97424e-01  -3.95059e-01   2.75162e-02  -2.47205e-02  -5.00598e-01  -4.75031e-01  -3.94090e-01
T19    2.19319e-01  -3.02886e-01   1.64419e-01   2.93236e-01   5.03932e-01  -4.43402e-01   1.57422e-01   3.49018e-01   2.08530e-02   5.61652e-02  -6.98838e-01  -6.81246e-01   2.91855e-01  -4.87011e-01  -6.44672e-01   3.21223e-02   1.11573e-01  -1.09315e-01  -3.98496e-01  -3.94090e-01  -6.89742e-01
