T0   -4.33350e-01  -7.43861e-02   1.85154e-02   4.63637e-02   2.22745e-02  -2.69318e-03   1.81662e-02   3.92199e-02  -2.57165e-02   1.71963e-02  -1.89030e-02  -3.66389e-02   7.64152e-02  -2.28803e-02  -9.81478e-03   6.82378e-03   1.66769e-02  -8.99503e-04  -1.15099e-02   1.15084e-02  -3.76644e-02
T1   -1.05784e+00   1.85154e-02   4.66917e-02   7.80076e-02  -5.64555e-02  -6.29168e-04   6.60165e-02  -4.89744e-02   2.31441e-02   3.61044e-02   3.52433e-02  -4.87936e-03   2.18647e-01  -7.03054e-03  -1.00524e-03   6.29972e-03   4.85109e-02   6.03550e-02  -1.91125e-02   9.53899e-03   1.34525e-02
T2   -7.87275e-01   4.63637e-02   7.80076e-02  -7.91124e-02   2.00319e-02   1.47348e-02   2.55168e-02   8.02221e-02  -5.69405e-03   2.92051e-02   4.69051e-03   4.46674e-02   4.00789e-02  -2.78807e-03   1.63214e-03   3.35878e-02  -1.20574e-02  -1.04116e-04  -1.89016e-03  -2.84220e-02   4.05237e-02
T3   -1.37118e+00   2.22745e-02  -5.64555e-02   2.00319e-02   6.63797e-02   4.80223e-02   6.55110e-02   1.35863e-01  -1.67651e-03  -1.25520e-02   3.23662e-02   4.27898e-02  -1.25510e-02   2.30748e-02   3.03913e-02   3.07313e-02   3.26175e-02   2.64879e-02  -8.78348e-03  -8.79455e-04   3.71847e-02
T4    2.34556e+00  -2.69318e-03  -6.29168e-04   1.47348e-02   4.80223e-02  -4.47391e-01   1.08872e-03   5.40869e-02  -9.44165e-03  -5.30595e-02  -4.55637e-02  -4.43374e-02   2.19749e-02  -7.04609e-02  -6.48769e-02  -1.23828e-02  -3.46052e-02  -6.07535e-03  -6.45337e-02  -2.78742e-02  -4.73759e-02
T5   -8.78758e-01   1.81662e-02   6.60165e-02   2.55168e-02   6.55110e-02   1.08872e-03  -2.44198e-02   1.04098e-01   3.74501e-02   3.53715e-02   1.58242e-02  -7.13036e-03   1.21672e-01  -1.27295e-02  -6.05496e-03   2.00979e-02   2.39929e-02   2.99624e-02  -3.40079e-02  -8.30728e-03   2.83110e-02
T6   -1.80660e+00   3.92199e-02  -4.89744e-02   8.02221e-02   1.35863e-01   5.40869e-02   1.04098e-01   1.06405e-01   4.89500e-02   1.21612e-02   8.22368e-03   1.33413e-02  -7.40043e-03   1.30438e-02   9.18146e-03   6.30925e-02   7.33785e-02   7.26596e-02   1.61132e-03  -6.15603e-04   2.76388e-02
T7   -6.16603e-01  -2.57165e-02   2.31441e-02  -5.69405e-03  -1.67651e-03  -9.44165e-03   3.74501e-02   4.89500e-02  -6.38198e-02  -1.46835e-02   1.09403e-02   2.18143e-02   6.98143e-02  -1.37357e-02   1.18856e-02  -1.21896e-02  -1.09933e-02  -1.21994e-02  -9.96428e-04   9.34693e-03  -7.51587e-03
T8    3.77080e-01   1.71963e-02   3.61044e-02   2.92051e-02  -1.25520e-02  -5.30595e-02   3.53715e-02   1.21612e-02  -1.46835e-02  -1.32828e-01   1.55813e-02   4.88673e-03   1.26045e-01  -3.59076e-02  -3.07776e-02  -2.27020e-03   2.51356e-03   1.13935e-02  -5.50615e-02  -2.82736e-02   1.57739e-02
T9    9.55550e-01  -1.89030e-02   3.52433e-02   4.69051e-03   3.23662e-02  -4.55637e-02   1.58242e-02   8.22368e-03   1.09403e-02   1.55813e-02  -1.41665e-01  -7.62236e-02  -1.88588e-02  -4.70319e-02  -7.78149e-02   3.42522e-02  -5.07638e-03  -1.91797e-02  -7.84840e-03  -3.96826e-02  -8.02142e-02
T10    2.55068e-01  -3.66389e-02  -4.87936e-03   4.46674e-02   4.27898e-02  -4.43374e-02  -7.13036e-03   1.33413e-02   2.18143e-02   4.88673e-03  -7.62236e-02  -1.08998e-01   2.70711e-02  -3.19284e-02  -7.12284e-02   1.66782e-02   2.18525e-03  -2.48943e-03  -3.70128e-02  -1.98678e-02  -6.76626e-02
T11   -1.82255e+00   7.64152e-02   2.18647e-01   4.00789e-02  -1.25510e-02   2.19749e-02   1.21672e-01  -7.40043e-03   6.98143e-02   1.26045e-01  -1.88588e-02   2.70711e-02   6.23485e-02   1.00611e-02  -5.04215e-03   8.73915e-02   6.99438e-02   7.74080e-02   4.10837e-02  -1.31865e-02   2.09088e-02
T12    1.89638e+00  -2.28803e-02  -7.03054e-03  -2.78807e-03   2.30748e-02  -7.04609e-02  -1.27295e-02   1.30438e-02  -1.37357e-02  -3.59076e-02  -4.70319e-02  -3.19284e-02   1.00611e-02  -2.66887e-01  -5.75064e-02   7.04059e-04  -6.37047e-03  -9.03095e-03  -3.13847e-02  -2.68306e-02  -2.92118e-02
T13    1.34600e+00  -9.81478e-03  -1.00524e-03   1.63214e-03   3.03913e-02  -6.48769e-02  -6.05496e-03   9.18146e-03   1.18856e-02  -3.07776e-02  -7.78149e-02  -7.12284e-02  -5.04215e-03  -5.75064e-02  -1.21639e-01   8.54765e-03  -1.49148e-02  -1.69213e-02  -7.59545e-02  -7.13575e-02  -5.83809e-02
T14   -6.42395e-01   6.82378e-03   6.29972e-03   3.35878e-02   3.07313e-02  -1.23828e-02   2.00979e-02   6.30925e-02  -1.21896e-02  -2.27020e-03   3.42522e-02   1.66782e-02   8.73915e-02   7.04059e-04   8.54765e-03  -6.08758e-02   2.91662e-02   2.10171e-02  -5.05574e-02  -2.33356e-02   1.09837e-02
T15   -7.06230e-01   1.66769e-02   4.85109e-02  -1.20574e-02   3.26175e-02  -3.46052e-02   2.39929e-02   7.33785e-02  -1.09933e-02   2.51356e-03  -5.07638e-03   2.18525e-03   6.99438e-02  -6.37047e-03  -1.49148e-02   2.91662e-02  -4.09864e-02  -7.84051e-03  -1.38179e-02  -8.48159e-03   5.76520e-03
T16   -4.63796e-01  -8.99503e-04   6.03550e-02  -1.04116e-04   2.64879e-02  -6.07535e-03   2.99624e-02   7.26596e-02  -1.21994e-02   1.13935e-02  -1.91797e-02  -2.48943e-03   7.74080e-02  -9.03095e-03  -1.69213e-02   2.10171e-02  -7.84051e-03  -3.98189e-02  -9.08723e-03  -1.08649e-02  -2.59193e-02
T17    2.07803e+00  -1.15099e-02  -1.91125e-02  -1.89016e-03  -8.78348e-03  -6.45337e-02  -3.40079e-02   1.61132e-03  -9.96428e-04  -5.50615e-02  -7.84840e-03  -3.70128e-02   4.10837e-02  -3.13847e-02  -7.59545e-02  -5.05574e-02  -1.38179e-02  -9.08723e-03  -2.13987e-01  -7.14984e-02  -2.04709e-02
T18    8.39146e-01   1.15084e-02   9.53899e-03  -2.84220e-02  -8.79455e-04  -2.78742e-02  -8.30728e-03  -6.15603e-04   9.34693e-03  -2.82736e-02  -3.96826e-02  -1.98678e-02  -1.31865e-02  -2.68306e-02  -7.13575e-02  -2.33356e-02  -8.48159e-03  -1.08649e-02  -7.14984e-02  -8.14149e-02  -1.40528e-02
T19    4.93780e-01  -3.76644e-02   1.34525e-02   4.05237e-02   3.71847e-02  -4.73759e-02   2.83110e-02   2.76388e-02  -7.51587e-03   1.57739e-02  -8.02142e-02  -6.76626e-02   2.09088e-02  -2.92118e-02  -5.83809e-02   1.09837e-02   5.76520e-03  -2.59193e-02  -2.04709e-02  -1.40528e-02  -1.05603e-01
