T0   -9.28725e-01  -1.30102e-01   3.45395e-01   3.52073e-01   4.89481e-01  -1.58784e-01   3.67163e-01   6.11852e-01   3.86801e-02   2.15717e-01  -2.63428e-01  -2.49183e-01   6.46902e-01  -1.74851e-01  -2.69767e-01   1.63128e-01   1.80367e-01   7.66669e-02  -2.36770e-01  -9.54424e-02  -2.71286e-01
T1   -6.31193e-01   3.45395e-01   6.01551e-01   2.72044e-01  -5.24224e-01   1.10902e-01   2.34528e-01  -5.19830e-01   1.22848e-01   2.78349e-01   1.35379e-01   2.83916e-02   1.16246e+00   7.81466e-02  -6.33100e-02   1.82388e-01   2.34917e-01   1.84766e-01  -2.94890e-01  -1.46596e-01   1.66065e-01
T2   -6.77895e-01   3.52073e-01   2.72044e-01  -1.54003e-01   9.61338e-02   7.15926e-02   1.79097e-01   3.45359e-01   1.43545e-03   1.27708e-01   2.54790e-01   3.44237e-01   3.13902e-01   1.58209e-01   9.55651e-02   1.79690e-01   2.77902e-02   5.33611e-02  -1.74139e-02  -3.09241e-02   2.91101e-01
T3   -1.12673e+00   4.89481e-01  -5.24224e-01   9.61338e-02   6.33352e-01   3.15898e-01   3.85269e-01   9.72661e-01   1.87860e-01  -2.55540e-01   4.97590e-01   5.46212e-01  -3.17809e-01   3.87532e-01   3.35806e-01   4.04553e-01   1.16517e-01   1.90844e-01   8.77333e-02  -6.96056e-02   4.94055e-01
T4    1.99148e+00  -1.58784e-01   1.10902e-01   7.15926e-02   3.15898e-01  -1.75288e+00   1.29014e-01   3.90074e-01  -1.44562e-01  -2.51768e-01  -4.05913e-01  -4.04752e-01   2.86097e-01  -4.27718e-01  -5.75019e-01  -1.56577e-01  -7.77413e-02  -5.34437e-02  -5.33524e-01  -3.20357e-01  -4.00571e-01
T5   -6.20587e-01   3.67163e-01   2.34528e-01   1.79097e-01   3.85269e-01   1.29014e-01   1.80686e-01   5.04470e-01   2.07447e-01   1.91790e-01   1.17393e-01   1.15931e-01   4.75367e-01   5.14675e-02  -1.79478e-02   2.23150e-01   1.94406e-01   1.22372e-01  -2.05385e-01  -5.66708e-02   1.77297e-01
T6   -1.31977e+00   6.11852e-01  -5.19830e-01   3.45359e-01   9.72661e-01   3.90074e-01   5.04470e-01   1.06652e+00   4.75100e-01  -1.23743e-01   3.16788e-01   3.61320e-01  -2.94128e-01   3.16577e-01   1.91114e-01   4.69982e-01   2.85150e-01   2.96026e-01  -9.51363e-03  -8.43674e-02   3.58620e-01
T7   -9.52028e-01   3.86801e-02   1.22848e-01   1.43545e-03   1.87860e-01  -1.44562e-01   2.07447e-01   4.75100e-01  -1.29173e-01   4.71259e-02   9.49507e-02   2.01517e-01   3.24979e-01   1.61265e-02  -2.65437e-02   6.56397e-02  -1.34833e-02   2.37972e-02  -1.00745e-01  -2.34644e-02   1.98785e-02
T8    3.91424e-01   2.15717e-01   2.78349e-01   1.27708e-01  -2.55540e-01  -2.51768e-01   1.91790e-01  -1.23743e-01   4.71259e-02  -4.03050e-01   3.80834e-02   3.18490e-03   6.16454e-01  -1.37115e-01  -2.09127e-01   1.10615e-01  -1.78245e-02   1.00570e-02  -3.71386e-01  -3.31448e-01   6.67358e-02
T9    7.00370e-01  -2.63428e-01   1.35379e-01   2.54790e-01   4.97590e-01  -4.05913e-01   1.17393e-01   3.16788e-01   9.49507e-02   3.80834e-02  -8.30550e-01  -7.25024e-01   2.15196e-01  -5.52449e-01  -7.20900e-01   5.29213e-02   1.30000e-01  -8.86185e-02  -4.75931e-01  -4.96131e-01  -6.32358e-01
T10    1.42435e-01  -2.49183e-01   2.83916e-02   3.44237e-01   5.46212e-01  -4.04752e-01   1.15931e-01   3.61320e-01   2.01517e-01   3.18490e-03  -7.25024e-01  -7.96367e-01   2.81807e-01  -5.27241e-01  -7.33792e-01   1.27255e-02   1.95337e-01  -8.10222e-03  -5.72636e-01  -4.70311e-01  -6.06138e-01
T11   -1.22320e+00   6.46902e-01   1.16246e+00   3.13902e-01  -3.17809e-01   2.86097e-01   4.75367e-01  -2.94128e-01   3.24979e-01   6.16454e-01   2.15196e-01   2.81807e-01   1.28981e+00   2.97646e-01   1.47042e-01   6.65410e-01   3.61887e-01   3.08553e-01   3.43720e-02  -1.00928e-01   2.94975e-01
T12    1.60654e+00  -1.74851e-01   7.81466e-02   1.58209e-01   3.87532e-01  -4.27718e-01   5.14675e-02   3.16577e-01   1.61265e-02  -1.37115e-01  -5.52449e-01  -5.27241e-01   2.97646e-01  -8.67889e-01  -7.24382e-01  -7.51562e-02   8.07602e-02  -4.49613e-02  -6.30083e-01  -4.84146e-01  -4.34057e-01
T13    1.36377e+00  -2.69767e-01  -6.33100e-02   9.55651e-02   3.35806e-01  -5.75019e-01  -1.79478e-02   1.91114e-01  -2.65437e-02  -2.09127e-01  -7.20900e-01  -7.33792e-01   1.47042e-01  -7.24382e-01  -9.38373e-01  -1.93763e-01  -1.10793e-02  -1.01424e-01  -7.29116e-01  -6.65018e-01  -5.92580e-01
T14   -5.62287e-01   1.63128e-01   1.82388e-01   1.79690e-01   4.04553e-01  -1.56577e-01   2.23150e-01   4.69982e-01   6.56397e-02   1.10615e-01   5.29213e-02   1.27255e-02   6.65410e-01  -7.51562e-02  -1.93763e-01   5.42751e-02   1.68836e-01   1.21470e-01  -5.20089e-01  -3.56299e-01   5.48282e-02
T15   -8.68289e-01   1.80367e-01   2.34917e-01   2.77902e-02   1.16517e-01  -7.77413e-02   1.94406e-01   2.85150e-01  -1.34833e-02  -1.78245e-02   1.30000e-01   1.95337e-01   3.61887e-01   8.07602e-02  -1.10793e-02   1.68836e-01  -2.37482e-02   3.43396e-02  -6.01083e-02   2.00244e-02   1.04333e-01
T16   -5.86760e-01   7.66669e-02   1.84766e-01   5.33611e-02   1.90844e-01  -5.34437e-02   1.22372e-01   2.96026e-01   2.37972e-02   1.00570e-02  -8.86185e-02  -8.10222e-03   3.08553e-01  -4.49613e-02  -1.01424e-01   1.21470e-01   3.43396e-02  -1.11540e-01  -4.40746e-02  -2.00475e-02  -8.74882e-02
T17    2.16671e+00  -2.36770e-01  -2.94890e-01  -1.74139e-02   8.77333e-02  -5.33524e-01  -2.05385e-01  -9.51363e-03  -1.00745e-01  -3.71386e-01  -4.75931e-01  -5.72636e-01   3.43720e-02  -6.30083e-01  -7.29116e-01  -5.20089e-01  -6.01083e-02  -4.40746e-02  -7.99641e-01  -5.38985e-01  -4.10180e-01
T18    9.57537e-01  -9.54424e-02  -1.46596e-01  -3.09241e-02  -6.96056e-02  -3.20357e-01  -5.66708e-02  -8.43674e-02  -2.34644e-02  -3.31448e-01  -4.96131e-01  -4.70311e-01  -1.00928e-01  -4.84146e-01  -6.65018e-01  -3.56299e-01   2.00244e-02  -2.00475e-02  -5.38985e-01  -4.54371e-01  -3.56091e-01
T19    1.77193e-01  -2.71286e-01   1.66065e-01   2.91101e-01   4.94055e-01  -4.00571e-01   1.77297e-01   3.58620e-01   1.98785e-02   6.67358e-02  -6.32358e-01  -6.06138e-01   2.94975e-01  -4.34057e-01  -5.92580e-01   5.48282e-02   1.04333e-01  -8.74882e-02  -4.10180e-01  -3.56091e-01  -6.25479e-01
