T0   -4.26126e-01  -9.50426e-02   2.15701e-02   6.77187e-02   4.65164e-02  -1.48709e-02   2.58231e-02   6.33582e-02  -2.23766e-02   1.95773e-02  -4.20635e-02  -6.23299e-02   1.02604e-01  -4.24906e-02  -3.27821e-02   1.70897e-02   2.85392e-02   3.58180e-03  -2.71650e-02  -2.04895e-03  -6.19429e-02
T1   -1.07711e+00   2.15701e-02   8.43533e-02   8.61623e-02  -1.07976e-01   4.49872e-03   8.06524e-02  -9.24203e-02   1.78024e-02   4.55254e-02   7.27739e-02   3.19495e-02   2.94789e-01   2.81319e-02   3.18246e-02   5.35445e-03   4.38273e-02   6.63882e-02  -2.91205e-03   2.76884e-02   3.54248e-02
T2   -7.85587e-01   6.77187e-02   8.61623e-02  -9.51228e-02   2.34611e-02   9.44332e-03   3.30584e-02   9.84698e-02  -7.43617e-03   2.68995e-02   2.24688e-02   7.10913e-02   4.26343e-02   3.99961e-04   1.41967e-02   4.07927e-02  -1.47325e-02   1.77162e-03   5.14082e-04  -2.82436e-02   5.79739e-02
T3   -1.36315e+00   4.65164e-02  -1.07976e-01   2.34611e-02   1.04067e-01   5.55924e-02   8.40387e-02   1.79966e-01   2.56376e-04  -3.74917e-02   6.22182e-02   7.43783e-02  -4.94204e-02   4.38571e-02   6.01895e-02   4.34694e-02   4.08224e-02   3.74350e-02   3.83447e-03   1.29111e-03   6.55279e-02
T4    2.47863e+00  -1.48709e-02   4.49872e-03   9.44332e-03   5.55924e-02  -5.68400e-01  -1.37065e-03   6.48911e-02  -2.06179e-02  -6.88482e-02  -7.42209e-02  -7.43031e-02   3.37746e-02  -1.07079e-01  -1.06687e-01  -2.87648e-02  -4.53212e-02  -1.61532e-02  -9.18719e-02  -5.55348e-02  -7.71253e-02
T5   -8.73571e-01   2.58231e-02   8.06524e-02   3.30584e-02   8.40387e-02  -1.37065e-03  -1.16532e-02   1.31470e-01   4.69779e-02   4.44547e-02   3.75537e-02   1.21065e-02   1.50959e-01  -5.20679e-03   1.61867e-02   2.60922e-02   2.14018e-02   2.85711e-02  -3.45751e-02  -1.48686e-03   4.19484e-02
T6   -1.78718e+00   6.33582e-02  -9.24203e-02   9.84698e-02   1.79966e-01   6.48911e-02   1.31470e-01   1.48452e-01   7.20218e-02   7.53582e-03   3.61812e-02   4.55631e-02  -3.37540e-02   3.21879e-02   4.17321e-02   8.92844e-02   8.96360e-02   9.05359e-02   2.16966e-02   9.12850e-03   5.25830e-02
T7   -6.69664e-01  -2.23766e-02   1.78024e-02  -7.43617e-03   2.56376e-04  -2.06179e-02   4.69779e-02   7.20218e-02  -7.94861e-02  -2.37157e-02   1.80681e-02   2.90467e-02   8.02635e-02  -1.94852e-02   5.19922e-03  -1.55325e-02  -9.84213e-03  -1.01897e-02  -9.53423e-03   3.11041e-03  -4.53689e-03
T8    3.51238e-01   1.95773e-02   4.55254e-02   2.68995e-02  -3.74917e-02  -6.88482e-02   4.44547e-02   7.53582e-03  -2.37157e-02  -1.70648e-01   3.21141e-02   2.27736e-02   1.58359e-01  -3.25332e-02  -2.61355e-02   3.19221e-03  -1.12890e-02   7.86558e-03  -6.70321e-02  -2.74612e-02   2.57146e-02
T9    9.68008e-01  -4.20635e-02   7.27739e-02   2.24688e-02   6.22182e-02  -7.42209e-02   3.75537e-02   3.61812e-02   1.80681e-02   3.21141e-02  -2.06280e-01  -1.28722e-01   7.36236e-03  -8.33575e-02  -1.27553e-01   4.56740e-02  -3.34650e-03  -2.95293e-02  -3.82540e-02  -6.30752e-02  -1.27695e-01
T10    2.36048e-01  -6.23299e-02   3.19495e-02   7.10913e-02   7.43783e-02  -7.43031e-02   1.21065e-02   4.55631e-02   2.90467e-02   2.27736e-02  -1.28722e-01  -1.64674e-01   7.31082e-02  -6.48145e-02  -1.14461e-01   2.39722e-02   6.76776e-03  -7.00189e-03  -6.92657e-02  -3.39757e-02  -1.10454e-01
T11   -1.79787e+00   1.02604e-01   2.94789e-01   4.26343e-02  -4.94204e-02   3.37746e-02   1.50959e-01  -3.37540e-02   8.02635e-02   1.58359e-01   7.36236e-03   7.31082e-02   1.14862e-01   4.99256e-02   3.53024e-02   1.19529e-01   7.62361e-02   9.17895e-02   8.55176e-02   3.17558e-03   4.27627e-02
T12    1.86332e+00  -4.24906e-02   2.81319e-02   3.99961e-04   4.38571e-02  -1.07079e-01  -5.20679e-03   3.21879e-02  -1.94852e-02  -3.25332e-02  -8.33575e-02  -6.48145e-02   4.99256e-02  -3.28912e-01  -9.74573e-02   8.11421e-04  -8.04786e-03  -1.41126e-02  -6.18453e-02  -5.28626e-02  -6.26595e-02
T13    1.29417e+00  -3.27821e-02   3.18246e-02   1.41967e-02   6.01895e-02  -1.06687e-01   1.61867e-02   4.17321e-02   5.19922e-03  -2.61355e-02  -1.27553e-01  -1.14461e-01   3.53024e-02  -9.74573e-02  -1.79448e-01   1.45133e-02  -2.08606e-02  -2.19136e-02  -1.23485e-01  -1.03502e-01  -9.57807e-02
T14   -6.53036e-01   1.70897e-02   5.35445e-03   4.07927e-02   4.34694e-02  -2.87648e-02   2.60922e-02   8.92844e-02  -1.55325e-02   3.19221e-03   4.56740e-02   2.39722e-02   1.19529e-01   8.11421e-04   1.45133e-02  -6.71184e-02   3.96449e-02   3.20611e-02  -6.95644e-02  -4.30287e-02   1.69341e-02
T15   -7.00766e-01   2.85392e-02   4.38273e-02  -1.47325e-02   4.08224e-02  -4.53212e-02   2.14018e-02   8.96360e-02  -9.84213e-03  -1.12890e-02  -3.34650e-03   6.76776e-03   7.62361e-02  -8.04786e-03  -2.08606e-02   3.96449e-02  -4.12331e-02  -5.75400e-03  -2.04559e-02  -1.38148e-02   1.03639e-02
T16   -4.51545e-01   3.58180e-03   6.63882e-02   1.77162e-03   3.74350e-02  -1.61532e-02   2.85711e-02   9.05359e-02  -1.01897e-02   7.86558e-03  -2.95293e-02  -7.00189e-03   9.17895e-02  -1.41126e-02  -2.19136e-02   3.20611e-02  -5.75400e-03  -4.62916e-02  -1.25366e-02  -1.57449e-02  -3.60133e-02
T17    2.05805e+00  -2.71650e-02  -2.91205e-03   5.14082e-04   3.83447e-03  -9.18719e-02  -3.45751e-02   2.16966e-02  -9.53423e-03  -6.70321e-02  -3.82540e-02  -6.92657e-02   8.55176e-02  -6.18453e-02  -1.23485e-01  -6.95644e-02  -2.04559e-02  -1.25366e-02  -2.68742e-01  -9.82777e-02  -4.70981e-02
T18    8.07594e-01  -2.04895e-03   2.76884e-02  -2.82436e-02   1.29111e-03  -5.55348e-02  -1.48686e-03   9.12850e-03   3.11041e-03  -2.74612e-02  -6.30752e-02  -3.39757e-02   3.17558e-03  -5.28626e-02  -1.03502e-01  -4.30287e-02  -1.38148e-02  -1.57449e-02  -9.82777e-02  -9.47919e-02  -3.58835e-02
T19    5.28546e-01  -6.19429e-02   3.54248e-02   5.79739e-02   6.55279e-02  -7.71253e-02   4.19484e-02   5.25830e-02  -4.53689e-03   2.57146e-02  -1.27695e-01  -1.10454e-01   4.27627e-02  -6.26595e-02  -9.57807e-02   1.69341e-02   1.03639e-02  -3.60133e-02  -4.70981e-02  -3.58835e-02  -1.53374e-01
