T0   -8.41109e-01  -1.28318e-01   3.77811e-01   4.17784e-01   5.89167e-01  -1.96389e-01   3.94577e-01   6.58202e-01   8.85317e-02   2.15196e-01  -3.73686e-01  -3.69662e-01   7.35196e-01  -2.65873e-01  -3.78950e-01   1.94216e-01   2.41892e-01   9.00996e-02  -2.95543e-01  -1.71463e-01  -3.57450e-01
T1   -6.10793e-01   3.77811e-01   6.81283e-01   3.23153e-01  -5.60171e-01   1.00712e-01   2.78785e-01  -5.47198e-01   1.85935e-01   3.14801e-01   1.61579e-01   3.67495e-02   1.31054e+00   7.20269e-02  -6.89210e-02   3.10052e-01   2.91381e-01   2.48316e-01  -3.02396e-01  -1.72806e-01   1.62562e-01
T2   -6.26952e-01   4.17784e-01   3.23153e-01  -1.50265e-01   1.42669e-01   9.35469e-02   2.04078e-01   4.08664e-01   5.17835e-02   1.47673e-01   2.56541e-01   3.23369e-01   3.68574e-01   1.46594e-01   1.00089e-01   2.53243e-01   5.24389e-02   5.67411e-02   2.25200e-02  -5.21935e-02   2.85562e-01
T3   -1.07102e+00   5.89167e-01  -5.60171e-01   1.42669e-01   7.71900e-01   3.51348e-01   4.62493e-01   1.16420e+00   3.25293e-01  -2.79337e-01   5.32767e-01   5.52048e-01  -3.03200e-01   4.40751e-01   4.16506e-01   4.83390e-01   1.23347e-01   2.02563e-01   1.86158e-01  -1.02354e-01   5.02311e-01
T4    2.04430e+00  -1.96389e-01   1.00712e-01   9.35469e-02   3.51348e-01  -2.00296e+00   1.06966e-01   3.99628e-01  -1.49312e-01  -3.47462e-01  -5.29355e-01  -5.39531e-01   3.16378e-01  -5.52025e-01  -6.90685e-01  -2.11005e-01  -5.59463e-02  -7.11804e-02  -5.73292e-01  -4.00287e-01  -5.12829e-01
T5   -5.34376e-01   3.94577e-01   2.78785e-01   2.04078e-01   4.62493e-01   1.06966e-01   2.11390e-01   5.81770e-01   2.82753e-01   2.04294e-01   9.46505e-02   6.06412e-02   5.22768e-01   1.65342e-02  -1.91103e-02   2.50822e-01   2.24941e-01   1.09801e-01  -1.45836e-01  -7.30023e-02   1.27714e-01
T6   -1.22425e+00   6.58202e-01  -5.47198e-01   4.08664e-01   1.16420e+00   3.99628e-01   5.81770e-01   1.27164e+00   6.02162e-01  -1.54837e-01   3.14463e-01   3.36194e-01  -2.96896e-01   3.28258e-01   2.32642e-01   5.12065e-01   2.95344e-01   3.03073e-01   7.60606e-02  -1.17965e-01   3.37138e-01
T7   -9.79232e-01   8.85317e-02   1.85935e-01   5.17835e-02   3.25293e-01  -1.49312e-01   2.82753e-01   6.02162e-01  -1.43845e-01   1.08720e-01   9.73177e-02   1.81833e-01   4.24765e-01  -6.46939e-03  -5.36226e-02   1.29031e-01   5.96328e-02   7.85084e-02  -1.02052e-01  -2.63381e-02   2.37144e-02
T8    4.35578e-01   2.15196e-01   3.14801e-01   1.47673e-01  -2.79337e-01  -3.47462e-01   2.04294e-01  -1.54837e-01   1.08720e-01  -4.66568e-01   2.16899e-02  -3.84356e-02   6.49407e-01  -1.88242e-01  -2.58873e-01   1.29806e-01  -2.63192e-02   2.20395e-03  -3.47487e-01  -3.93842e-01   4.02254e-02
T9    6.60952e-01  -3.73686e-01   1.61579e-01   2.56541e-01   5.32767e-01  -5.29355e-01   9.46505e-02   3.14463e-01   9.73177e-02   2.16899e-02  -9.42649e-01  -8.40240e-01   2.27552e-01  -6.48590e-01  -7.62650e-01   1.34042e-02   1.14133e-01  -1.19450e-01  -4.33073e-01  -5.37780e-01  -7.65452e-01
T10    1.78853e-01  -3.69662e-01   3.67495e-02   3.23369e-01   5.52048e-01  -5.39531e-01   6.06412e-02   3.36194e-01   1.81833e-01  -3.84356e-02  -8.40240e-01  -9.31268e-01   2.63881e-01  -6.36505e-01  -7.81141e-01  -6.27312e-02   1.65613e-01  -5.53850e-02  -4.98648e-01  -5.41856e-01  -7.60075e-01
T11   -1.13618e+00   7.35196e-01   1.31054e+00   3.68574e-01  -3.03200e-01   3.16378e-01   5.22768e-01  -2.96896e-01   4.24765e-01   6.49407e-01   2.27552e-01   2.63881e-01   1.54149e+00   2.97559e-01   1.72426e-01   8.07622e-01   4.46441e-01   3.77466e-01   9.45897e-02  -1.27599e-01   2.91353e-01
T12    1.63466e+00  -2.65873e-01   7.20269e-02   1.46594e-01   4.40751e-01  -5.52025e-01   1.65342e-02   3.28258e-01  -6.46939e-03  -1.88242e-01  -6.48590e-01  -6.36505e-01   2.97559e-01  -9.97144e-01  -8.18607e-01  -1.62377e-01   6.11834e-02  -7.72351e-02  -6.33387e-01  -5.67056e-01  -5.42458e-01
T13    1.13881e+00  -3.78950e-01  -6.89210e-02   1.00089e-01   4.16506e-01  -6.90685e-01  -1.91103e-02   2.32642e-01  -5.36226e-02  -2.58873e-01  -7.62650e-01  -7.81141e-01   1.72426e-01  -8.18607e-01  -9.86830e-01  -2.54551e-01  -3.37593e-02  -8.96907e-02  -6.86079e-01  -7.00086e-01  -6.71218e-01
T14   -5.21978e-01   1.94216e-01   3.10052e-01   2.53243e-01   4.83390e-01  -2.11005e-01   2.50822e-01   5.12065e-01   1.29031e-01   1.29806e-01   1.34042e-02  -6.27312e-02   8.07622e-01  -1.62377e-01  -2.54551e-01   1.15198e-01   2.41254e-01   1.62467e-01  -5.44056e-01  -4.28478e-01   1.51744e-03
T15   -8.40877e-01   2.41892e-01   2.91381e-01   5.24389e-02   1.23347e-01  -5.59463e-02   2.24941e-01   2.95344e-01   5.96328e-02  -2.63192e-02   1.14133e-01   1.65613e-01   4.46441e-01   6.11834e-02  -3.37593e-02   2.41254e-01   1.71950e-02   4.74866e-02  -6.06786e-02   2.13571e-02   9.97370e-02
T16   -5.59763e-01   9.00996e-02   2.48316e-01   5.67411e-02   2.02563e-01  -7.11804e-02   1.09801e-01   3.03073e-01   7.85084e-02   2.20395e-03  -1.19450e-01  -5.53850e-02   3.77466e-01  -7.72351e-02  -8.96907e-02   1.62467e-01   4.74866e-02  -1.38844e-01   7.41829e-02  -2.11166e-02  -1.45355e-01
T17    1.72161e+00  -2.95543e-01  -3.02396e-01   2.25200e-02   1.86158e-01  -5.73292e-01  -1.45836e-01   7.60606e-02  -1.02052e-01  -3.47487e-01  -4.33073e-01  -4.98648e-01   9.45897e-02  -6.33387e-01  -6.86079e-01  -5.44056e-01  -6.06786e-02   7.41829e-02  -7.21120e-01  -4.25446e-01  -3.62184e-01
T18    8.71256e-01  -1.71463e-01  -1.72806e-01  -5.21935e-02  -1.02354e-01  -4.00287e-01  -7.30023e-02  -1.17965e-01  -2.63381e-02  -3.93842e-01  -5.37780e-01  -5.41856e-01  -1.27599e-01  -5.67056e-01  -7.00086e-01  -4.28478e-01   2.13571e-02  -2.11166e-02  -4.25446e-01  -4.71758e-01  -4.24362e-01
T19    2.60505e-01  -3.57450e-01   1.62562e-01   2.85562e-01   5.02311e-01  -5.12829e-01   1.27714e-01   3.37138e-01   2.37144e-02   4.02254e-02  -7.65452e-01  -7.60075e-01   2.91353e-01  -5.42458e-01  -6.71218e-01   1.51744e-03   9.97370e-02  -1.45355e-01  -3.62184e-01  -4.24362e-01  -7.73472e-01
