T0   -4.01738e-01  -4.81509e-02   4.47602e-03   1.91928e-02   2.67400e-03   1.00444e-02   2.08583e-03   1.13953e-02  -1.48289e-02   5.18916e-03   2.58675e-03  -1.15756e-02   3.21860e-02  -3.40781e-03   6.40506e-03   2.55038e-03   7.26467e-03  -2.89712e-03   3.55073e-03   1.25427e-02  -1.28422e-02
T1   -9.99580e-01   4.47602e-03   2.49124e-02   5.44894e-02  -1.66403e-02  -8.73885e-03   4.84099e-02  -1.03062e-02   9.93953e-03   2.80676e-02   5.69045e-03  -1.68597e-02   1.37452e-01  -1.82829e-02  -9.67385e-03   4.84181e-03   2.94858e-02   3.30826e-02  -1.95606e-02   5.56170e-03  -3.71776e-03
T2   -6.41826e-01   1.91928e-02   5.44894e-02  -5.24171e-02   1.60604e-02   8.16591e-03   1.12801e-02   4.89600e-02  -1.61332e-03   2.44222e-02  -1.11169e-02   1.90806e-02   2.40379e-02  -8.16117e-03  -4.48418e-03   2.59912e-02  -5.96645e-03  -9.91529e-04  -6.70637e-03  -2.29156e-02   1.45459e-02
T3   -1.23248e+00   2.67400e-03  -1.66403e-02   1.60604e-02   3.36871e-02   2.27733e-02   4.06210e-02   7.79380e-02   3.93940e-03   6.78200e-03   2.67576e-03   1.20471e-02   4.40158e-03  -3.05071e-06   3.18239e-03   2.22879e-02   2.56355e-02   1.48949e-02  -1.79891e-02  -1.11324e-02   6.22421e-03
T4    2.13769e+00   1.00444e-02  -8.73885e-03   8.16591e-03   2.27733e-02  -2.96273e-01  -2.34582e-03   2.27446e-02  -6.89360e-04  -4.40434e-02  -1.25366e-02  -1.30767e-02   4.67694e-03  -2.84803e-02  -2.25922e-02  -7.26544e-03  -2.21757e-02   2.38944e-04  -2.37411e-02  -4.90724e-03  -1.37589e-02
T5   -7.74823e-01   2.08583e-03   4.84099e-02   1.12801e-02   4.06210e-02  -2.34582e-03  -3.42617e-02   6.51357e-02   2.20649e-02   2.11467e-02  -8.30174e-04  -1.39948e-02   8.03606e-02  -1.12965e-02  -7.04694e-03   1.85253e-02   1.23752e-02   1.40760e-02  -2.73156e-02  -6.40644e-03   7.89470e-03
T6   -1.69331e+00   1.13953e-02  -1.03062e-02   4.89600e-02   7.79380e-02   2.27446e-02   6.51357e-02   5.38823e-02   2.56011e-02   1.63101e-02  -1.27160e-02  -6.51171e-03   9.32712e-03  -3.74117e-03  -8.42669e-03   3.76297e-02   4.66639e-02   3.85445e-02  -6.21620e-03  -5.14031e-03   1.93543e-03
T7   -5.03109e-01  -1.48289e-02   9.93953e-03  -1.61332e-03   3.93940e-03  -6.89360e-04   2.20649e-02   2.56011e-02  -3.75846e-02  -1.31672e-03   1.17083e-03   1.27648e-02   3.74022e-02  -8.06507e-03   2.64206e-03  -4.61386e-03   4.21840e-04  -5.48321e-03  -8.79637e-03   1.26199e-03  -1.03784e-02
T8    4.83396e-01   5.18916e-03   2.80676e-02   2.44222e-02   6.78200e-03  -4.40434e-02   2.11467e-02   1.63101e-02  -1.31672e-03  -7.59156e-02  -4.61560e-03  -9.98088e-03   8.10024e-02  -2.90442e-02  -2.30063e-02  -4.18897e-03   1.00888e-02   8.94965e-03  -3.60786e-02  -1.79091e-02  -1.39760e-03
T9    7.81969e-01   2.58675e-03   5.69045e-03  -1.11169e-02   2.67576e-03  -1.25366e-02  -8.30174e-04  -1.27160e-02   1.17083e-03  -4.61560e-03  -6.57325e-02  -2.28102e-02  -3.14711e-02  -8.55963e-03  -2.15900e-02   1.28165e-02  -8.95115e-03  -9.12565e-03   1.93979e-02  -7.55578e-03  -2.47835e-02
T10    7.85592e-02  -1.15756e-02  -1.68597e-02   1.90806e-02   1.20471e-02  -1.30767e-02  -1.39948e-02  -6.51171e-03   1.27648e-02  -9.98088e-03  -2.28102e-02  -4.98685e-02   1.38390e-03  -1.61834e-03  -2.14507e-02   3.00491e-03  -5.32065e-03   9.24751e-04  -2.87598e-03   1.79091e-03  -2.02730e-02
T11   -1.72633e+00   3.21860e-02   1.37452e-01   2.40379e-02   4.40158e-03   4.67694e-03   8.03606e-02   9.32712e-03   3.74022e-02   8.10024e-02  -3.14711e-02   1.38390e-03   2.44966e-02  -1.58692e-02  -1.51790e-02   5.37710e-02   4.09294e-02   4.11431e-02   1.55383e-02  -1.05133e-02  -2.73025e-03
T12    1.82001e+00  -3.40781e-03  -1.82829e-02  -8.16117e-03  -3.05071e-06  -2.84803e-02  -1.12965e-02  -3.74117e-03  -8.06507e-03  -2.90442e-02  -8.55963e-03  -1.61834e-03  -1.58692e-02  -1.87085e-01  -9.68858e-03  -9.62731e-03  -4.56000e-03  -2.20252e-03   4.52134e-04   2.17241e-03   3.83007e-04
T13    1.14241e+00   6.40506e-03  -9.67385e-03  -4.48418e-03   3.18239e-03  -2.25922e-02  -7.04694e-03  -8.42669e-03   2.64206e-03  -2.30063e-02  -2.15900e-02  -2.14507e-02  -1.51790e-02  -9.68858e-03  -5.74122e-02  -5.29003e-03  -1.70156e-02  -7.53910e-03  -2.49910e-02  -2.83817e-02  -1.49552e-02
T14   -5.64058e-01   2.55038e-03   4.84181e-03   2.59912e-02   2.22879e-02  -7.26544e-03   1.85253e-02   3.76297e-02  -4.61386e-03  -4.18897e-03   1.28165e-02   3.00491e-03   5.37710e-02  -9.62731e-03  -5.29003e-03  -3.38758e-02   2.40717e-02   9.64342e-03  -3.54008e-02  -1.55462e-02  -1.06560e-03
T15   -5.77099e-01   7.26467e-03   2.94858e-02  -5.96645e-03   2.56355e-02  -2.21757e-02   1.23752e-02   4.66639e-02   4.21840e-04   1.00888e-02  -8.95115e-03  -5.32065e-03   4.09294e-02  -4.56000e-03  -1.70156e-02   2.40717e-02  -3.12347e-02  -7.40116e-03  -1.17231e-02  -9.65266e-03  -4.24592e-03
T16   -3.56493e-01  -2.89712e-03   3.30826e-02  -9.91529e-04   1.48949e-02   2.38944e-04   1.40760e-02   3.85445e-02  -5.48321e-03   8.94965e-03  -9.12565e-03   9.24751e-04   4.11431e-02  -2.20252e-03  -7.53910e-03   9.64342e-03  -7.40116e-03  -3.55632e-02  -6.15979e-03  -7.47848e-03  -1.46584e-02
T17    1.91944e+00   3.55073e-03  -1.95606e-02  -6.70637e-03  -1.79891e-02  -2.37411e-02  -2.73156e-02  -6.21620e-03  -8.79637e-03  -3.60786e-02   1.93979e-02  -2.87598e-03   1.55383e-02   4.52134e-04  -2.49910e-02  -3.54008e-02  -1.17231e-02  -6.15979e-03  -1.30934e-01  -3.26168e-02   1.01654e-02
T18    7.48037e-01   1.25427e-02   5.56170e-03  -2.29156e-02  -1.11324e-02  -4.90724e-03  -6.40644e-03  -5.14031e-03   1.26199e-03  -1.79091e-02  -7.55578e-03   1.79091e-03  -1.05133e-02   2.17241e-03  -2.83817e-02  -1.55462e-02  -9.65266e-03  -7.47848e-03  -3.26168e-02  -4.87374e-02   5.67754e-03
T19    3.59351e-01  -1.28422e-02  -3.71776e-03   1.45459e-02   6.22421e-03  -1.37589e-02   7.89470e-03   1.93543e-03  -1.03784e-02  -1.39760e-03  -2.47835e-02  -2.02730e-02  -2.73025e-03   3.83007e-04  -1.49552e-02  -1.06560e-03  -4.24592e-03  -1.46584e-02   1.01654e-02   5.67754e-03  -4.77601e-02
