T0   -3.93215e-01  -6.11396e-02   1.25313e-02   2.91416e-02   7.97323e-03   4.81991e-03   7.91997e-03   2.07288e-02  -2.04495e-02   9.84271e-03  -6.39305e-03  -2.27197e-02   5.20421e-02  -1.06368e-02   1.44212e-03   3.07003e-03   9.60119e-03  -3.03452e-03  -5.24971e-04   1.41035e-02  -2.40197e-02
T1   -1.07369e+00   1.25313e-02   3.17946e-02   6.95875e-02  -2.90826e-02  -4.13118e-04   6.21123e-02  -2.27011e-02   1.66101e-02   3.13419e-02   1.69629e-02  -1.45548e-02   1.75193e-01  -1.68257e-02  -1.03635e-02   4.70630e-03   4.10682e-02   4.89015e-02  -2.31941e-02   6.23679e-03   2.81626e-03
T2   -7.46623e-01   2.91416e-02   6.95875e-02  -6.36058e-02   1.86527e-02   1.11990e-02   2.13348e-02   6.53311e-02  -5.10963e-03   2.62394e-02  -4.56071e-03   2.89344e-02   3.50647e-02  -3.90590e-03  -1.67629e-03   2.87735e-02  -1.19108e-02  -5.94161e-04  -4.24961e-03  -2.47738e-02   2.57554e-02
T3   -1.33520e+00   7.97323e-03  -2.90826e-02   1.86527e-02   4.75738e-02   3.11854e-02   5.23100e-02   1.03252e-01   1.16966e-03   1.89814e-03   1.40913e-02   2.37379e-02   1.58769e-03   7.03150e-03   1.54919e-02   2.47189e-02   2.87059e-02   2.00770e-02  -1.29827e-02  -3.19830e-03   1.96673e-02
T4    2.25823e+00   4.81991e-03  -4.13118e-04   1.11990e-02   3.11854e-02  -3.64504e-01  -1.37675e-03   3.70786e-02  -2.60200e-03  -5.12202e-02  -2.86302e-02  -2.68634e-02   1.36840e-02  -4.68176e-02  -4.07593e-02  -9.02880e-03  -2.73485e-02  -2.86763e-03  -4.00386e-02  -1.53018e-02  -2.88583e-02
T5   -8.58595e-01   7.91997e-03   6.21123e-02   2.13348e-02   5.23100e-02  -1.37675e-03  -3.05145e-02   8.30681e-02   2.80740e-02   2.80615e-02   6.57636e-03  -1.30457e-02   1.02183e-01  -1.48065e-02  -7.07417e-03   1.95956e-02   1.76258e-02   2.07521e-02  -3.31299e-02  -6.80830e-03   1.66042e-02
T6   -1.79181e+00   2.07288e-02  -2.27011e-02   6.53311e-02   1.03252e-01   3.70786e-02   8.30681e-02   7.70106e-02   3.49681e-02   1.69098e-02  -5.89826e-03  -1.22614e-03   6.64345e-03   3.25860e-03  -1.73720e-03   4.74319e-02   5.97441e-02   5.53505e-02  -2.12666e-04  -4.72284e-04   1.44869e-02
T7   -5.64349e-01  -2.04495e-02   1.66101e-02  -5.10963e-03   1.16966e-03  -2.60200e-03   2.80740e-02   3.49681e-02  -5.19772e-02  -1.07225e-02   6.48226e-03   1.92141e-02   5.13098e-02  -1.06262e-02   6.84744e-03  -7.46786e-03  -5.61454e-03  -8.79747e-03  -5.04343e-03   5.06132e-03  -8.40404e-03
T8    4.04392e-01   9.84271e-03   3.13419e-02   2.62394e-02   1.89814e-03  -5.12202e-02   2.80615e-02   1.69098e-02  -1.07225e-02  -1.02476e-01   5.48395e-03  -4.03252e-03   1.03452e-01  -3.27805e-02  -2.63379e-02  -3.51023e-03   8.00522e-03   1.34376e-02  -4.45586e-02  -2.27971e-02   6.32767e-03
T9    9.33514e-01  -6.39305e-03   1.69629e-02  -4.56071e-03   1.40913e-02  -2.86302e-02   6.57636e-03  -5.89826e-03   6.48226e-03   5.48395e-03  -1.01905e-01  -4.69798e-02  -2.95361e-02  -2.62491e-02  -4.69832e-02   2.25848e-02  -7.30524e-03  -1.50431e-02   7.02252e-03  -2.10132e-02  -5.00996e-02
T10    2.27364e-01  -2.27197e-02  -1.45548e-02   2.89344e-02   2.37379e-02  -2.68634e-02  -1.30457e-02  -1.22614e-03   1.92141e-02  -4.03252e-03  -4.69798e-02  -7.61668e-02   9.96011e-03  -1.33115e-02  -4.24756e-02   7.80100e-03  -2.79585e-03  -2.38933e-03  -1.65955e-02  -7.12665e-03  -4.21445e-02
T11   -1.82777e+00   5.20421e-02   1.75193e-01   3.50647e-02   1.58769e-03   1.36840e-02   1.02183e-01   6.64345e-03   5.13098e-02   1.03452e-01  -2.95361e-02   9.96011e-03   4.32968e-02  -6.73969e-03  -1.24427e-02   6.80573e-02   5.61606e-02   6.01009e-02   2.47793e-02  -1.26898e-02   5.61235e-03
T12    1.89438e+00  -1.06368e-02  -1.68257e-02  -3.90590e-03   7.03150e-03  -4.68176e-02  -1.48065e-02   3.25860e-03  -1.06262e-02  -3.27805e-02  -2.62491e-02  -1.33115e-02  -6.73969e-03  -2.25119e-01  -3.03577e-02  -7.92339e-03  -5.41300e-03  -6.10805e-03  -1.64283e-02  -7.77149e-03  -1.26467e-02
T13    1.27832e+00   1.44212e-03  -1.03635e-02  -1.67629e-03   1.54919e-02  -4.07593e-02  -7.07417e-03  -1.73720e-03   6.84744e-03  -2.63379e-02  -4.69832e-02  -4.24756e-02  -1.24427e-02  -3.03577e-02  -8.68072e-02   4.46670e-04  -1.54645e-02  -1.18947e-02  -4.75692e-02  -4.87331e-02  -3.40037e-02
T14   -6.08518e-01   3.07003e-03   4.70630e-03   2.87735e-02   2.47189e-02  -9.02880e-03   1.95956e-02   4.74319e-02  -7.46786e-03  -3.51023e-03   2.25848e-02   7.80100e-03   6.80573e-02  -7.92339e-03   4.46670e-04  -4.77832e-02   2.62811e-02   1.54914e-02  -3.92410e-02  -1.75318e-02   6.37824e-03
T15   -6.52699e-01   9.60119e-03   4.10682e-02  -1.19108e-02   2.87059e-02  -2.73485e-02   1.76258e-02   5.97441e-02  -5.61454e-03   8.00522e-03  -7.30524e-03  -2.79585e-03   5.61606e-02  -5.41300e-03  -1.54645e-02   2.62811e-02  -3.68704e-02  -8.95257e-03  -1.08912e-02  -7.49669e-03   4.96533e-04
T16   -4.09133e-01  -3.03452e-03   4.89015e-02  -5.94161e-04   2.00770e-02  -2.86763e-03   2.07521e-02   5.53505e-02  -8.79747e-03   1.34376e-02  -1.50431e-02  -2.38933e-03   6.01009e-02  -6.10805e-03  -1.18947e-02   1.54914e-02  -8.95257e-03  -3.93918e-02  -7.42690e-03  -8.26827e-03  -2.13896e-02
T17    2.00848e+00  -5.24971e-04  -2.31941e-02  -4.24961e-03  -1.29827e-02  -4.00386e-02  -3.31299e-02  -2.12666e-04  -5.04343e-03  -4.45586e-02   7.02252e-03  -1.65955e-02   2.47793e-02  -1.64283e-02  -4.75692e-02  -3.92410e-02  -1.08912e-02  -7.42690e-03  -1.71587e-01  -5.22953e-02  -3.29942e-03
T18    7.86711e-01   1.41035e-02   6.23679e-03  -2.47738e-02  -3.19830e-03  -1.53018e-02  -6.80830e-03  -4.72284e-04   5.06132e-03  -2.27971e-02  -2.10132e-02  -7.12665e-03  -1.26898e-02  -7.77149e-03  -4.87331e-02  -1.75318e-02  -7.49669e-03  -8.26827e-03  -5.22953e-02  -6.72743e-02  -4.56393e-03
T19    4.70209e-01  -2.40197e-02   2.81626e-03   2.57554e-02   1.96673e-02  -2.88583e-02   1.66042e-02   1.44869e-02  -8.40404e-03   6.32767e-03  -5.00996e-02  -4.21445e-02   5.61235e-03  -1.26467e-02  -3.40037e-02   6.37824e-03   4.96533e-04  -2.13896e-02  -3.29942e-03  -4.56393e-03  -7.56926e-02
