T0   -7.73024e-01  -1.78282e-01   2.16159e-01   1.95770e-01   2.49506e-01  -1.47951e-01   1.88245e-01   3.48491e-01  -4.63123e-02   1.04276e-01  -1.59483e-01  -1.42968e-01   4.11756e-01  -1.05510e-01  -1.27551e-01   5.37639e-02   6.81526e-02   2.36477e-02  -9.46543e-02  -2.69317e-02  -2.05192e-01
T1   -6.89442e-01   2.16159e-01   4.05053e-01   1.68224e-01  -4.33393e-01   8.18034e-02   1.44432e-01  -4.33268e-01   2.79592e-02   1.73557e-01   2.04066e-01   1.18098e-01   7.92275e-01   1.33635e-01   5.47402e-02   3.96472e-02   9.77817e-02   1.16392e-01  -1.49020e-01  -4.90683e-02   1.84654e-01
T2   -6.17997e-01   1.95770e-01   1.68224e-01  -1.92738e-01   3.27850e-02   2.44286e-03   7.36123e-02   2.02845e-01  -5.83766e-02   4.87972e-02   2.19403e-01   3.21635e-01   1.25029e-01   1.38952e-01   1.19652e-01   4.85956e-02  -3.80159e-02  -8.16548e-03   2.15526e-02  -1.05698e-02   1.99836e-01
T3   -1.09167e+00   2.49506e-01  -4.33393e-01   3.27850e-02   3.60145e-01   1.52840e-01   2.09074e-01   5.87754e-01   4.20585e-02  -2.06300e-01   3.82131e-01   4.54588e-01  -3.10567e-01   2.80998e-01   2.95864e-01   1.72484e-01   3.57209e-02   9.72249e-02   4.96493e-02  -3.41015e-02   2.91393e-01
T4    2.23316e+00  -1.47951e-01   8.18034e-02   2.44286e-03   1.52840e-01  -1.34497e+00   4.60044e-02   2.35132e-01  -1.50182e-01  -1.81002e-01  -2.79446e-01  -2.55697e-01   1.80542e-01  -3.09833e-01  -3.74393e-01  -1.23958e-01  -1.13047e-01  -7.80322e-02  -3.39985e-01  -1.98338e-01  -2.92753e-01
T5   -6.51458e-01   1.88245e-01   1.44432e-01   7.36123e-02   2.09074e-01   4.60044e-02   8.02677e-02   3.32791e-01   6.04831e-02   1.17906e-01   1.83170e-01   1.96920e-01   3.02658e-01   9.06259e-02   1.00255e-01   6.29585e-02   6.50353e-02   5.48114e-02  -9.34439e-02   2.71436e-03   1.70826e-01
T6   -1.38737e+00   3.48491e-01  -4.33268e-01   2.02845e-01   5.87754e-01   2.35132e-01   3.32791e-01   6.25458e-01   2.19538e-01  -1.06152e-01   3.14928e-01   3.83514e-01  -2.91458e-01   2.82513e-01   2.48326e-01   2.69204e-01   1.65147e-01   1.96240e-01   1.84223e-02  -2.35955e-02   2.74583e-01
T7   -7.21977e-01  -4.63123e-02   2.79592e-02  -5.83766e-02   4.20585e-02  -1.50182e-01   6.04831e-02   2.19538e-01  -1.58185e-01  -3.87048e-02   7.45933e-02   1.35768e-01   1.45965e-01  -2.57708e-02  -1.05433e-02  -3.61060e-02  -5.32408e-02  -1.90187e-02  -4.31756e-02  -3.16065e-02   1.28005e-02
T8    4.18684e-01   1.04276e-01   1.73557e-01   4.87972e-02  -2.06300e-01  -1.81002e-01   1.17906e-01  -1.06152e-01  -3.87048e-02  -3.82980e-01   9.69139e-02   9.35331e-02   4.18380e-01  -3.93685e-02  -5.97633e-02   9.57697e-03  -4.74302e-02  -1.80987e-03  -2.37485e-01  -1.74214e-01   7.85603e-02
T9    5.40487e-01  -1.59483e-01   2.04066e-01   2.19403e-01   3.82131e-01  -2.79446e-01   1.83170e-01   3.14928e-01   7.45933e-02   9.69139e-02  -5.67677e-01  -4.50467e-01   2.45216e-01  -3.27311e-01  -4.58797e-01   1.14193e-01   6.91417e-02  -5.64493e-02  -3.17655e-01  -3.03843e-01  -4.20467e-01
T10   -1.74222e-01  -1.42968e-01   1.18098e-01   3.21635e-01   4.54588e-01  -2.55697e-01   1.96920e-01   3.83514e-01   1.35768e-01   9.35331e-02  -4.50467e-01  -4.99851e-01   3.36494e-01  -2.93772e-01  -4.50735e-01   9.97778e-02   1.53936e-01   4.61653e-02  -3.90219e-01  -2.51349e-01  -3.73639e-01
T11   -1.29527e+00   4.11756e-01   7.92275e-01   1.25029e-01  -3.10567e-01   1.80542e-01   3.02658e-01  -2.91458e-01   1.45965e-01   4.18380e-01   2.45216e-01   3.36494e-01   6.57481e-01   2.88425e-01   2.35040e-01   3.32219e-01   1.63692e-01   1.85759e-01   1.42030e-01  -1.06967e-02   2.55891e-01
T12    1.45770e+00  -1.05510e-01   1.33635e-01   1.38952e-01   2.80998e-01  -3.09833e-01   9.06259e-02   2.82513e-01  -2.57708e-02  -3.93685e-02  -3.27311e-01  -2.93772e-01   2.88425e-01  -6.39060e-01  -4.46130e-01  -1.70630e-03   4.74539e-02  -5.24732e-03  -4.23796e-01  -2.69267e-01  -2.51157e-01
T13    1.10005e+00  -1.27551e-01   5.47402e-02   1.19652e-01   2.95864e-01  -3.74393e-01   1.00255e-01   2.48326e-01  -1.05433e-02  -5.97633e-02  -4.58797e-01  -4.50735e-01   2.35040e-01  -4.46130e-01  -6.20191e-01  -3.23712e-02   1.21809e-02  -2.89909e-02  -5.30600e-01  -4.19795e-01  -3.54234e-01
T14   -4.69514e-01   5.37639e-02   3.96472e-02   4.85956e-02   1.72484e-01  -1.23958e-01   6.29585e-02   2.69204e-01  -3.61060e-02   9.57697e-03   1.14193e-01   9.97778e-02   3.32219e-01  -1.70630e-03  -3.23712e-02  -7.03504e-02   6.84005e-02   5.64734e-02  -3.25157e-01  -2.18276e-01   5.70887e-02
T15   -6.89789e-01   6.81526e-02   9.77817e-02  -3.80159e-02   3.57209e-02  -1.13047e-01   6.50353e-02   1.65147e-01  -5.32408e-02  -4.74302e-02   6.91417e-02   1.53936e-01   1.63692e-01   4.74539e-02   1.21809e-02   6.84005e-02  -1.06749e-01  -3.46400e-02  -1.72155e-02   2.92682e-03   3.13392e-02
T16   -4.77406e-01   2.36477e-02   1.16392e-01  -8.16548e-03   9.72249e-02  -7.80322e-02   5.48114e-02   1.96240e-01  -1.90187e-02  -1.80987e-03  -5.64493e-02   4.61653e-02   1.85759e-01  -5.24732e-03  -2.89909e-02   5.64734e-02  -3.46400e-02  -1.12394e-01  -2.76287e-02  -1.83600e-02  -1.03229e-01
T17    2.21340e+00  -9.46543e-02  -1.49020e-01   2.15526e-02   4.96493e-02  -3.39985e-01  -9.34439e-02   1.84223e-02  -4.31756e-02  -2.37485e-01  -3.17655e-01  -3.90219e-01   1.42030e-01  -4.23796e-01  -5.30600e-01  -3.25157e-01  -1.72155e-02  -2.76287e-02  -7.12034e-01  -3.89035e-01  -2.62367e-01
T18    8.73257e-01  -2.69317e-02  -4.90683e-02  -1.05698e-02  -3.41015e-02  -1.98338e-01   2.71436e-03  -2.35955e-02  -3.16065e-02  -1.74214e-01  -3.03843e-01  -2.51349e-01  -1.06967e-02  -2.69267e-01  -4.19795e-01  -2.18276e-01   2.92682e-03  -1.83600e-02  -3.89035e-01  -2.92345e-01  -2.00953e-01
T19    2.02400e-01  -2.05192e-01   1.84654e-01   1.99836e-01   2.91393e-01  -2.92753e-01   1.70826e-01   2.74583e-01   1.28005e-02   7.85603e-02  -4.20467e-01  -3.73639e-01   2.55891e-01  -2.51157e-01  -3.54234e-01   5.70887e-02   3.13392e-02  -1.03229e-01  -2.62367e-01  -2.00953e-01  -4.63851e-01
