T0   -3.94960e-01  -5.45217e-02   7.97992e-03   2.43092e-02   4.05497e-03   7.92870e-03   4.87040e-03   1.64379e-02  -1.82602e-02   7.01734e-03  -1.50957e-03  -1.65856e-02   4.15873e-02  -6.14694e-03   3.88192e-03   2.52721e-03   8.61160e-03  -3.00131e-03   1.41052e-03   1.29416e-02  -1.81371e-02
T1   -1.05037e+00   7.97992e-03   3.02206e-02   6.25485e-02  -2.22916e-02  -5.06914e-03   5.62683e-02  -1.62417e-02   1.22618e-02   3.02717e-02   1.10815e-02  -1.62435e-02   1.57833e-01  -1.80501e-02  -1.01972e-02   5.39961e-03   3.59811e-02   4.19645e-02  -2.11964e-02   5.46119e-03  -9.39970e-04
T2   -7.04311e-01   2.43092e-02   6.25485e-02  -5.77847e-02   1.74654e-02   7.84911e-03   1.65028e-02   5.61899e-02  -3.97048e-03   2.65216e-02  -8.06172e-03   2.39499e-02   3.11449e-02  -7.02633e-03  -4.17474e-03   2.71989e-02  -8.48992e-03  -6.96282e-05  -3.93216e-03  -2.44592e-02   2.01429e-02
T3   -1.29414e+00   4.05497e-03  -2.22916e-02   1.74654e-02   3.93297e-02   2.71554e-02   4.76468e-02   9.09812e-02   3.41534e-03   6.15094e-03   8.32701e-03   1.73351e-02   3.77647e-03   2.36118e-03   9.80196e-03   2.23340e-02   2.74895e-02   1.78914e-02  -1.45903e-02  -7.92376e-03   1.31570e-02
T4    2.20413e+00   7.92870e-03  -5.06914e-03   7.84911e-03   2.71554e-02  -3.32215e-01  -2.83129e-03   3.09477e-02  -1.55233e-03  -4.90672e-02  -2.08129e-02  -1.96590e-02   1.01148e-02  -3.57689e-02  -3.11991e-02  -9.26846e-03  -2.51660e-02  -1.54860e-03  -3.19037e-02  -9.81223e-03  -1.99110e-02
T5   -8.29341e-01   4.87040e-03   5.62683e-02   1.65028e-02   4.76468e-02  -2.83129e-03  -3.11645e-02   7.52692e-02   2.50610e-02   2.46098e-02   1.74950e-03  -1.39826e-02   9.31109e-02  -1.54364e-02  -7.06957e-03   1.90517e-02   1.52704e-02   1.78933e-02  -3.22377e-02  -5.90660e-03   1.13873e-02
T6   -1.75440e+00   1.64379e-02  -1.62417e-02   5.61899e-02   9.09812e-02   3.09477e-02   7.52692e-02   6.67993e-02   3.03113e-02   1.77662e-02  -1.09080e-02  -5.64116e-03   9.41749e-03   1.62339e-04  -3.78910e-03   4.21618e-02   5.29737e-02   4.68824e-02  -4.09393e-03  -1.82398e-03   7.90156e-03
T7   -5.34387e-01  -1.82602e-02   1.22618e-02  -3.97048e-03   3.41534e-03  -1.55233e-03   2.50610e-02   3.03113e-02  -4.33797e-02  -5.92051e-03   3.79043e-03   1.66024e-02   4.43501e-02  -9.47766e-03   5.44855e-03  -7.47650e-03  -3.67269e-03  -7.40219e-03  -6.28030e-03   2.64058e-03  -9.60957e-03
T8    4.35561e-01   7.01734e-03   3.02717e-02   2.65216e-02   6.15094e-03  -4.90672e-02   2.46098e-02   1.77662e-02  -5.92051e-03  -8.77296e-02  -4.71813e-04  -7.23579e-03   9.35817e-02  -3.32195e-02  -2.51511e-02  -3.45139e-03   7.78293e-03   1.07447e-02  -3.98136e-02  -1.98883e-02   2.49417e-03
T9    8.76882e-01  -1.50957e-03   1.10815e-02  -8.06172e-03   8.32701e-03  -2.08129e-02   1.74950e-03  -1.09080e-02   3.79043e-03  -4.71813e-04  -8.38068e-02  -3.44333e-02  -3.27972e-02  -1.70103e-02  -3.39840e-02   1.94660e-02  -7.99971e-03  -1.23160e-02   1.25649e-02  -1.42550e-02  -3.76456e-02
T10    1.68701e-01  -1.65856e-02  -1.62435e-02   2.39499e-02   1.73351e-02  -1.96590e-02  -1.39826e-02  -5.64116e-03   1.66024e-02  -7.23579e-03  -3.44333e-02  -6.30693e-02   4.71889e-03  -7.83757e-03  -3.17368e-02   5.50477e-03  -4.13853e-03  -9.11450e-04  -8.31105e-03  -2.84413e-03  -3.11309e-02
T11   -1.79073e+00   4.15873e-02   1.57833e-01   3.11449e-02   3.77647e-03   1.01148e-02   9.31109e-02   9.41749e-03   4.43501e-02   9.35817e-02  -3.27972e-02   4.71889e-03   3.45505e-02  -1.30522e-02  -1.42027e-02   6.08094e-02   4.95318e-02   5.06966e-02   1.90796e-02  -1.18332e-02   9.76531e-04
T12    1.86944e+00  -6.14694e-03  -1.80501e-02  -7.02633e-03   2.36118e-03  -3.57689e-02  -1.54364e-02   1.62339e-04  -9.47766e-03  -3.32195e-02  -1.70103e-02  -7.83757e-03  -1.30522e-02  -2.05943e-01  -1.88236e-02  -8.29428e-03  -4.21267e-03  -3.75614e-03  -8.16172e-03  -2.88545e-03  -5.99311e-03
T13    1.22339e+00   3.88192e-03  -1.01972e-02  -4.17474e-03   9.80196e-03  -3.11991e-02  -7.06957e-03  -3.78910e-03   5.44855e-03  -2.51511e-02  -3.39840e-02  -3.17368e-02  -1.42027e-02  -1.88236e-02  -7.30127e-02  -2.89079e-03  -1.67869e-02  -1.01744e-02  -3.58463e-02  -3.79705e-02  -2.52399e-02
T14   -5.92151e-01   2.52721e-03   5.39961e-03   2.71989e-02   2.23340e-02  -9.26846e-03   1.90517e-02   4.21618e-02  -7.47650e-03  -3.45139e-03   1.94660e-02   5.50477e-03   6.08094e-02  -8.29428e-03  -2.89079e-03  -4.00929e-02   2.65258e-02   1.23633e-02  -3.81143e-02  -1.65599e-02   3.17145e-03
T15   -6.21515e-01   8.61160e-03   3.59811e-02  -8.48992e-03   2.74895e-02  -2.51660e-02   1.52704e-02   5.29737e-02  -3.67269e-03   7.78293e-03  -7.99971e-03  -4.13853e-03   4.95318e-02  -4.21267e-03  -1.67869e-02   2.65258e-02  -3.46583e-02  -8.79597e-03  -1.27746e-02  -8.30346e-03  -1.16030e-03
T16   -3.85998e-01  -3.00131e-03   4.19645e-02  -6.96282e-05   1.78914e-02  -1.54860e-03   1.78933e-02   4.68824e-02  -7.40219e-03   1.07447e-02  -1.23160e-02  -9.11450e-04   5.06966e-02  -3.75614e-03  -1.01744e-02   1.23633e-02  -8.79597e-03  -3.71256e-02  -7.85777e-03  -7.53187e-03  -1.81090e-02
T17    1.97753e+00   1.41052e-03  -2.11964e-02  -3.93216e-03  -1.45903e-02  -3.19037e-02  -3.22377e-02  -4.09393e-03  -6.28030e-03  -3.98136e-02   1.25649e-02  -8.31105e-03   1.90796e-02  -8.16172e-03  -3.58463e-02  -3.81143e-02  -1.27746e-02  -7.85777e-03  -1.50699e-01  -4.24833e-02   2.98952e-03
T18    7.71266e-01   1.29416e-02   5.46119e-03  -2.44592e-02  -7.92376e-03  -9.81223e-03  -5.90660e-03  -1.82398e-03   2.64058e-03  -1.98883e-02  -1.42550e-02  -2.84413e-03  -1.18332e-02  -2.88545e-03  -3.79705e-02  -1.65599e-02  -8.30346e-03  -7.53187e-03  -4.24833e-02  -5.74138e-02   7.41312e-04
T19    4.25414e-01  -1.81371e-02  -9.39970e-04   2.01429e-02   1.31570e-02  -1.99110e-02   1.13873e-02   7.90156e-03  -9.60957e-03   2.49417e-03  -3.76456e-02  -3.11309e-02   9.76531e-04  -5.99311e-03  -2.52399e-02   3.17145e-03  -1.16030e-03  -1.81090e-02   2.98952e-03   7.41312e-04  -6.19672e-02
