T0   -8.93941e-01  -1.56961e-01   3.00796e-01   2.82094e-01   3.76778e-01  -1.53191e-01   2.88616e-01   5.06409e-01  -8.06851e-03   1.77753e-01  -2.11408e-01  -1.88173e-01   5.47060e-01  -1.32845e-01  -1.99969e-01   1.12471e-01   1.27439e-01   5.01971e-02  -1.69703e-01  -5.64042e-02  -2.40797e-01
T1   -6.42263e-01   3.00796e-01   5.16748e-01   2.26724e-01  -4.96452e-01   1.06805e-01   2.00354e-01  -4.90657e-01   7.64418e-02   2.38266e-01   1.56562e-01   6.27120e-02   1.02330e+00   1.07810e-01  -2.88060e-02   1.18173e-01   1.71248e-01   1.53095e-01  -2.56968e-01  -1.15209e-01   1.71152e-01
T2   -6.65172e-01   2.82094e-01   2.26724e-01  -1.72274e-01   6.30556e-02   3.20645e-02   1.44468e-01   2.83100e-01  -3.45927e-02   9.85022e-02   2.54627e-01   3.55474e-01   2.35200e-01   1.65698e-01   1.12689e-01   1.09713e-01  -3.40274e-03   2.10706e-02  -8.12158e-03  -1.58010e-02   2.65520e-01
T3   -1.12299e+00   3.76778e-01  -4.96452e-01   6.30556e-02   5.27383e-01   2.56290e-01   3.16056e-01   8.15056e-01   9.97566e-02  -2.48707e-01   4.81816e-01   5.32360e-01  -3.33217e-01   3.51384e-01   3.28082e-01   3.01664e-01   8.69661e-02   1.64600e-01   5.87733e-02  -5.23023e-02   4.32923e-01
T4    2.05464e+00  -1.53191e-01   1.06805e-01   3.20645e-02   2.56290e-01  -1.60325e+00   1.04684e-01   3.56926e-01  -1.54650e-01  -2.19870e-01  -3.46228e-01  -3.29728e-01   2.54772e-01  -3.66941e-01  -4.90086e-01  -1.37345e-01  -9.31099e-02  -7.04196e-02  -4.72035e-01  -2.67378e-01  -3.58519e-01
T5   -6.49341e-01   2.88616e-01   2.00354e-01   1.44468e-01   3.16056e-01   1.04684e-01   1.55822e-01   4.27833e-01   1.35824e-01   1.68655e-01   1.57784e-01   1.65871e-01   4.21809e-01   8.89548e-02   3.36142e-02   1.61250e-01   1.44589e-01   9.74126e-02  -1.86270e-01  -3.23326e-02   1.90540e-01
T6   -1.35600e+00   5.06409e-01  -4.90657e-01   2.83100e-01   8.15056e-01   3.56926e-01   4.27833e-01   8.79575e-01   3.50147e-01  -1.24279e-01   3.40913e-01   3.91868e-01  -3.02564e-01   3.16071e-01   2.17521e-01   4.02632e-01   2.47381e-01   2.68342e-01  -3.75679e-02  -6.24374e-02   3.51146e-01
T7   -8.66395e-01  -8.06851e-03   7.64418e-02  -3.45927e-02   9.97566e-02  -1.54650e-01   1.35824e-01   3.50147e-01  -1.46035e-01   1.05811e-02   8.57305e-02   1.92393e-01   2.40624e-01   1.09058e-02  -7.94347e-03   9.31440e-03  -4.17462e-02  -3.42490e-03  -8.07777e-02  -2.87458e-02   1.55386e-02
T8    3.86988e-01   1.77753e-01   2.38266e-01   9.85022e-02  -2.48707e-01  -2.19870e-01   1.68655e-01  -1.24279e-01   1.05811e-02  -3.89433e-01   7.46350e-02   5.50630e-02   5.58510e-01  -9.00173e-02  -1.48062e-01   6.25927e-02  -3.71722e-02   5.58445e-03  -3.33379e-01  -2.66592e-01   8.67687e-02
T9    6.25777e-01  -2.11408e-01   1.56562e-01   2.54627e-01   4.81816e-01  -3.46228e-01   1.57784e-01   3.40913e-01   8.57305e-02   7.46350e-02  -7.20455e-01  -6.10568e-01   2.28678e-01  -4.61155e-01  -6.28121e-01   9.15523e-02   1.12563e-01  -6.05088e-02  -4.44952e-01  -4.21306e-01  -5.30876e-01
T10    6.76514e-03  -1.88173e-01   6.27120e-02   3.55474e-01   5.32360e-01  -3.29728e-01   1.65871e-01   3.91868e-01   1.92393e-01   5.50630e-02  -6.10568e-01  -6.71927e-01   3.16050e-01  -4.28428e-01  -6.25263e-01   6.90361e-02   1.88442e-01   2.66837e-02  -5.41770e-01  -3.85639e-01  -5.00101e-01
T11   -1.25856e+00   5.47060e-01   1.02330e+00   2.35200e-01  -3.33217e-01   2.54772e-01   4.21809e-01  -3.02564e-01   2.40624e-01   5.58510e-01   2.28678e-01   3.16050e-01   1.05736e+00   3.11081e-01   1.85855e-01   5.29163e-01   2.71354e-01   2.54997e-01   6.10371e-02  -6.27695e-02   2.93492e-01
T12    1.53043e+00  -1.32845e-01   1.07810e-01   1.65698e-01   3.51384e-01  -3.66941e-01   8.89548e-02   3.16071e-01   1.09058e-02  -9.00173e-02  -4.61155e-01  -4.28428e-01   3.11081e-01  -7.80292e-01  -6.15104e-01  -3.27597e-02   8.35005e-02  -1.23937e-02  -5.78860e-01  -3.97388e-01  -3.51213e-01
T13    1.31189e+00  -1.99969e-01  -2.88060e-02   1.12689e-01   3.28082e-01  -4.90086e-01   3.36142e-02   2.17521e-01  -7.94347e-03  -1.48062e-01  -6.28121e-01  -6.25263e-01   1.85855e-01  -6.15104e-01  -8.27193e-01  -1.20953e-01  -8.69965e-04  -7.45965e-02  -7.00456e-01  -5.80301e-01  -4.96368e-01
T14   -5.40026e-01   1.12471e-01   1.18173e-01   1.09713e-01   3.01664e-01  -1.37345e-01   1.61250e-01   4.02632e-01   9.31440e-03   6.25927e-02   9.15523e-02   6.90361e-02   5.29163e-01  -3.27597e-02  -1.20953e-01  -6.13509e-03   1.15620e-01   8.46284e-02  -4.53506e-01  -3.02760e-01   6.79937e-02
T15   -8.11525e-01   1.27439e-01   1.71248e-01  -3.40274e-03   8.69661e-02  -9.31099e-02   1.44589e-01   2.47381e-01  -4.17462e-02  -3.71722e-02   1.12563e-01   1.88442e-01   2.71354e-01   8.35005e-02  -8.69965e-04   1.15620e-01  -6.45631e-02  -3.22804e-04  -4.52885e-02   1.16109e-02   6.74182e-02
T16   -5.53488e-01   5.01971e-02   1.53095e-01   2.10706e-02   1.64600e-01  -7.04196e-02   9.74126e-02   2.68342e-01  -3.42490e-03   5.58445e-03  -6.05088e-02   2.66837e-02   2.54997e-01  -1.23937e-02  -7.45965e-02   8.46284e-02  -3.22804e-04  -1.18206e-01  -5.99677e-02  -2.78093e-02  -9.58345e-02
T17    2.33810e+00  -1.69703e-01  -2.56968e-01  -8.12158e-03   5.87733e-02  -4.72035e-01  -1.86270e-01  -3.75679e-02  -8.07777e-02  -3.33379e-01  -4.44952e-01  -5.41770e-01   6.10371e-02  -5.78860e-01  -7.00456e-01  -4.53506e-01  -4.52885e-02  -5.99677e-02  -8.15613e-01  -5.31932e-01  -3.74712e-01
T18    9.53853e-01  -5.64042e-02  -1.15209e-01  -1.58010e-02  -5.23023e-02  -2.67378e-01  -3.23326e-02  -6.24374e-02  -2.87458e-02  -2.66592e-01  -4.21306e-01  -3.85639e-01  -6.27695e-02  -3.97388e-01  -5.80301e-01  -3.02760e-01   1.16109e-02  -2.78093e-02  -5.31932e-01  -4.02233e-01  -2.90928e-01
T19    1.51265e-01  -2.40797e-01   1.71152e-01   2.65520e-01   4.32923e-01  -3.58519e-01   1.90540e-01   3.51146e-01   1.55386e-02   8.67687e-02  -5.30876e-01  -5.00101e-01   2.93492e-01  -3.51213e-01  -4.96368e-01   6.79937e-02   6.74182e-02  -9.58345e-02  -3.74712e-01  -2.90928e-01  -5.51327e-01
