T0   -3.98128e-01  -6.48108e-02   1.47388e-02   3.23569e-02   1.06613e-02   3.34970e-03   1.11267e-02   2.62256e-02  -2.13488e-02   1.22886e-02  -1.00751e-02  -2.67835e-02   5.90705e-02  -1.46575e-02  -4.13457e-04   3.85126e-03   1.11208e-02  -3.76988e-03  -2.96638e-03   1.39609e-02  -2.83580e-02
T1   -1.07584e+00   1.47388e-02   3.43404e-02   7.36907e-02  -3.49301e-02   1.77088e-03   6.32063e-02  -2.91809e-02   1.87659e-02   3.16243e-02   2.15874e-02  -1.24439e-02   1.85627e-01  -1.43374e-02  -9.52728e-03   6.53108e-03   4.47446e-02   5.22387e-02  -2.48241e-02   4.75104e-03   5.64979e-03
T2   -7.63759e-01   3.23569e-02   7.36907e-02  -6.70990e-02   1.85338e-02   1.27131e-02   2.30999e-02   6.92136e-02  -6.11282e-03   2.62897e-02  -1.80073e-03   3.29007e-02   3.60685e-02  -3.14685e-03  -1.13909e-03   2.95037e-02  -1.29791e-02   4.32682e-04  -2.36182e-03  -2.48400e-02   3.01397e-02
T3   -1.35230e+00   1.06613e-02  -3.49301e-02   1.85338e-02   5.06104e-02   3.53635e-02   5.59332e-02   1.11356e-01  -3.30468e-04  -1.90256e-03   1.90323e-02   2.85927e-02  -1.85993e-03   1.21255e-02   1.96371e-02   2.51803e-02   2.93154e-02   2.23502e-02  -1.16376e-02  -1.48596e-03   2.58053e-02
T4    2.28752e+00   3.34970e-03   1.77088e-03   1.27131e-02   3.53635e-02  -3.86127e-01  -1.47157e-03   4.11097e-02  -4.53490e-03  -5.13876e-02  -3.38104e-02  -3.14108e-02   1.69659e-02  -5.32057e-02  -4.67209e-02  -1.04071e-02  -2.97427e-02  -4.32836e-03  -4.75547e-02  -1.79937e-02  -3.30690e-02
T5   -8.71267e-01   1.11267e-02   6.32063e-02   2.30999e-02   5.59332e-02  -1.47157e-03  -2.79460e-02   8.78158e-02   3.03656e-02   3.00854e-02   7.49453e-03  -1.20048e-02   1.08570e-01  -1.50813e-02  -6.27215e-03   1.99980e-02   1.96463e-02   2.33939e-02  -3.39528e-02  -6.80857e-03   1.96167e-02
T6   -1.80462e+00   2.62256e-02  -2.91809e-02   6.92136e-02   1.11356e-01   4.11097e-02   8.78158e-02   8.42093e-02   3.80964e-02   1.42956e-02  -2.92346e-03   2.63286e-03   3.58803e-03   5.45661e-03   2.17285e-04   5.13117e-02   6.42519e-02   6.07033e-02   9.44091e-04   3.62331e-04   1.76638e-02
T7   -5.77418e-01  -2.13488e-02   1.87659e-02  -6.11282e-03  -3.30468e-04  -4.53490e-03   3.03656e-02   3.80964e-02  -5.49065e-02  -1.26697e-02   7.64294e-03   1.94850e-02   5.66608e-02  -1.00097e-02   8.18938e-03  -9.51898e-03  -7.49603e-03  -1.00433e-02  -3.21686e-03   6.91119e-03  -8.16385e-03
T8    3.91183e-01   1.22886e-02   3.16243e-02   2.62897e-02  -1.90256e-03  -5.13876e-02   3.00854e-02   1.42956e-02  -1.26697e-02  -1.08769e-01   7.47473e-03  -1.45599e-03   1.11610e-01  -3.37697e-02  -2.75198e-02  -3.78446e-03   7.90072e-03   1.26775e-02  -4.71707e-02  -2.31707e-02   9.19931e-03
T9    9.51652e-01  -1.00751e-02   2.15874e-02  -1.80073e-03   1.90323e-02  -3.38104e-02   7.49453e-03  -2.92346e-03   7.64294e-03   7.47473e-03  -1.12567e-01  -5.42424e-02  -2.70504e-02  -3.25566e-02  -5.49777e-02   2.51860e-02  -7.15781e-03  -1.56689e-02   4.54079e-03  -2.59470e-02  -5.77424e-02
T10    2.43911e-01  -2.67835e-02  -1.24439e-02   3.29007e-02   2.85927e-02  -3.14108e-02  -1.20048e-02   2.63286e-03   1.94850e-02  -1.45599e-03  -5.42424e-02  -8.43739e-02   1.39658e-02  -1.74103e-02  -4.92675e-02   1.02056e-02  -2.60755e-03  -2.59230e-03  -2.15648e-02  -1.01731e-02  -4.90123e-02
T11   -1.83786e+00   5.90705e-02   1.85627e-01   3.60685e-02  -1.85993e-03   1.69659e-02   1.08570e-01   3.58803e-03   5.66608e-02   1.11610e-01  -2.70504e-02   1.39658e-02   4.96694e-02  -3.86974e-03  -1.08770e-02   7.30672e-02   6.02996e-02   6.38378e-02   2.68130e-02  -1.28816e-02   9.46272e-03
T12    1.90132e+00  -1.46575e-02  -1.43374e-02  -3.14685e-03   1.21255e-02  -5.32057e-02  -1.50813e-02   5.45661e-03  -1.00097e-02  -3.37697e-02  -3.25566e-02  -1.74103e-02  -3.86974e-03  -2.36878e-01  -3.59971e-02  -7.23928e-03  -6.26391e-03  -6.74543e-03  -2.07162e-02  -1.25607e-02  -1.69317e-02
T13    1.30278e+00  -4.13457e-04  -9.52728e-03  -1.13909e-03   1.96371e-02  -4.67209e-02  -6.27215e-03   2.17285e-04   8.18938e-03  -2.75198e-02  -5.49777e-02  -4.92675e-02  -1.08770e-02  -3.59971e-02  -9.56777e-02   1.72189e-03  -1.52555e-02  -1.36694e-02  -5.49923e-02  -5.49690e-02  -4.03434e-02
T14   -6.17250e-01   3.85126e-03   6.53108e-03   2.95037e-02   2.51803e-02  -1.04071e-02   1.99980e-02   5.13117e-02  -9.51898e-03  -3.78446e-03   2.51860e-02   1.02056e-02   7.30672e-02  -7.23928e-03   1.72189e-03  -5.07596e-02   2.74613e-02   1.65403e-02  -4.19426e-02  -1.77439e-02   7.63499e-03
T15   -6.69151e-01   1.11208e-02   4.47446e-02  -1.29791e-02   2.93154e-02  -2.97427e-02   1.96463e-02   6.42519e-02  -7.49603e-03   7.90072e-03  -7.15781e-03  -2.60755e-03   6.02996e-02  -6.26391e-03  -1.52555e-02   2.74613e-02  -3.71361e-02  -8.88822e-03  -1.10644e-02  -7.48699e-03   1.60812e-03
T16   -4.23095e-01  -3.76988e-03   5.22387e-02   4.32682e-04   2.23502e-02  -4.32836e-03   2.33939e-02   6.07033e-02  -1.00433e-02   1.26775e-02  -1.56689e-02  -2.59230e-03   6.38378e-02  -6.74543e-03  -1.36694e-02   1.65403e-02  -8.88822e-03  -3.88893e-02  -7.28008e-03  -8.68982e-03  -2.31449e-02
T17    2.02669e+00  -2.96638e-03  -2.48241e-02  -2.36182e-03  -1.16376e-02  -4.75547e-02  -3.39528e-02   9.44091e-04  -3.21686e-03  -4.71707e-02   4.54079e-03  -2.15648e-02   2.68130e-02  -2.07162e-02  -5.49923e-02  -4.19426e-02  -1.10644e-02  -7.28008e-03  -1.82000e-01  -5.83041e-02  -7.35666e-03
T18    7.97941e-01   1.39609e-02   4.75104e-03  -2.48400e-02  -1.48596e-03  -1.79937e-02  -6.80857e-03   3.62331e-04   6.91119e-03  -2.31707e-02  -2.59470e-02  -1.01731e-02  -1.28816e-02  -1.25607e-02  -5.49690e-02  -1.77439e-02  -7.48699e-03  -8.68982e-03  -5.83041e-02  -7.23070e-02  -7.29646e-03
T19    4.87697e-01  -2.83580e-02   5.64979e-03   3.01397e-02   2.58053e-02  -3.30690e-02   1.96167e-02   1.76638e-02  -8.16385e-03   9.19931e-03  -5.77424e-02  -4.90123e-02   9.46272e-03  -1.69317e-02  -4.03434e-02   7.63499e-03   1.60812e-03  -2.31449e-02  -7.35666e-03  -7.29646e-03  -8.42714e-02
