T0   -3.29052e-01  -4.83144e-01   3.32775e-01   2.60869e-01   4.66917e-01  -6.17255e-01   2.08165e-01   4.82923e-01  -8.47254e-03   1.23946e-02  -7.30834e-01  -7.91748e-01   6.75520e-01  -6.27605e-01  -6.27548e-01  -3.96333e-02   8.77123e-02  -1.59208e-01  -3.25807e-01  -4.33437e-01  -7.91806e-01
T1   -4.64410e-01   3.32775e-01   6.36633e-01   4.33950e-01  -5.24859e-01  -1.24588e-02   3.16397e-01  -4.52843e-01   2.70515e-01   2.57804e-01   2.72822e-01   1.92813e-01   1.47887e+00   1.18985e-01  -1.93195e-02   4.11801e-01   3.38786e-01   3.64585e-01  -4.52417e-01  -2.12241e-01   2.18472e-01
T2   -3.65686e-01   2.60869e-01   4.33950e-01  -2.94561e-01   1.15149e-01  -3.20792e-02   1.44927e-01   3.94827e-01   3.76295e-02   1.50528e-01   3.96153e-01   4.64762e-01   4.22421e-01   1.62965e-01   3.18772e-01   2.93242e-01  -4.56907e-02   1.60578e-04   2.32395e-01   1.50458e-01   3.45259e-01
T3   -7.97042e-01   4.66917e-01  -5.24859e-01   1.15149e-01   9.75990e-01   2.92277e-01   5.32009e-01   1.41491e+00   2.85958e-01  -4.37062e-01   7.52060e-01   7.54096e-01  -3.15915e-01   5.76171e-01   8.06510e-01   5.85866e-01  -1.51557e-02   1.14479e-01   6.71816e-01   2.15964e-01   6.26026e-01
T4    2.24364e+00  -6.17255e-01  -1.24588e-02  -3.20792e-02   2.92277e-01  -2.85197e+00  -7.14782e-02   2.65521e-01  -3.49625e-01  -6.30937e-01  -8.19265e-01  -8.53302e-01   2.05074e-01  -9.18761e-01  -7.68929e-01  -4.47111e-01  -2.43210e-01  -2.75113e-01  -6.95442e-01  -5.01837e-01  -8.76418e-01
T5   -2.60240e-01   2.08165e-01   3.16397e-01   1.44927e-01   5.32009e-01  -7.14782e-02   1.68922e-01   6.90403e-01   2.65237e-01   1.72008e-01   1.81935e-01   1.67279e-01   5.33059e-01   3.12656e-02   1.88107e-01   2.31170e-01   1.04291e-01   4.90890e-02   6.32610e-02   9.93974e-02   1.10998e-01
T6   -9.45200e-01   4.82923e-01  -4.52843e-01   3.94827e-01   1.41491e+00   2.65521e-01   6.90403e-01   1.51526e+00   5.59603e-01  -2.24308e-01   4.60318e-01   5.29091e-01  -3.05036e-01   4.61114e-01   5.99306e-01   5.38400e-01   1.69100e-01   2.22232e-01   5.97491e-01   2.56687e-01   3.63765e-01
T7   -7.12098e-01  -8.47254e-03   2.70515e-01   3.76295e-02   2.85958e-01  -3.49625e-01   2.65237e-01   5.59603e-01  -1.86351e-01   1.28212e-01   5.09894e-02   5.83832e-02   5.60441e-01  -1.68996e-01  -9.54931e-02   1.40990e-01   4.43642e-02   5.89863e-03  -1.00428e-01  -1.26293e-01  -8.04126e-02
T8    5.84831e-01   1.23946e-02   2.57804e-01   1.50528e-01  -4.37062e-01  -6.30937e-01   1.72008e-01  -2.24308e-01   1.28212e-01  -5.42591e-01   9.19688e-02   1.70274e-02   6.30116e-01  -2.10456e-01  -2.47301e-01   8.14767e-03  -1.98798e-01  -7.84981e-02  -3.79417e-01  -3.04793e-01   2.99189e-02
T9    1.38730e-01  -7.30834e-01   2.72822e-01   3.96153e-01   7.52060e-01  -8.19265e-01   1.81935e-01   4.60318e-01   5.09894e-02   9.19688e-02  -9.90375e-01  -7.47532e-01   5.74398e-01  -7.17048e-01  -6.41171e-01   1.70322e-01   8.32783e-02  -1.22560e-02  -3.40242e-01  -4.79002e-01  -9.04233e-01
T10   -4.44722e-01  -7.91748e-01   1.92813e-01   4.64762e-01   7.54096e-01  -8.53302e-01   1.67279e-01   5.29091e-01   5.83832e-02   1.70274e-02  -7.47532e-01  -6.89199e-01   6.80796e-01  -6.23373e-01  -5.92135e-01   7.92391e-02   1.09287e-01   8.94537e-02  -4.39041e-01  -4.44674e-01  -8.12508e-01
T11   -8.40971e-01   6.75520e-01   1.47887e+00   4.22421e-01  -3.15915e-01   2.05074e-01   5.33059e-01  -3.05036e-01   5.60441e-01   6.30116e-01   5.74398e-01   6.80796e-01   1.86959e+00   4.33024e-01   3.56106e-01   1.00903e+00   4.38751e-01   4.43341e-01  -3.13983e-02  -1.50488e-01   4.60203e-01
T12    1.37744e+00  -6.27605e-01   1.18985e-01   1.62965e-01   5.76171e-01  -9.18761e-01   3.12656e-02   4.61114e-01  -1.68996e-01  -2.10456e-01  -7.17048e-01  -6.23373e-01   4.33024e-01  -1.21006e+00  -7.49611e-01  -2.63517e-01  -6.03723e-02  -5.71337e-02  -6.31840e-01  -5.46830e-01  -7.30597e-01
T13    3.53154e-01  -6.27548e-01  -1.93195e-02   3.18772e-01   8.06510e-01  -7.68929e-01   1.88107e-01   5.99306e-01  -9.54931e-02  -2.47301e-01  -6.41171e-01  -5.92135e-01   3.56106e-01  -7.49611e-01  -8.21938e-01  -2.67355e-01   3.79846e-02   2.30344e-01  -5.11628e-01  -5.02384e-01  -6.00205e-01
T14   -3.26099e-01  -3.96333e-02   4.11801e-01   2.93242e-01   5.85866e-01  -4.47111e-01   2.31170e-01   5.38400e-01   1.40990e-01   8.14767e-03   1.70322e-01   7.92391e-02   1.00903e+00  -2.63517e-01  -2.67355e-01   1.38547e-01   1.78085e-01   2.15231e-01  -6.62882e-01  -5.51186e-01  -9.88970e-03
T15   -5.13362e-01   8.77123e-02   3.38786e-01  -4.56907e-02  -1.51557e-02  -2.43210e-01   1.04291e-01   1.69100e-01   4.43642e-02  -1.98798e-01   8.32783e-02   1.09287e-01   4.38751e-01  -6.03723e-02   3.79846e-02   1.78085e-01  -1.07806e-01  -9.32169e-02   8.15538e-03  -3.25630e-02  -3.45523e-02
T16   -4.10140e-01  -1.59208e-01   3.64585e-01   1.60578e-04   1.14479e-01  -2.75113e-01   4.90890e-02   2.22232e-01   5.89863e-03  -7.84981e-02  -1.22560e-02   8.94537e-02   4.43341e-01  -5.71337e-02   2.30344e-01   2.15231e-01  -9.32169e-02  -2.35471e-01   3.01645e-01   1.52096e-01  -1.64779e-01
T17    1.23950e+00  -3.25807e-01  -4.52417e-01   2.32395e-01   6.71816e-01  -6.95442e-01   6.32610e-02   5.97491e-01  -1.00428e-01  -3.79417e-01  -3.40242e-01  -4.39041e-01  -3.13983e-02  -6.31840e-01  -5.11628e-01  -6.62882e-01   8.15538e-03   3.01645e-01  -3.72351e-01  -2.30886e-01  -2.70818e-01
T18    4.29684e-01  -4.33437e-01  -2.12241e-01   1.50458e-01   2.15964e-01  -5.01837e-01   9.93974e-02   2.56687e-01  -1.26293e-01  -3.04793e-01  -4.79002e-01  -4.44674e-01  -1.50488e-01  -5.46830e-01  -5.02384e-01  -5.51186e-01  -3.25630e-02   1.52096e-01  -2.30886e-01  -3.32215e-01  -4.26696e-01
T19    4.20316e-02  -7.91806e-01   2.18472e-01   3.45259e-01   6.26026e-01  -8.76418e-01   1.10998e-01   3.63765e-01  -8.04126e-02   2.99189e-02  -9.04233e-01  -8.12508e-01   4.60203e-01  -7.30597e-01  -6.00205e-01  -9.88970e-03  -3.45523e-02  -1.64779e-01  -2.70818e-01  -4.26696e-01  -1.01532e+00
