T0   -6.86533e-01  -1.73239e-01   1.61704e-01   1.49785e-01   1.66384e-01  -1.25154e-01   1.42896e-01   2.71422e-01  -6.43959e-02   8.20364e-02  -1.23527e-01  -1.17409e-01   3.45662e-01  -9.50558e-02  -1.01026e-01   4.50402e-02   3.97066e-02   1.02261e-02  -6.36163e-02  -2.38166e-02  -1.68473e-01
T1   -7.60087e-01   1.61704e-01   3.18126e-01   1.25415e-01  -3.65667e-01   6.35143e-02   1.27355e-01  -3.55799e-01   1.60212e-03   1.24770e-01   2.11102e-01   1.36762e-01   6.39710e-01   1.37708e-01   8.79925e-02   1.38063e-02   6.05088e-02   9.25619e-02  -6.97908e-02  -4.35338e-03   1.58894e-01
T2   -5.97116e-01   1.49785e-01   1.25415e-01  -1.92303e-01   3.73234e-03  -2.55460e-03   4.66959e-02   1.60429e-01  -5.22673e-02   2.89498e-02   1.64582e-01   2.68577e-01   7.05490e-02   9.53472e-02   1.02440e-01   4.55686e-02  -4.95155e-02  -1.95098e-02   1.74292e-02  -1.29993e-02   1.62398e-01
T3   -1.08383e+00   1.66384e-01  -3.65667e-01   3.73234e-03   2.44953e-01   1.03666e-01   1.42399e-01   4.31038e-01   2.28926e-02  -1.66630e-01   2.92386e-01   3.59003e-01  -2.64248e-01   2.15210e-01   2.47797e-01   1.08692e-01   1.92628e-02   6.14589e-02   4.99849e-02  -7.67382e-03   2.17378e-01
T4    2.37227e+00  -1.25154e-01   6.35143e-02  -2.55460e-03   1.03666e-01  -1.14180e+00   2.78006e-02   1.66166e-01  -1.31955e-01  -1.36246e-01  -2.18690e-01  -2.05731e-01   1.38795e-01  -2.68937e-01  -2.97428e-01  -1.00873e-01  -1.16276e-01  -8.15853e-02  -2.69269e-01  -1.62082e-01  -2.35472e-01
T5   -6.70494e-01   1.42896e-01   1.27355e-01   4.66959e-02   1.42399e-01   2.78006e-02   3.95212e-02   2.59224e-01   4.26786e-02   7.10259e-02   1.67513e-01   1.70244e-01   2.45773e-01   6.99693e-02   1.04387e-01   3.64573e-02   2.98354e-02   2.98123e-02  -5.23692e-02   1.24663e-02   1.34423e-01
T6   -1.43358e+00   2.71422e-01  -3.55799e-01   1.60429e-01   4.31038e-01   1.66166e-01   2.59224e-01   4.33561e-01   1.72046e-01  -8.76668e-02   2.47712e-01   3.15238e-01  -2.41702e-01   2.29634e-01   2.21354e-01   1.87848e-01   1.29144e-01   1.44334e-01   4.47095e-02  -5.82085e-03   2.01999e-01
T7   -6.19178e-01  -6.43959e-02   1.60212e-03  -5.22673e-02   2.28926e-02  -1.31955e-01   4.26786e-02   1.72046e-01  -1.51102e-01  -4.50531e-02   5.45382e-02   7.84377e-02   1.08053e-01  -4.80677e-02  -2.29555e-02  -3.22731e-02  -4.54551e-02  -2.05201e-02  -4.32322e-02  -2.70703e-02   8.08871e-03
T8    4.44618e-01   8.20364e-02   1.24770e-01   2.89498e-02  -1.66630e-01  -1.36246e-01   7.10259e-02  -8.76668e-02  -4.50531e-02  -3.59366e-01   9.01090e-02   8.70437e-02   3.22739e-01  -3.86227e-02  -2.99378e-02  -7.00742e-03  -4.92867e-02  -7.12317e-03  -1.56839e-01  -1.18404e-01   5.95875e-02
T9    5.22479e-01  -1.23527e-01   2.11102e-01   1.64582e-01   2.92386e-01  -2.18690e-01   1.67513e-01   2.47712e-01   5.45382e-02   9.01090e-02  -4.64805e-01  -3.48309e-01   2.15652e-01  -2.46290e-01  -3.50853e-01   1.10129e-01   4.67052e-02  -4.37432e-02  -2.14692e-01  -2.19960e-01  -3.38709e-01
T10   -2.20987e-01  -1.17409e-01   1.36762e-01   2.68577e-01   3.59003e-01  -2.05731e-01   1.70244e-01   3.15238e-01   7.84377e-02   8.70437e-02  -3.48309e-01  -3.95328e-01   3.00682e-01  -2.19315e-01  -3.38328e-01   8.24227e-02   1.14025e-01   5.03318e-02  -2.72502e-01  -1.75132e-01  -2.96702e-01
T11   -1.36630e+00   3.45662e-01   6.39710e-01   7.05490e-02  -2.64248e-01   1.38795e-01   2.45773e-01  -2.41702e-01   1.08053e-01   3.22739e-01   2.15652e-01   3.00682e-01   4.51987e-01   2.54015e-01   2.11612e-01   2.48717e-01   1.13648e-01   1.46666e-01   1.70348e-01  -7.57122e-04   2.05510e-01
T12    1.47789e+00  -9.50558e-02   1.37708e-01   9.53472e-02   2.15210e-01  -2.68937e-01   6.99693e-02   2.29634e-01  -4.80677e-02  -3.86227e-02  -2.46290e-01  -2.19315e-01   2.54015e-01  -5.59898e-01  -3.37366e-01   1.46265e-03   3.22362e-02  -4.43377e-03  -3.00595e-01  -1.87804e-01  -1.96310e-01
T13    1.02319e+00  -1.01026e-01   8.79925e-02   1.02440e-01   2.47797e-01  -2.97428e-01   1.04387e-01   2.21354e-01  -2.29555e-02  -2.99378e-02  -3.50853e-01  -3.38328e-01   2.11612e-01  -3.37366e-01  -4.77363e-01  -9.53878e-03   5.64665e-03  -1.60523e-02  -3.87786e-01  -3.04670e-01  -2.73386e-01
T14   -4.58749e-01   4.50402e-02   1.38063e-02   4.55686e-02   1.08692e-01  -1.00873e-01   3.64573e-02   1.87848e-01  -3.22731e-02  -7.00742e-03   1.10129e-01   8.24227e-02   2.48717e-01   1.46265e-03  -9.53878e-03  -8.89297e-02   5.92439e-02   4.80953e-02  -2.33818e-01  -1.63396e-01   4.99479e-02
T15   -6.29761e-01   3.97066e-02   6.05088e-02  -4.95155e-02   1.92628e-02  -1.16276e-01   2.98354e-02   1.29144e-01  -4.54551e-02  -4.92867e-02   4.67052e-02   1.14025e-01   1.13648e-01   3.22362e-02   5.64665e-03   5.92439e-02  -9.52492e-02  -4.22230e-02  -5.03766e-03  -4.87037e-03   2.63962e-02
T16   -4.42946e-01   1.02261e-02   9.25619e-02  -1.95098e-02   6.14589e-02  -8.15853e-02   2.98123e-02   1.44334e-01  -2.05201e-02  -7.12317e-03  -4.37432e-02   5.03318e-02   1.46666e-01  -4.43377e-03  -1.60523e-02   4.80953e-02  -4.22230e-02  -9.72048e-02  -6.51160e-03  -2.41060e-02  -7.42102e-02
T17    2.05957e+00  -6.36163e-02  -6.97908e-02   1.74292e-02   4.99849e-02  -2.69269e-01  -5.23692e-02   4.47095e-02  -4.32322e-02  -1.56839e-01  -2.14692e-01  -2.72502e-01   1.70348e-01  -3.00595e-01  -3.87786e-01  -2.33818e-01  -5.03766e-03  -6.51160e-03  -5.65112e-01  -2.80942e-01  -1.84090e-01
T18    8.27414e-01  -2.38166e-02  -4.35338e-03  -1.29993e-02  -7.67382e-03  -1.62082e-01   1.24663e-02  -5.82085e-03  -2.70703e-02  -1.18404e-01  -2.19960e-01  -1.75132e-01  -7.57122e-04  -1.87804e-01  -3.04670e-01  -1.63396e-01  -4.87037e-03  -2.41060e-02  -2.80942e-01  -2.14476e-01  -1.46536e-01
T19    2.42131e-01  -1.68473e-01   1.58894e-01   1.62398e-01   2.17378e-01  -2.35472e-01   1.34423e-01   2.01999e-01   8.08871e-03   5.95875e-02  -3.38709e-01  -2.96702e-01   2.05510e-01  -1.96310e-01  -2.73386e-01   4.99479e-02   2.63962e-02  -7.42102e-02  -1.84090e-01  -1.46536e-01  -3.73376e-01
