T0   -3.57180e-01  -1.72524e+00  -2.42705e-01  -3.24866e-01  -6.58653e-02  -1.49148e+00  -2.69043e-01  -3.74188e-02  -9.25798e-01  -6.17762e-01  -1.01236e+00  -7.85683e-01   5.05869e-01  -1.05044e+00  -1.05368e+00  -5.44199e-01  -8.30297e-01  -6.24559e-01  -1.00909e+00  -9.67522e-01  -1.23326e+00
T1   -1.79809e-01  -2.42705e-01   2.07090e-01   9.71881e-02  -1.20442e+00  -3.31228e-01   1.80923e-01  -5.03622e-01   5.66321e-02  -4.41252e-01   6.01780e-01   8.02862e-01   1.66565e+00   2.67487e-01  -4.60718e-01   3.27406e-01  -2.97380e-01   1.06700e-01  -1.33113e+00  -8.61297e-01   3.47700e-01
T2   -6.13877e-02  -3.24866e-01   9.71881e-02  -3.36395e-01  -8.43417e-02  -3.29134e-01   1.37960e-01   5.56978e-01  -5.58102e-01   1.65897e-01   5.93092e-01   8.18691e-01   3.41918e-01   8.75010e-02   1.78261e-01   2.82068e-01  -8.28027e-01  -3.42390e-01  -3.13081e-01  -8.86166e-02   5.71343e-01
T3   -3.85015e-01  -6.58653e-02  -1.20442e+00  -8.43417e-02   6.48404e-01  -6.67504e-03   7.13364e-01   1.32137e+00  -4.55987e-01   2.41981e-02   1.06381e+00   1.32809e+00  -4.82960e-01   5.27084e-01   1.15068e+00   5.16297e-01  -1.00646e+00  -5.26042e-01   1.53116e+00   1.29297e+00   8.08600e-01
T4    1.76903e+00  -1.49148e+00  -3.31228e-01  -3.29134e-01  -6.67504e-03  -4.74871e+00  -2.68327e-01   1.21673e-01  -1.05118e+00  -8.44899e-01  -5.96053e-01  -1.74031e-01   4.19563e-01  -1.06604e+00  -1.18020e+00  -4.15629e-01  -8.89034e-01  -5.38691e-01  -1.49438e+00  -8.75095e-01  -8.17447e-01
T5    1.34063e-02  -2.69043e-01   1.80923e-01   1.37960e-01   7.13364e-01  -2.68327e-01   4.75124e-01   1.00279e+00  -1.40212e-01   3.27916e-02   6.42858e-01   1.08793e+00   7.21472e-01   2.70979e-01   3.18815e-02   3.93981e-01  -4.72514e-01  -1.04466e-01  -5.73548e-01  -1.10976e-01   4.44394e-01
T6   -5.64443e-01  -3.74188e-02  -5.03622e-01   5.56978e-01   1.32137e+00   1.21673e-01   1.00279e+00   1.72239e+00  -7.61987e-05   5.15943e-01   8.15398e-01   1.48408e+00  -2.97697e-01   5.33954e-01   7.13533e-01   5.86101e-01  -7.22835e-01  -1.44230e-01   7.15006e-01   7.79871e-01   5.59321e-01
T7   -4.35838e-01  -9.25798e-01   5.66321e-02  -5.58102e-01  -4.55987e-01  -1.05118e+00  -1.40212e-01  -7.61987e-05  -8.62774e-01  -4.58603e-01   2.80689e-01   4.35516e-01   6.47236e-01  -5.39953e-01  -7.04340e-01  -1.36427e-01  -8.29366e-01  -4.21842e-01  -9.46653e-01  -7.93106e-01  -4.63232e-02
T8    6.33701e-01  -6.17762e-01  -4.41252e-01   1.65897e-01   2.41981e-02  -8.44899e-01   3.27916e-02   5.15943e-01  -4.58603e-01  -6.74944e-01  -1.30721e-01   1.34172e-01   3.47282e-01  -1.81076e-01  -2.58565e-01  -3.68979e-01  -7.94847e-01  -1.88478e-01  -1.01178e+00  -6.54631e-01  -2.57257e-01
T9   -3.85631e-01  -1.01236e+00   6.01780e-01   5.93092e-01   1.06381e+00  -5.96053e-01   6.42858e-01   8.15398e-01   2.80689e-01  -1.30721e-01   6.86901e-01   1.81952e+00   2.20646e+00   5.35617e-01  -6.19705e-01   1.54967e+00   4.17801e-02   5.65749e-01  -7.36371e-01  -6.28918e-01   2.12034e-01
T10   -9.45267e-01  -7.85683e-01   8.02862e-01   8.18691e-01   1.32809e+00  -1.74031e-01   1.08793e+00   1.48408e+00   4.35516e-01   1.34172e-01   1.81952e+00   2.82785e+00   2.88857e+00   1.26782e+00  -3.36565e-01   2.45503e+00   2.61472e-01   1.06613e+00  -8.41733e-01  -3.44243e-01   9.92357e-01
T11   -4.43792e-01   5.05869e-01   1.66565e+00   3.41918e-01  -4.82960e-01   4.19563e-01   7.21472e-01  -2.97697e-01   6.47236e-01   3.47282e-01   2.20646e+00   2.88857e+00   2.93374e+00   1.63126e+00   1.12788e-01   2.32118e+00   4.69155e-02   5.40925e-01  -9.09981e-01  -5.92759e-01   1.56986e+00
T12    9.05609e-01  -1.05044e+00   2.67487e-01   8.75010e-02   5.27084e-01  -1.06604e+00   2.70979e-01   5.33954e-01  -5.39953e-01  -1.81076e-01   5.35617e-01   1.26782e+00   1.63126e+00  -4.59130e-01  -7.99203e-01   6.21909e-01  -2.38870e-01   1.33001e-01  -1.10187e+00  -6.88276e-01   3.85141e-02
T13    9.20563e-02  -1.05368e+00  -4.60718e-01   1.78261e-01   1.15068e+00  -1.18020e+00   3.18815e-02   7.13533e-01  -7.04340e-01  -2.58565e-01  -6.19705e-01  -3.36565e-01   1.12788e-01  -7.99203e-01   2.40141e-02  -6.77404e-01   1.76615e-01   5.87423e-01   3.66589e-03   1.53339e-01  -7.82032e-01
T14   -1.68805e-01  -5.44199e-01   3.27406e-01   2.82068e-01   5.16297e-01  -4.15629e-01   3.93981e-01   5.86101e-01  -1.36427e-01  -3.68979e-01   1.54967e+00   2.45503e+00   2.32118e+00   6.21909e-01  -6.77404e-01   1.36724e+00  -2.25450e-01   4.61544e-01  -1.47075e+00  -1.07942e+00   1.05354e+00
T15   -2.08263e-01  -8.30297e-01  -2.97380e-01  -8.28027e-01  -1.00646e+00  -8.89034e-01  -4.72514e-01  -7.22835e-01  -8.29366e-01  -7.94847e-01   4.17801e-02   2.61472e-01   4.69155e-02  -2.38870e-01   1.76615e-01  -2.25450e-01  -9.73233e-01  -7.06804e-01  -1.79608e-01   1.48103e-01  -2.29645e-01
T16   -2.75403e-01  -6.24559e-01   1.06700e-01  -3.42390e-01  -5.26042e-01  -5.38691e-01  -1.04466e-01  -1.44230e-01  -4.21842e-01  -1.88478e-01   5.65749e-01   1.06613e+00   5.40925e-01   1.33001e-01   5.87423e-01   4.61544e-01  -7.06804e-01  -6.95871e-01   3.67029e-01   3.96319e-01   1.67794e-01
T17    1.26234e+00  -1.00909e+00  -1.33113e+00  -3.13081e-01   1.53116e+00  -1.49438e+00  -5.73548e-01   7.15006e-01  -9.46653e-01  -1.01178e+00  -7.36371e-01  -8.41733e-01  -9.09981e-01  -1.10187e+00   3.66589e-03  -1.47075e+00  -1.79608e-01   3.67029e-01   6.15510e-01   2.06269e-01  -7.92810e-01
T18    2.55679e-01  -9.67522e-01  -8.61297e-01  -8.86166e-02   1.29297e+00  -8.75095e-01  -1.10976e-01   7.79871e-01  -7.93106e-01  -6.54631e-01  -6.28918e-01  -3.44243e-01  -5.92759e-01  -6.88276e-01   1.53339e-01  -1.07942e+00   1.48103e-01   3.96319e-01   2.06269e-01   1.48917e-01  -7.19643e-01
T19   -5.20987e-01  -1.23326e+00   3.47700e-01   5.71343e-01   8.08600e-01  -8.17447e-01   4.44394e-01   5.59321e-01  -4.63232e-02  -2.57257e-01   2.12034e-01   9.92357e-01   1.56986e+00   3.85141e-02  -7.82032e-01   1.05354e+00  -2.29645e-01   1.67794e-01  -7.92810e-01  -7.19643e-01  -2.78208e-01
