T0   -4.45165e-01  -8.15941e-02   1.90840e-02   5.49713e-02   3.20972e-02  -8.18600e-03   2.55320e-02   5.08633e-02  -2.49891e-02   2.04852e-02  -2.80493e-02  -4.64863e-02   8.92960e-02  -2.97651e-02  -1.74269e-02   1.04899e-02   2.20656e-02   8.79937e-04  -1.77430e-02   7.83672e-03  -4.75421e-02
T1   -1.05929e+00   1.90840e-02   6.10651e-02   8.14092e-02  -7.63864e-02   3.02566e-03   6.90086e-02  -6.49447e-02   2.29182e-02   3.79012e-02   4.81711e-02   6.86953e-03   2.47925e-01   5.41867e-03   9.74615e-03   5.16290e-03   4.62094e-02   6.29314e-02  -8.91239e-03   1.76164e-02   2.20553e-02
T2   -7.87956e-01   5.49713e-02   8.14092e-02  -8.50754e-02   2.12263e-02   1.39372e-02   2.89568e-02   8.65263e-02  -4.85243e-03   2.89852e-02   1.04435e-02   5.54486e-02   3.83414e-02  -4.40221e-03   5.48271e-03   3.69739e-02  -1.29410e-02   1.50389e-03  -2.62546e-04  -3.00177e-02   4.85312e-02
T3   -1.37121e+00   3.20972e-02  -7.63864e-02   2.12263e-02   8.21128e-02   5.68590e-02   7.31939e-02   1.53121e-01  -7.66699e-04  -2.17439e-02   4.27909e-02   5.42151e-02  -2.60958e-02   2.76494e-02   3.86552e-02   3.66162e-02   3.72206e-02   3.08439e-02  -4.15156e-03  -1.35013e-03   4.89847e-02
T4    2.39349e+00  -8.18600e-03   3.02566e-03   1.39372e-02   5.68590e-02  -4.93238e-01   3.19625e-03   5.98682e-02  -1.43790e-02  -6.10831e-02  -5.48753e-02  -5.49548e-02   2.45736e-02  -8.56122e-02  -8.13687e-02  -1.74324e-02  -3.68077e-02  -1.00521e-02  -7.61792e-02  -4.05978e-02  -5.85663e-02
T5   -8.76163e-01   2.55320e-02   6.90086e-02   2.89568e-02   7.31939e-02   3.19625e-03  -2.18179e-02   1.13617e-01   4.18331e-02   3.36359e-02   2.40438e-02  -1.59802e-03   1.30473e-01  -9.98759e-03   7.18117e-04   2.25789e-02   2.45383e-02   2.99451e-02  -3.89673e-02  -5.80830e-03   3.59753e-02
T6   -1.79837e+00   5.08633e-02  -6.49447e-02   8.65263e-02   1.53121e-01   5.98682e-02   1.13617e-01   1.19255e-01   5.75334e-02   9.36934e-03   2.02179e-02   2.44560e-02  -1.77072e-02   1.62308e-02   2.00976e-02   7.30858e-02   7.95340e-02   8.15729e-02   9.25538e-03   2.17997e-03   3.79620e-02
T7   -6.53866e-01  -2.49891e-02   2.29182e-02  -4.85243e-03  -7.66699e-04  -1.43790e-02   4.18331e-02   5.75334e-02  -7.14480e-02  -1.80124e-02   1.50911e-02   2.47606e-02   7.48155e-02  -1.66973e-02   1.12093e-02  -1.34628e-02  -1.15480e-02  -1.07825e-02  -3.86948e-03   9.49676e-03  -4.21290e-03
T8    3.70138e-01   2.04852e-02   3.79012e-02   2.89852e-02  -2.17439e-02  -6.10831e-02   3.36359e-02   9.36934e-03  -1.80124e-02  -1.51630e-01   2.19755e-02   1.03182e-02   1.37936e-01  -3.41548e-02  -2.87365e-02  -8.38850e-04  -1.48603e-03   1.26147e-02  -5.84657e-02  -2.88952e-02   2.08477e-02
T9    9.64740e-01  -2.80493e-02   4.81711e-02   1.04435e-02   4.27909e-02  -5.48753e-02   2.40438e-02   2.02179e-02   1.50911e-02   2.19755e-02  -1.67270e-01  -9.64039e-02  -1.09066e-02  -6.07629e-02  -9.78796e-02   3.90781e-02  -3.33144e-03  -2.19870e-02  -1.74903e-02  -4.95744e-02  -9.87731e-02
T10    2.56799e-01  -4.64863e-02   6.86953e-03   5.54486e-02   5.42151e-02  -5.49548e-02  -1.59802e-03   2.44560e-02   2.47606e-02   1.03182e-02  -9.64039e-02  -1.30357e-01   4.12044e-02  -4.29714e-02  -8.80408e-02   2.07464e-02   3.66234e-03  -4.14131e-03  -4.99758e-02  -2.56583e-02  -8.37421e-02
T11   -1.81095e+00   8.92960e-02   2.47925e-01   3.83414e-02  -2.60958e-02   2.45736e-02   1.30473e-01  -1.77072e-02   7.48155e-02   1.37936e-01  -1.09066e-02   4.12044e-02   7.94455e-02   2.33174e-02   1.09534e-02   9.96895e-02   7.54746e-02   8.56449e-02   5.60085e-02  -6.21990e-03   3.04435e-02
T12    1.89554e+00  -2.97651e-02   5.41867e-03  -4.40221e-03   2.76494e-02  -8.56122e-02  -9.98759e-03   1.62308e-02  -1.66973e-02  -3.41548e-02  -6.07629e-02  -4.29714e-02   2.33174e-02  -2.93781e-01  -7.18381e-02   3.48049e-03  -6.35305e-03  -1.15883e-02  -4.02757e-02  -3.73210e-02  -4.21265e-02
T13    1.34036e+00  -1.74269e-02   9.74615e-03   5.48271e-03   3.86552e-02  -8.13687e-02   7.18117e-04   2.00976e-02   1.12093e-02  -2.87365e-02  -9.78796e-02  -8.80408e-02   1.09534e-02  -7.18381e-02  -1.44189e-01   9.94887e-03  -1.74565e-02  -2.06908e-02  -9.48437e-02  -8.43325e-02  -7.29098e-02
T14   -6.56415e-01   1.04899e-02   5.16290e-03   3.69739e-02   3.66162e-02  -1.74324e-02   2.25789e-02   7.30858e-02  -1.34628e-02  -8.38850e-04   3.90781e-02   2.07464e-02   9.96895e-02   3.48049e-03   9.94887e-03  -6.22946e-02   3.31820e-02   2.66363e-02  -6.00071e-02  -3.16192e-02   1.46816e-02
T15   -7.15210e-01   2.20656e-02   4.62094e-02  -1.29410e-02   3.72206e-02  -3.68077e-02   2.45383e-02   7.95340e-02  -1.15480e-02  -1.48603e-03  -3.33144e-03   3.66234e-03   7.54746e-02  -6.35305e-03  -1.74565e-02   3.31820e-02  -4.04371e-02  -6.24802e-03  -1.70769e-02  -1.07882e-02   8.64005e-03
T16   -4.73195e-01   8.79937e-04   6.29314e-02   1.50389e-03   3.08439e-02  -1.00521e-02   2.99451e-02   8.15729e-02  -1.07825e-02   1.26147e-02  -2.19870e-02  -4.14131e-03   8.56449e-02  -1.15883e-02  -2.06908e-02   2.66363e-02  -6.24802e-03  -4.02162e-02  -1.06566e-02  -1.41767e-02  -2.90300e-02
T17    2.08759e+00  -1.77430e-02  -8.91239e-03  -2.62546e-04  -4.15156e-03  -7.61792e-02  -3.89673e-02   9.25538e-03  -3.86948e-03  -5.84657e-02  -1.74903e-02  -4.99758e-02   5.60085e-02  -4.02757e-02  -9.48437e-02  -6.00071e-02  -1.70769e-02  -1.06566e-02  -2.34537e-01  -8.13849e-02  -3.42726e-02
T18    8.41071e-01   7.83672e-03   1.76164e-02  -3.00177e-02  -1.35013e-03  -4.05978e-02  -5.80830e-03   2.17997e-03   9.49676e-03  -2.88952e-02  -4.95744e-02  -2.56583e-02  -6.21990e-03  -3.73210e-02  -8.43325e-02  -3.16192e-02  -1.07882e-02  -1.41767e-02  -8.13849e-02  -8.64329e-02  -2.45769e-02
T19    4.98057e-01  -4.75421e-02   2.20553e-02   4.85312e-02   4.89847e-02  -5.85663e-02   3.59753e-02   3.79620e-02  -4.21290e-03   2.08477e-02  -9.87731e-02  -8.37421e-02   3.04435e-02  -4.21265e-02  -7.29098e-02   1.46816e-02   8.64005e-03  -2.90300e-02  -3.42726e-02  -2.45769e-02  -1.24036e-01
