T0   -7.32568e-01  -1.79694e-01   1.90586e-01   1.79725e-01   2.08619e-01  -1.43007e-01   1.66035e-01   3.13053e-01  -5.50641e-02   9.68225e-02  -1.41321e-01  -1.31764e-01   3.78817e-01  -1.02415e-01  -1.13466e-01   4.74126e-02   4.54264e-02   1.84000e-02  -7.87965e-02  -2.36018e-02  -1.87757e-01
T1   -7.16314e-01   1.90586e-01   3.64436e-01   1.50772e-01  -4.06312e-01   7.58549e-02   1.34150e-01  -4.03257e-01   1.35243e-02   1.49115e-01   2.11617e-01   1.30777e-01   7.24830e-01   1.36311e-01   7.72425e-02   2.01872e-02   7.68348e-02   1.06167e-01  -1.07907e-01  -2.55986e-02   1.75196e-01
T2   -6.03634e-01   1.79725e-01   1.50772e-01  -1.96583e-01   2.05246e-02  -1.01701e-03   5.65733e-02   1.78943e-01  -6.02413e-02   4.03716e-02   1.97062e-01   2.98494e-01   9.67326e-02   1.18636e-01   1.12962e-01   4.33198e-02  -4.84812e-02  -1.42019e-02   2.49968e-02  -1.22196e-02   1.79489e-01
T3   -1.08403e+00   2.08619e-01  -4.06312e-01   2.05246e-02   3.03377e-01   1.30132e-01   1.76672e-01   5.19316e-01   3.05071e-02  -1.85503e-01   3.39744e-01   4.16058e-01  -2.92207e-01   2.49968e-01   2.75905e-01   1.36599e-01   2.40232e-02   7.81782e-02   5.08037e-02  -2.09076e-02   2.54755e-01
T4    2.30276e+00  -1.43007e-01   7.58549e-02  -1.01701e-03   1.30132e-01  -1.25364e+00   3.20557e-02   1.97249e-01  -1.43115e-01  -1.61834e-01  -2.51075e-01  -2.33330e-01   1.58376e-01  -2.92045e-01  -3.41179e-01  -1.16986e-01  -1.21872e-01  -7.87638e-02  -3.05862e-01  -1.79671e-01  -2.66593e-01
T5   -6.55314e-01   1.66035e-01   1.34150e-01   5.65733e-02   1.76672e-01   3.20557e-02   5.59792e-02   2.99137e-01   5.61971e-02   8.14768e-02   1.79913e-01   1.90397e-01   2.71130e-01   8.93894e-02   1.11251e-01   4.39606e-02   4.48557e-02   4.11867e-02  -6.83330e-02   1.11809e-02   1.49878e-01
T6   -1.40416e+00   3.13053e-01  -4.03257e-01   1.78943e-01   5.19316e-01   1.97249e-01   2.99137e-01   5.37541e-01   1.96672e-01  -1.01281e-01   2.88703e-01   3.55156e-01  -2.72928e-01   2.63615e-01   2.41741e-01   2.30409e-01   1.45810e-01   1.70665e-01   3.56852e-02  -1.20517e-02   2.38190e-01
T7   -6.76215e-01  -5.50641e-02   1.35243e-02  -6.02413e-02   3.05071e-02  -1.43115e-01   5.61971e-02   1.96672e-01  -1.57457e-01  -4.37296e-02   6.84500e-02   1.11046e-01   1.27627e-01  -3.82924e-02  -1.65425e-02  -3.22039e-02  -5.07977e-02  -2.06257e-02  -4.69652e-02  -3.26006e-02   1.01547e-02
T8    4.35932e-01   9.68225e-02   1.49115e-01   4.03716e-02  -1.85503e-01  -1.61834e-01   8.14768e-02  -1.01281e-01  -4.37296e-02  -3.80310e-01   9.41504e-02   9.07871e-02   3.64237e-01  -3.63651e-02  -4.04977e-02  -3.19621e-03  -4.86763e-02  -3.97005e-03  -1.94459e-01  -1.45916e-01   6.76183e-02
T9    5.26658e-01  -1.41321e-01   2.11617e-01   1.97062e-01   3.39744e-01  -2.51075e-01   1.79913e-01   2.88703e-01   6.84500e-02   9.41504e-02  -5.21168e-01  -4.01823e-01   2.37580e-01  -2.88625e-01  -4.06288e-01   1.12677e-01   5.67840e-02  -5.20244e-02  -2.71558e-01  -2.64874e-01  -3.85107e-01
T10   -2.07270e-01  -1.31764e-01   1.30777e-01   2.98494e-01   4.16058e-01  -2.33330e-01   1.90397e-01   3.55156e-01   1.11046e-01   9.07871e-02  -4.01823e-01  -4.51734e-01   3.22254e-01  -2.56189e-01  -3.95503e-01   9.28955e-02   1.39049e-01   5.14274e-02  -3.33660e-01  -2.12884e-01  -3.36682e-01
T11   -1.31981e+00   3.78817e-01   7.24830e-01   9.67326e-02  -2.92207e-01   1.58376e-01   2.71130e-01  -2.72928e-01   1.27627e-01   3.64237e-01   2.37580e-01   3.22254e-01   5.51491e-01   2.80199e-01   2.34692e-01   2.83743e-01   1.37157e-01   1.64238e-01   1.65534e-01  -7.04862e-04   2.35102e-01
T12    1.45297e+00  -1.02415e-01   1.36311e-01   1.18636e-01   2.49968e-01  -2.92045e-01   8.93894e-02   2.63615e-01  -3.82924e-02  -3.63651e-02  -2.88625e-01  -2.56189e-01   2.80199e-01  -5.97705e-01  -3.95752e-01  -4.81408e-04   4.58738e-02  -3.81560e-03  -3.66848e-01  -2.30258e-01  -2.22913e-01
T13    1.04600e+00  -1.13466e-01   7.72425e-02   1.12962e-01   2.75905e-01  -3.41179e-01   1.11251e-01   2.41741e-01  -1.65425e-02  -4.04977e-02  -4.06288e-01  -3.95503e-01   2.34692e-01  -3.95752e-01  -5.54519e-01  -1.85293e-02   1.46876e-02  -2.13788e-02  -4.62533e-01  -3.67604e-01  -3.13619e-01
T14   -4.53967e-01   4.74126e-02   2.01872e-02   4.33198e-02   1.36599e-01  -1.16986e-01   4.39606e-02   2.30409e-01  -3.22039e-02  -3.19621e-03   1.12677e-01   9.28955e-02   2.83743e-01  -4.81408e-04  -1.85293e-02  -7.72389e-02   5.99695e-02   4.87271e-02  -2.81066e-01  -1.92659e-01   5.29990e-02
T15   -6.55249e-01   4.54264e-02   7.68348e-02  -4.84812e-02   2.40232e-02  -1.21872e-01   4.48557e-02   1.45810e-01  -5.07977e-02  -4.86763e-02   5.67840e-02   1.39049e-01   1.37157e-01   4.58738e-02   1.46876e-02   5.99695e-02  -1.06627e-01  -3.65252e-02  -9.15375e-03   7.72451e-04   3.05126e-02
T16   -4.59912e-01   1.84000e-02   1.06167e-01  -1.42019e-02   7.81782e-02  -7.87638e-02   4.11867e-02   1.70665e-01  -2.06257e-02  -3.97005e-03  -5.20244e-02   5.14274e-02   1.64238e-01  -3.81560e-03  -2.13788e-02   4.87271e-02  -3.65252e-02  -1.07282e-01  -1.98110e-02  -1.90226e-02  -9.19832e-02
T17    2.13792e+00  -7.87965e-02  -1.07907e-01   2.49968e-02   5.08037e-02  -3.05862e-01  -6.83330e-02   3.56852e-02  -4.69652e-02  -1.94459e-01  -2.71558e-01  -3.33660e-01   1.65534e-01  -3.66848e-01  -4.62533e-01  -2.81066e-01  -9.15375e-03  -1.98110e-02  -6.45759e-01  -3.42544e-01  -2.22169e-01
T18    8.45504e-01  -2.36018e-02  -2.55986e-02  -1.22196e-02  -2.09076e-02  -1.79671e-01   1.11809e-02  -1.20517e-02  -3.26006e-02  -1.45916e-01  -2.64874e-01  -2.12884e-01  -7.04862e-04  -2.30258e-01  -3.67604e-01  -1.92659e-01   7.72451e-04  -1.90226e-02  -3.42544e-01  -2.52911e-01  -1.74567e-01
T19    2.20695e-01  -1.87757e-01   1.75196e-01   1.79489e-01   2.54755e-01  -2.66593e-01   1.49878e-01   2.38190e-01   1.01547e-02   6.76183e-02  -3.85107e-01  -3.36682e-01   2.35102e-01  -2.22913e-01  -3.13619e-01   5.29990e-02   3.05126e-02  -9.19832e-02  -2.22169e-01  -1.74567e-01  -4.25221e-01
