T0   -7.57885e-01  -1.80340e-01   2.05452e-01   1.89363e-01   2.37609e-01  -1.47353e-01   1.80465e-01   3.36795e-01  -4.79233e-02   1.02058e-01  -1.53372e-01  -1.39369e-01   3.99277e-01  -1.05647e-01  -1.23396e-01   5.16620e-02   5.93881e-02   2.11860e-02  -9.19654e-02  -2.67324e-02  -1.99705e-01
T1   -6.98177e-01   2.05452e-01   3.95629e-01   1.59898e-01  -4.25326e-01   8.06822e-02   1.40032e-01  -4.24436e-01   2.24745e-02   1.64691e-01   2.07636e-01   1.21615e-01   7.69103e-01   1.36421e-01   6.36332e-02   3.26495e-02   9.16048e-02   1.11660e-01  -1.33596e-01  -3.91130e-02   1.84004e-01
T2   -6.12007e-01   1.89363e-01   1.59898e-01  -1.97154e-01   3.00497e-02   3.58463e-03   6.96822e-02   1.93768e-01  -5.96919e-02   4.74006e-02   2.12067e-01   3.13580e-01   1.15971e-01   1.35077e-01   1.17005e-01   4.77058e-02  -4.26638e-02  -1.28482e-02   2.45333e-02  -1.09016e-02   1.92119e-01
T3   -1.08754e+00   2.37609e-01  -4.25326e-01   3.00497e-02   3.38692e-01   1.41066e-01   1.97164e-01   5.64856e-01   3.80430e-02  -2.00663e-01   3.67562e-01   4.41877e-01  -3.06537e-01   2.72735e-01   2.88551e-01   1.58199e-01   3.05590e-02   8.91983e-02   5.08975e-02  -2.91411e-02   2.76563e-01
T4    2.25008e+00  -1.47353e-01   8.06822e-02   3.58463e-03   1.41066e-01  -1.31389e+00   4.61218e-02   2.26911e-01  -1.48637e-01  -1.74307e-01  -2.70193e-01  -2.46181e-01   1.76506e-01  -3.06743e-01  -3.59060e-01  -1.24501e-01  -1.15678e-01  -7.65308e-02  -3.33004e-01  -1.87781e-01  -2.83444e-01
T5   -6.52674e-01   1.80465e-01   1.40032e-01   6.96822e-02   1.97164e-01   4.61218e-02   7.43837e-02   3.20004e-01   5.59632e-02   1.02969e-01   1.80886e-01   1.95585e-01   2.93079e-01   9.05612e-02   1.06936e-01   5.57877e-02   5.79107e-02   5.01997e-02  -8.67328e-02   6.63298e-03   1.63888e-01
T6   -1.39199e+00   3.36795e-01  -4.24436e-01   1.93768e-01   5.64856e-01   2.26911e-01   3.20004e-01   5.98596e-01   2.11142e-01  -1.04061e-01   3.07258e-01   3.73990e-01  -2.87236e-01   2.76323e-01   2.45887e-01   2.54396e-01   1.58074e-01   1.87345e-01   2.73127e-02  -2.18013e-02   2.61189e-01
T7   -7.05542e-01  -4.79233e-02   2.24745e-02  -5.96919e-02   3.80430e-02  -1.48637e-01   5.59632e-02   2.11142e-01  -1.57345e-01  -3.99094e-02   7.09385e-02   1.26088e-01   1.39025e-01  -2.99854e-02  -1.20327e-02  -3.58945e-02  -5.39228e-02  -2.00967e-02  -4.47113e-02  -3.04755e-02   1.08181e-02
T8    4.25144e-01   1.02058e-01   1.64691e-01   4.74006e-02  -2.00663e-01  -1.74307e-01   1.02969e-01  -1.04061e-01  -3.99094e-02  -3.86210e-01   9.62006e-02   9.19745e-02   4.02104e-01  -4.01715e-02  -5.41898e-02   5.18330e-03  -4.70222e-02  -1.91423e-03  -2.25546e-01  -1.64127e-01   7.47648e-02
T9    5.35736e-01  -1.53372e-01   2.07636e-01   2.12067e-01   3.67562e-01  -2.70193e-01   1.80886e-01   3.07258e-01   7.09385e-02   9.62006e-02  -5.53108e-01  -4.33849e-01   2.43315e-01  -3.12998e-01  -4.40691e-01   1.14546e-01   6.56590e-02  -5.36642e-02  -3.00760e-01  -2.89624e-01  -4.08899e-01
T10   -1.86282e-01  -1.39369e-01   1.21615e-01   3.13580e-01   4.41877e-01  -2.46181e-01   1.95585e-01   3.73990e-01   1.26088e-01   9.19745e-02  -4.33849e-01  -4.83391e-01   3.32585e-01  -2.82224e-01  -4.31303e-01   9.95133e-02   1.49468e-01   4.86809e-02  -3.70779e-01  -2.38351e-01  -3.60825e-01
T11   -1.30293e+00   3.99277e-01   7.69103e-01   1.15971e-01  -3.06537e-01   1.76506e-01   2.93079e-01  -2.87236e-01   1.39025e-01   4.02104e-01   2.43315e-01   3.32585e-01   6.24250e-01   2.82632e-01   2.36329e-01   3.14139e-01   1.53661e-01   1.77691e-01   1.52771e-01  -7.62684e-03   2.50721e-01
T12    1.45641e+00  -1.05647e-01   1.36421e-01   1.35077e-01   2.72735e-01  -3.06743e-01   9.05612e-02   2.76323e-01  -2.99854e-02  -4.01715e-02  -3.12998e-01  -2.82224e-01   2.82632e-01  -6.22375e-01  -4.29344e-01   1.27569e-03   4.50197e-02  -6.83204e-03  -4.03887e-01  -2.55807e-01  -2.41100e-01
T13    1.07999e+00  -1.23396e-01   6.36332e-02   1.17005e-01   2.88551e-01  -3.59060e-01   1.06936e-01   2.45887e-01  -1.20327e-02  -5.41898e-02  -4.40691e-01  -4.31303e-01   2.36329e-01  -4.29344e-01  -5.97820e-01  -2.66819e-02   1.29119e-02  -2.64838e-02  -5.07569e-01  -4.02160e-01  -3.39863e-01
T14   -4.63366e-01   5.16620e-02   3.26495e-02   4.77058e-02   1.58199e-01  -1.24501e-01   5.57877e-02   2.54396e-01  -3.58945e-02   5.18330e-03   1.14546e-01   9.95133e-02   3.14139e-01   1.27569e-03  -2.66819e-02  -7.51351e-02   6.55936e-02   5.45416e-02  -3.10149e-01  -2.12161e-01   5.50321e-02
T15   -6.77237e-01   5.93881e-02   9.16048e-02  -4.26638e-02   3.05590e-02  -1.15678e-01   5.79107e-02   1.58074e-01  -5.39228e-02  -4.70222e-02   6.56590e-02   1.49468e-01   1.53661e-01   4.50197e-02   1.29119e-02   6.55936e-02  -1.08196e-01  -3.62046e-02  -1.44052e-02   2.98239e-03   3.11884e-02
T16   -4.69927e-01   2.11860e-02   1.11660e-01  -1.28482e-02   8.91983e-02  -7.65308e-02   5.01997e-02   1.87345e-01  -2.00967e-02  -1.91423e-03  -5.36642e-02   4.86809e-02   1.77691e-01  -6.83204e-03  -2.64838e-02   5.45416e-02  -3.62046e-02  -1.11263e-01  -2.23219e-02  -1.93972e-02  -1.00743e-01
T17    2.18565e+00  -9.19654e-02  -1.33596e-01   2.45333e-02   5.08975e-02  -3.33004e-01  -8.67328e-02   2.73127e-02  -4.47113e-02  -2.25546e-01  -3.00760e-01  -3.70779e-01   1.52771e-01  -4.03887e-01  -5.07569e-01  -3.10149e-01  -1.44052e-02  -2.23219e-02  -6.87269e-01  -3.71205e-01  -2.47022e-01
T18    8.63747e-01  -2.67324e-02  -3.91130e-02  -1.09016e-02  -2.91411e-02  -1.87781e-01   6.63298e-03  -2.18013e-02  -3.04755e-02  -1.64127e-01  -2.89624e-01  -2.38351e-01  -7.62684e-03  -2.55807e-01  -4.02160e-01  -2.12161e-01   2.98239e-03  -1.93972e-02  -3.71205e-01  -2.79313e-01  -1.92227e-01
T19    2.08808e-01  -1.99705e-01   1.84004e-01   1.92119e-01   2.76563e-01  -2.83444e-01   1.63888e-01   2.61189e-01   1.08181e-02   7.47648e-02  -4.08899e-01  -3.60825e-01   2.50721e-01  -2.41100e-01  -3.39863e-01   5.50321e-02   3.11884e-02  -1.00743e-01  -2.47022e-01  -1.92227e-01  -4.50652e-01
