T0   -4.39356e-01  -8.90226e-02   1.93708e-02   6.27053e-02   4.11413e-02  -1.04921e-02   2.60389e-02   5.76020e-02  -2.27781e-02   2.11678e-02  -3.54282e-02  -5.37733e-02   9.60091e-02  -3.59289e-02  -2.61183e-02   1.48745e-02   2.53444e-02   2.04117e-03  -2.26737e-02   2.43391e-03  -5.51017e-02
T1   -1.06940e+00   1.93708e-02   7.39823e-02   8.37922e-02  -9.14244e-02   3.71643e-03   7.45976e-02  -7.88126e-02   2.19740e-02   4.24889e-02   5.85666e-02   1.86449e-02   2.72173e-01   1.53264e-02   2.23278e-02   4.08339e-03   4.40771e-02   6.49225e-02  -6.63969e-03   2.37804e-02   2.89195e-02
T2   -7.89666e-01   6.27053e-02   8.37922e-02  -9.10783e-02   2.29906e-02   1.25657e-02   3.13801e-02   9.07583e-02  -5.49622e-03   2.57669e-02   1.77626e-02   6.30444e-02   4.03022e-02  -1.14882e-03   8.77770e-03   3.74288e-02  -1.42652e-02   3.21816e-03  -7.18870e-05  -2.93390e-02   5.42820e-02
T3   -1.36914e+00   4.11413e-02  -9.14244e-02   2.29906e-02   9.07768e-02   5.53515e-02   7.80512e-02   1.64894e-01  -6.59459e-04  -3.04976e-02   5.39375e-02   6.47760e-02  -3.93032e-02   3.28366e-02   4.81086e-02   4.10614e-02   3.94138e-02   3.50911e-02  -1.32012e-03   1.13566e-03   5.77859e-02
T4    2.44161e+00  -1.04921e-02   3.71643e-03   1.25657e-02   5.53515e-02  -5.31756e-01   2.82313e-03   6.08757e-02  -1.79712e-02  -6.58299e-02  -6.49893e-02  -6.52012e-02   2.80050e-02  -9.55995e-02  -9.52386e-02  -2.34347e-02  -4.14868e-02  -1.05537e-02  -8.49294e-02  -4.79367e-02  -6.70546e-02
T5   -8.74737e-01   2.60389e-02   7.45976e-02   3.13801e-02   7.80512e-02   2.82313e-03  -1.67639e-02   1.22006e-01   4.40550e-02   3.96774e-02   3.03219e-02   2.91174e-03   1.41013e-01  -6.46941e-03   9.71708e-03   2.61750e-02   2.45080e-02   2.91268e-02  -3.69495e-02  -2.85777e-03   3.89563e-02
T6   -1.79278e+00   5.76020e-02  -7.88126e-02   9.07583e-02   1.64894e-01   6.08757e-02   1.22006e-01   1.33886e-01   6.32909e-02   7.99878e-03   2.82100e-02   3.35106e-02  -2.47870e-02   2.26261e-02   3.07286e-02   8.23098e-02   8.61864e-02   8.76430e-02   1.76757e-02   7.07222e-03   4.63995e-02
T7   -6.69256e-01  -2.27781e-02   2.19740e-02  -5.49622e-03  -6.59459e-04  -1.79712e-02   4.40550e-02   6.32909e-02  -7.52954e-02  -2.15557e-02   1.74076e-02   2.64973e-02   7.88621e-02  -1.76184e-02   8.39428e-03  -1.41180e-02  -1.00774e-02  -1.08319e-02  -6.93055e-03   7.16960e-03  -4.03507e-03
T8    3.60416e-01   2.11678e-02   4.24889e-02   2.57669e-02  -3.04976e-02  -6.58299e-02   3.96774e-02   7.99878e-03  -2.15557e-02  -1.63898e-01   2.79369e-02   1.57329e-02   1.49593e-01  -3.17922e-02  -2.69770e-02   1.41348e-03  -7.67507e-03   1.15174e-02  -6.25816e-02  -2.73551e-02   2.33091e-02
T9    9.69829e-01  -3.54282e-02   5.85666e-02   1.77626e-02   5.39375e-02  -6.49893e-02   3.03219e-02   2.82100e-02   1.74076e-02   2.79369e-02  -1.87210e-01  -1.12533e-01  -4.17860e-03  -7.28203e-02  -1.13437e-01   4.30610e-02  -3.47176e-03  -2.61917e-02  -2.91770e-02  -5.70026e-02  -1.13325e-01
T10    2.52215e-01  -5.37733e-02   1.86449e-02   6.30444e-02   6.47760e-02  -6.52012e-02   2.91174e-03   3.35106e-02   2.64973e-02   1.57329e-02  -1.12533e-01  -1.48148e-01   5.48028e-02  -5.48525e-02  -1.01231e-01   2.22454e-02   4.92651e-03  -5.08979e-03  -5.88912e-02  -2.95776e-02  -9.69873e-02
T11   -1.80445e+00   9.60091e-02   2.72173e-01   4.03022e-02  -3.93032e-02   2.80050e-02   1.41013e-01  -2.47870e-02   7.88621e-02   1.49593e-01  -4.17860e-03   5.48028e-02   9.85518e-02   3.73862e-02   2.37898e-02   1.11203e-01   7.65686e-02   9.06679e-02   7.09960e-02  -1.72191e-03   3.62669e-02
T12    1.88459e+00  -3.59289e-02   1.53264e-02  -1.14882e-03   3.28366e-02  -9.55995e-02  -6.46941e-03   2.26261e-02  -1.76184e-02  -3.17922e-02  -7.28203e-02  -5.48525e-02   3.73862e-02  -3.11226e-01  -8.50113e-02   1.70407e-03  -8.49560e-03  -1.25646e-02  -5.03174e-02  -4.44336e-02  -5.20945e-02
T13    1.32183e+00  -2.61183e-02   2.23278e-02   8.77770e-03   4.81086e-02  -9.52386e-02   9.71708e-03   3.07286e-02   8.39428e-03  -2.69770e-02  -1.13437e-01  -1.01231e-01   2.37898e-02  -8.50113e-02  -1.62063e-01   1.12646e-02  -1.88396e-02  -2.19369e-02  -1.11311e-01  -9.39397e-02  -8.46865e-02
T14   -6.59725e-01   1.48745e-02   4.08339e-03   3.74288e-02   4.10614e-02  -2.34347e-02   2.61750e-02   8.23098e-02  -1.41180e-02   1.41348e-03   4.30610e-02   2.22454e-02   1.11203e-01   1.70407e-03   1.12646e-02  -6.42043e-02   3.74075e-02   2.89213e-02  -6.41556e-02  -4.00977e-02   1.63880e-02
T15   -7.12557e-01   2.53444e-02   4.40771e-02  -1.42652e-02   3.94138e-02  -4.14868e-02   2.45080e-02   8.61864e-02  -1.00774e-02  -7.67507e-03  -3.47176e-03   4.92651e-03   7.65686e-02  -8.49560e-03  -1.88396e-02   3.74075e-02  -3.97599e-02  -6.13266e-03  -1.91400e-02  -1.27785e-02   1.03388e-02
T16   -4.68567e-01   2.04117e-03   6.49225e-02   3.21816e-03   3.50911e-02  -1.05537e-02   2.91268e-02   8.76430e-02  -1.08319e-02   1.15174e-02  -2.61917e-02  -5.08979e-03   9.06679e-02  -1.25646e-02  -2.19369e-02   2.89213e-02  -6.13266e-03  -4.21739e-02  -1.13364e-02  -1.64808e-02  -3.23070e-02
T17    2.07853e+00  -2.26737e-02  -6.63969e-03  -7.18870e-05  -1.32012e-03  -8.49294e-02  -3.69495e-02   1.76757e-02  -6.93055e-03  -6.25816e-02  -2.91770e-02  -5.88912e-02   7.09960e-02  -5.03174e-02  -1.11311e-01  -6.41556e-02  -1.91400e-02  -1.13364e-02  -2.51612e-01  -9.06280e-02  -4.15805e-02
T18    8.28708e-01   2.43391e-03   2.37804e-02  -2.93390e-02   1.13566e-03  -4.79367e-02  -2.85777e-03   7.07222e-03   7.16960e-03  -2.73551e-02  -5.70026e-02  -2.95776e-02  -1.72191e-03  -4.44336e-02  -9.39397e-02  -4.00977e-02  -1.27785e-02  -1.64808e-02  -9.06280e-02  -9.14480e-02  -3.16076e-02
T19    5.11906e-01  -5.51017e-02   2.89195e-02   5.42820e-02   5.77859e-02  -6.70546e-02   3.89563e-02   4.63995e-02  -4.03507e-03   2.33091e-02  -1.13325e-01  -9.69873e-02   3.62669e-02  -5.20945e-02  -8.46865e-02   1.63880e-02   1.03388e-02  -3.23070e-02  -4.15805e-02  -3.16076e-02  -1.39462e-01
