T0   -7.19497e-01  -1.78958e-01   1.82156e-01   1.72229e-01   1.96634e-01  -1.38709e-01   1.60544e-01   3.02196e-01  -6.03707e-02   9.16505e-02  -1.35719e-01  -1.28213e-01   3.68541e-01  -1.02180e-01  -1.09095e-01   4.68783e-02   4.19599e-02   1.88638e-02  -7.89631e-02  -2.41558e-02  -1.81933e-01
T1   -7.27190e-01   1.82156e-01   3.54112e-01   1.42883e-01  -3.95100e-01   6.62225e-02   1.30690e-01  -3.90606e-01   1.13453e-02   1.42344e-01   2.11892e-01   1.33119e-01   7.02824e-01   1.38067e-01   8.22157e-02   1.75604e-02   7.26572e-02   1.00358e-01  -9.79030e-02  -2.07124e-02   1.72187e-01
T2   -6.00463e-01   1.72229e-01   1.42883e-01  -1.94812e-01   1.43663e-02  -7.98369e-04   5.34859e-02   1.73742e-01  -5.86015e-02   3.82852e-02   1.87894e-01   2.91330e-01   8.69474e-02   1.11883e-01   1.12456e-01   4.31684e-02  -5.01890e-02  -1.53091e-02   2.11721e-02  -1.33377e-02   1.75107e-01
T3   -1.08348e+00   1.96634e-01  -3.95100e-01   1.43663e-02   2.84141e-01   1.26042e-01   1.68463e-01   4.95924e-01   2.68873e-02  -1.79874e-01   3.29203e-01   4.01608e-01  -2.84628e-01   2.47849e-01   2.66850e-01   1.29743e-01   1.79840e-02   7.53431e-02   5.00542e-02  -1.50514e-02   2.44407e-01
T4    2.32300e+00  -1.38709e-01   6.62225e-02  -7.98369e-04   1.26042e-01  -1.22489e+00   3.46639e-02   1.92004e-01  -1.41308e-01  -1.57768e-01  -2.42056e-01  -2.26747e-01   1.54911e-01  -2.84842e-01  -3.28895e-01  -1.14166e-01  -1.22581e-01  -7.95662e-02  -2.93078e-01  -1.77858e-01  -2.59921e-01
T5   -6.58337e-01   1.60544e-01   1.30690e-01   5.34859e-02   1.68463e-01   3.46639e-02   5.57463e-02   2.89905e-01   5.26808e-02   7.72895e-02   1.76134e-01   1.86044e-01   2.64555e-01   7.98754e-02   1.09671e-01   4.31084e-02   4.05003e-02   3.44175e-02  -6.14935e-02   9.37781e-03   1.44357e-01
T6   -1.41068e+00   3.02196e-01  -3.90606e-01   1.73742e-01   4.95924e-01   1.92004e-01   2.89905e-01   5.03579e-01   1.91316e-01  -9.88414e-02   2.79018e-01   3.44198e-01  -2.65990e-01   2.57915e-01   2.35794e-01   2.17882e-01   1.39347e-01   1.64247e-01   4.06818e-02  -9.84429e-03   2.29343e-01
T7   -6.61114e-01  -6.03707e-02   1.13453e-02  -5.86015e-02   2.68873e-02  -1.41308e-01   5.26808e-02   1.91316e-01  -1.58389e-01  -4.21076e-02   6.60053e-02   1.04164e-01   1.24062e-01  -4.17368e-02  -1.96000e-02  -3.34054e-02  -4.93609e-02  -2.00292e-02  -4.40339e-02  -3.15546e-02   9.26610e-03
T8    4.40031e-01   9.16505e-02   1.42344e-01   3.82852e-02  -1.79874e-01  -1.57768e-01   7.72895e-02  -9.88414e-02  -4.21076e-02  -3.79309e-01   9.37527e-02   9.05216e-02   3.50828e-01  -3.91399e-02  -3.80730e-02  -3.30126e-03  -4.93207e-02  -2.49375e-03  -1.85771e-01  -1.39804e-01   6.37723e-02
T9    5.23324e-01  -1.35719e-01   2.11892e-01   1.87894e-01   3.29203e-01  -2.42056e-01   1.76134e-01   2.79018e-01   6.60053e-02   9.37527e-02  -5.05964e-01  -3.87807e-01   2.32960e-01  -2.78202e-01  -3.92109e-01   1.12750e-01   5.37714e-02  -4.96274e-02  -2.57941e-01  -2.52335e-01  -3.73387e-01
T10   -2.12481e-01  -1.28213e-01   1.33119e-01   2.91330e-01   4.01608e-01  -2.26747e-01   1.86044e-01   3.44198e-01   1.04164e-01   9.05216e-02  -3.87807e-01  -4.36914e-01   3.16312e-01  -2.47037e-01  -3.80734e-01   8.88710e-02   1.33680e-01   5.14269e-02  -3.16502e-01  -2.03426e-01  -3.25643e-01
T11   -1.33063e+00   3.68541e-01   7.02824e-01   8.69474e-02  -2.84628e-01   1.54911e-01   2.64555e-01  -2.65990e-01   1.24062e-01   3.50828e-01   2.32960e-01   3.16312e-01   5.23708e-01   2.73998e-01   2.31823e-01   2.74524e-01   1.30489e-01   1.57639e-01   1.70351e-01   1.36751e-03   2.26524e-01
T12    1.45625e+00  -1.02180e-01   1.38067e-01   1.11883e-01   2.47849e-01  -2.84842e-01   7.98754e-02   2.57915e-01  -4.17368e-02  -3.91399e-02  -2.78202e-01  -2.47037e-01   2.73998e-01  -5.89576e-01  -3.77137e-01   3.82976e-03   4.33291e-02  -3.02362e-03  -3.49893e-01  -2.17655e-01  -2.16411e-01
T13    1.03699e+00  -1.09095e-01   8.22157e-02   1.12456e-01   2.66850e-01  -3.28895e-01   1.09671e-01   2.35794e-01  -1.96000e-02  -3.80730e-02  -3.92109e-01  -3.80734e-01   2.31823e-01  -3.77137e-01  -5.32963e-01  -1.46773e-02   1.36824e-02  -2.11603e-02  -4.42562e-01  -3.49533e-01  -3.03436e-01
T14   -4.55032e-01   4.68783e-02   1.75604e-02   4.31684e-02   1.29743e-01  -1.14166e-01   4.31084e-02   2.17882e-01  -3.34054e-02  -3.30126e-03   1.12750e-01   8.88710e-02   2.74524e-01   3.82976e-03  -1.46773e-02  -7.85024e-02   5.95321e-02   4.82268e-02  -2.68565e-01  -1.83329e-01   5.14239e-02
T15   -6.47130e-01   4.19599e-02   7.26572e-02  -5.01890e-02   1.79840e-02  -1.22581e-01   4.05003e-02   1.39347e-01  -4.93609e-02  -4.93207e-02   5.37714e-02   1.33680e-01   1.30489e-01   4.33291e-02   1.36824e-02   5.95321e-02  -1.02770e-01  -3.97172e-02  -5.88460e-03   1.22136e-04   3.05297e-02
T16   -4.54995e-01   1.88638e-02   1.00358e-01  -1.53091e-02   7.53431e-02  -7.95662e-02   3.44175e-02   1.64247e-01  -2.00292e-02  -2.49375e-03  -4.96274e-02   5.14269e-02   1.57639e-01  -3.02362e-03  -2.11603e-02   4.82268e-02  -3.97172e-02  -1.05096e-01  -1.62853e-02  -2.05336e-02  -8.86738e-02
T17    2.11625e+00  -7.89631e-02  -9.79030e-02   2.11721e-02   5.00542e-02  -2.93078e-01  -6.14935e-02   4.06818e-02  -4.40339e-02  -1.85771e-01  -2.57941e-01  -3.16502e-01   1.70351e-01  -3.49893e-01  -4.42562e-01  -2.68565e-01  -5.88460e-03  -1.62853e-02  -6.21529e-01  -3.27771e-01  -2.10236e-01
T18    8.39453e-01  -2.41558e-02  -2.07124e-02  -1.33377e-02  -1.50514e-02  -1.77858e-01   9.37781e-03  -9.84429e-03  -3.15546e-02  -1.39804e-01  -2.52335e-01  -2.03426e-01   1.36751e-03  -2.17655e-01  -3.49533e-01  -1.83329e-01   1.22136e-04  -2.05336e-02  -3.27771e-01  -2.41673e-01  -1.66768e-01
T19    2.25733e-01  -1.81933e-01   1.72187e-01   1.75107e-01   2.44407e-01  -2.59921e-01   1.44357e-01   2.29343e-01   9.26610e-03   6.37723e-02  -3.73387e-01  -3.25643e-01   2.26524e-01  -2.16411e-01  -3.03436e-01   5.14239e-02   3.05297e-02  -8.86738e-02  -2.10236e-01  -1.66768e-01  -4.11632e-01
