T0   -4.82525e-01  -1.38007e-01   7.53479e-02   1.05854e-01   1.05484e-01  -6.42394e-02   6.59313e-02   1.41779e-01  -4.28450e-02   4.89313e-02  -9.12456e-02  -1.07309e-01   2.01453e-01  -7.97154e-02  -6.55944e-02   1.64009e-02   2.94768e-02  -8.04387e-03  -4.09367e-02  -1.25205e-02  -1.25408e-01
T1   -9.44010e-01   7.53479e-02   1.84512e-01   9.72169e-02  -2.38232e-01   2.64172e-02   1.09114e-01  -2.11439e-01  -1.86543e-03   7.18388e-02   1.56677e-01   1.05424e-01   4.49291e-01   1.00767e-01   7.39337e-02   4.20919e-03   4.42332e-02   7.34390e-02  -5.22965e-03   3.68075e-02   9.23891e-02
T2   -6.76253e-01   1.05854e-01   9.72169e-02  -1.50656e-01   8.84009e-03  -5.01019e-04   3.11879e-02   1.23204e-01  -2.90806e-02   2.43819e-02   8.31394e-02   1.61938e-01   4.15440e-02   4.00710e-02   4.54237e-02   4.68247e-02  -3.07886e-02  -1.29843e-02   1.75238e-02  -2.39560e-02   1.07067e-01
T3   -1.20915e+00   1.05484e-01  -2.38232e-01   8.84009e-03   1.69992e-01   7.08165e-02   9.64602e-02   2.71067e-01   1.03897e-02  -1.07581e-01   1.63864e-01   1.89064e-01  -1.64279e-01   1.04315e-01   1.38397e-01   6.66704e-02   4.05365e-02   4.95575e-02   2.70093e-02  -1.02716e-02   1.35813e-01
T4    2.55265e+00  -6.42394e-02   2.64172e-02  -5.01019e-04   7.08165e-02  -8.33588e-01   1.09460e-02   9.85674e-02  -6.75257e-02  -1.01527e-01  -1.44405e-01  -1.44620e-01   7.55740e-02  -1.85152e-01  -1.91961e-01  -6.69219e-02  -8.41603e-02  -5.77023e-02  -1.68227e-01  -1.01657e-01  -1.54201e-01
T5   -7.95852e-01   6.59313e-02   1.09114e-01   3.11879e-02   9.64602e-02   1.09460e-02   9.84965e-03   1.86690e-01   3.52351e-02   5.08060e-02   1.09283e-01   1.01342e-01   2.03100e-01   4.01730e-02   5.69991e-02   3.44312e-02   1.51542e-02   2.55950e-02  -3.15567e-02   1.25587e-02   8.31956e-02
T6   -1.63401e+00   1.41779e-01  -2.11439e-01   1.23204e-01   2.71067e-01   9.85674e-02   1.86690e-01   2.40257e-01   1.13973e-01  -3.96748e-02   1.42045e-01   1.83698e-01  -1.30781e-01   1.44999e-01   1.31687e-01   1.35857e-01   1.04694e-01   1.13974e-01   3.81548e-02   4.61385e-03   1.22900e-01
T7   -5.47326e-01  -4.28450e-02  -1.86543e-03  -2.90806e-02   1.03897e-02  -6.75257e-02   3.52351e-02   1.13973e-01  -1.06037e-01  -3.76700e-02   1.13067e-02   2.99798e-02   7.70922e-02  -4.11327e-02   3.93832e-04  -1.86421e-02  -2.65120e-02  -2.45503e-02  -2.96484e-02  -5.07575e-03  -2.41513e-02
T8    3.81035e-01   4.89313e-02   7.18388e-02   2.43819e-02  -1.07581e-01  -1.01527e-01   5.08060e-02  -3.96748e-02  -3.76700e-02  -2.71667e-01   7.43735e-02   6.94969e-02   2.19655e-01  -3.22216e-02  -2.46309e-02   7.22705e-03  -3.22889e-02   2.09645e-03  -1.02389e-01  -5.77164e-02   4.86343e-02
T9    6.87454e-01  -9.12456e-02   1.56677e-01   8.31394e-02   1.63864e-01  -1.44405e-01   1.09283e-01   1.42045e-01   1.13067e-02   7.43735e-02  -3.21516e-01  -2.29084e-01   1.20969e-01  -1.58278e-01  -2.29213e-01   7.56124e-02   1.80885e-02  -3.16181e-02  -1.07284e-01  -1.24312e-01  -2.20584e-01
T10   -5.07580e-02  -1.07309e-01   1.05424e-01   1.61938e-01   1.89064e-01  -1.44620e-01   1.01342e-01   1.83698e-01   2.99798e-02   6.94969e-02  -2.29084e-01  -2.71063e-01   2.13778e-01  -1.32898e-01  -2.12173e-01   4.91543e-02   4.11619e-02   9.76899e-03  -1.44805e-01  -8.39036e-02  -1.97197e-01
T11   -1.61348e+00   2.01453e-01   4.49291e-01   4.15440e-02  -1.64279e-01   7.55740e-02   2.03100e-01  -1.30781e-01   7.70922e-02   2.19655e-01   1.20969e-01   2.13778e-01   2.56912e-01   1.80683e-01   1.18790e-01   1.84106e-01   8.08698e-02   1.13043e-01   1.41700e-01   1.40133e-02   1.21672e-01
T12    1.62284e+00  -7.97154e-02   1.00767e-01   4.00710e-02   1.04315e-01  -1.85152e-01   4.01730e-02   1.44999e-01  -4.11327e-02  -3.22216e-02  -1.58278e-01  -1.32898e-01   1.80683e-01  -4.34786e-01  -2.07833e-01   1.43412e-03  -1.49585e-03  -2.12862e-02  -1.53405e-01  -9.64671e-02  -1.25736e-01
T13    1.12221e+00  -6.55944e-02   7.39337e-02   4.54237e-02   1.38397e-01  -1.91961e-01   5.69991e-02   1.31687e-01   3.93832e-04  -2.46309e-02  -2.29213e-01  -2.12173e-01   1.18790e-01  -2.07833e-01  -3.10581e-01   3.60290e-03  -1.61480e-02  -1.70055e-02  -2.22792e-01  -1.82544e-01  -1.76032e-01
T14   -5.47328e-01   1.64009e-02   4.20919e-03   4.68247e-02   6.66704e-02  -6.69219e-02   3.44312e-02   1.35857e-01  -1.86421e-02   7.22705e-03   7.56124e-02   4.91543e-02   1.84106e-01   1.43412e-03   3.60290e-03  -8.22130e-02   4.71118e-02   4.76025e-02  -1.29366e-01  -8.53572e-02   3.50383e-02
T15   -6.26275e-01   2.94768e-02   4.42332e-02  -3.07886e-02   4.05365e-02  -8.41603e-02   1.51542e-02   1.04694e-01  -2.65120e-02  -3.22889e-02   1.80885e-02   4.11619e-02   8.08698e-02  -1.49585e-03  -1.61480e-02   4.71118e-02  -6.56786e-02  -2.37689e-02  -1.67969e-02  -1.67272e-02   1.94145e-02
T16   -4.05404e-01  -8.04387e-03   7.34390e-02  -1.29843e-02   4.95575e-02  -5.77023e-02   2.55950e-02   1.13974e-01  -2.45503e-02   2.09645e-03  -3.16181e-02   9.76899e-03   1.13043e-01  -2.12862e-02  -1.70055e-02   4.76025e-02  -2.37689e-02  -7.73755e-02  -5.24830e-03  -2.28588e-02  -5.20797e-02
T17    1.96916e+00  -4.09367e-02  -5.22965e-03   1.75238e-02   2.70093e-02  -1.68227e-01  -3.15567e-02   3.81548e-02  -2.96484e-02  -1.02389e-01  -1.07284e-01  -1.44805e-01   1.41700e-01  -1.53405e-01  -2.22792e-01  -1.29366e-01  -1.67969e-02  -5.24830e-03  -3.89131e-01  -1.65525e-01  -9.62594e-02
T18    7.82247e-01  -1.25205e-02   3.68075e-02  -2.39560e-02  -1.02716e-02  -1.01657e-01   1.25587e-02   4.61385e-03  -5.07575e-03  -5.77164e-02  -1.24312e-01  -8.39036e-02   1.40133e-02  -9.64671e-02  -1.82544e-01  -8.53572e-02  -1.67272e-02  -2.28588e-02  -1.65525e-01  -1.44368e-01  -8.14636e-02
T19    4.14778e-01  -1.25408e-01   9.23891e-02   1.07067e-01   1.35813e-01  -1.54201e-01   8.31956e-02   1.22900e-01  -2.41513e-02   4.86343e-02  -2.20584e-01  -1.97197e-01   1.21672e-01  -1.25736e-01  -1.76032e-01   3.50383e-02   1.94145e-02  -5.20797e-02  -9.62594e-02  -8.14636e-02  -2.51507e-01
