T0   -4.38430e-01  -2.12455e+00  -5.67990e-01  -5.88245e-01  -3.77041e-01  -1.70863e+00  -4.40041e-01  -2.95430e-01  -1.28089e+00  -9.42527e-01  -1.02395e+00  -5.19047e-01   5.05530e-01  -1.03248e+00  -1.37795e+00  -5.19706e-01  -1.17296e+00  -8.60508e-01  -1.40519e+00  -1.26101e+00  -1.30159e+00
T1   -1.74073e-01  -5.67990e-01   1.59342e-01   2.31933e-03  -1.32280e+00  -4.90575e-01   1.60823e-01  -2.65090e-01  -1.29703e-01  -6.90972e-01   7.61791e-01   1.15087e+00   1.96339e+00   4.20753e-01  -7.40556e-01   3.89669e-01  -6.43516e-01   2.06994e-02  -1.64764e+00  -1.13982e+00   4.32374e-01
T2   -3.59326e-02  -5.88245e-01   2.31933e-03  -4.20819e-01  -9.41440e-02  -6.40059e-01   2.06929e-02   5.47033e-01  -8.25217e-01  -1.22389e-01   6.81186e-01   1.02121e+00   3.89218e-01   1.10908e-01  -2.30413e-02   2.59775e-01  -1.13510e+00  -4.42629e-01  -5.76097e-01  -3.70622e-01   6.30554e-01
T3   -3.44136e-01  -3.77041e-01  -1.32280e+00  -9.41440e-02   4.20191e-01  -2.02824e-01   6.89074e-01   1.13459e+00  -7.72970e-01   3.16042e-01   1.03259e+00   1.43146e+00  -5.80958e-01   5.54118e-01   9.71333e-01   4.74972e-01  -1.52209e+00  -7.79711e-01   1.33209e+00   1.09048e+00   7.08405e-01
T4    1.67136e+00  -1.70863e+00  -4.90575e-01  -6.40059e-01  -2.02824e-01  -5.39063e+00  -3.71461e-01  -3.83303e-02  -1.29217e+00  -9.06701e-01  -3.54916e-01   3.22306e-01   5.64571e-01  -1.00317e+00  -1.49921e+00  -2.36584e-01  -1.18371e+00  -6.89218e-01  -1.84797e+00  -1.15899e+00  -7.24383e-01
T5    4.93633e-02  -4.40041e-01   1.60823e-01   2.06929e-02   6.89074e-01  -3.71461e-01   5.41887e-01   1.02744e+00  -3.02152e-01  -2.07762e-01   9.49738e-01   1.54488e+00   9.21405e-01   4.93291e-01  -1.58227e-01   5.16238e-01  -6.85668e-01  -8.21597e-02  -7.75923e-01  -3.10356e-01   6.49135e-01
T6   -5.15272e-01  -2.95430e-01  -2.65090e-01   5.47033e-01   1.13459e+00  -3.83303e-02   1.02744e+00   1.59058e+00  -2.17163e-01   2.87020e-01   1.08825e+00   1.93219e+00  -2.57869e-01   5.44158e-01   5.45552e-01   6.87687e-01  -1.08788e+00  -2.86777e-01   6.53313e-01   6.59882e-01   5.62228e-01
T7   -4.34504e-01  -1.28089e+00  -1.29703e-01  -8.25217e-01  -7.72970e-01  -1.29217e+00  -3.02152e-01  -2.17163e-01  -1.16539e+00  -7.99083e-01   3.48147e-01   7.69660e-01   7.41554e-01  -5.48099e-01  -1.05913e+00  -3.00343e-02  -1.22981e+00  -6.83470e-01  -1.38962e+00  -1.17937e+00  -5.12143e-02
T8    6.35183e-01  -9.42527e-01  -6.90972e-01  -1.22389e-01   3.16042e-01  -9.06701e-01  -2.07762e-01   2.87020e-01  -7.99083e-01  -9.42159e-01  -1.89828e-01   2.88935e-01   2.95429e-01  -1.27105e-01  -5.35382e-01  -4.69979e-01  -9.95354e-01  -1.92379e-01  -1.39658e+00  -9.48131e-01  -4.26190e-01
T9   -3.75872e-01  -1.02395e+00   7.61791e-01   6.81186e-01   1.03259e+00  -3.54916e-01   9.49738e-01   1.08825e+00   3.48147e-01  -1.89828e-01   2.10815e+00   3.17673e+00   2.82724e+00   1.30953e+00  -4.35881e-01   2.57065e+00   4.84606e-02   9.94364e-01  -8.80045e-01  -5.86258e-01   1.08743e+00
T10   -9.09120e-01  -5.19047e-01   1.15087e+00   1.02121e+00   1.43146e+00   3.22306e-01   1.54488e+00   1.93219e+00   7.69660e-01   2.88935e-01   3.17673e+00   4.37807e+00   3.57354e+00   2.19639e+00  -1.44606e-02   3.68251e+00   3.52430e-01   1.59644e+00  -8.65020e-01  -6.71811e-02   2.12603e+00
T11   -3.86455e-01   5.05530e-01   1.96339e+00   3.89218e-01  -5.80958e-01   5.64571e-01   9.21405e-01  -2.57869e-01   7.41554e-01   2.95429e-01   2.82724e+00   3.57354e+00   3.12325e+00   2.07551e+00   1.40746e-01   2.74859e+00  -1.27454e-01   4.92189e-01  -1.12036e+00  -7.06661e-01   2.11555e+00
T12    8.78904e-01  -1.03248e+00   4.20753e-01   1.10908e-01   5.54118e-01  -1.00317e+00   4.93291e-01   5.44158e-01  -5.48099e-01  -1.27105e-01   1.30953e+00   2.19639e+00   2.07551e+00  -1.42041e-01  -6.77752e-01   1.40774e+00  -3.19833e-01   2.59984e-01  -1.17779e+00  -6.00526e-01   5.36750e-01
T13    7.43696e-02  -1.37795e+00  -7.40556e-01  -2.30413e-02   9.71333e-01  -1.49921e+00  -1.58227e-01   5.45552e-01  -1.05913e+00  -5.35382e-01  -4.35881e-01  -1.44606e-02   1.40746e-01  -6.77752e-01  -9.16604e-02  -7.84879e-01   2.53814e-02   5.38077e-01  -1.00767e-01  -2.48920e-02  -7.66582e-01
T14   -1.47235e-01  -5.19706e-01   3.89669e-01   2.59775e-01   4.74972e-01  -2.36584e-01   5.16238e-01   6.87687e-01  -3.00343e-02  -4.69979e-01   2.57065e+00   3.68251e+00   2.74859e+00   1.40774e+00  -7.84879e-01   2.46801e+00  -3.53006e-01   6.28702e-01  -1.69927e+00  -1.21659e+00   1.68271e+00
T15   -2.06493e-01  -1.17296e+00  -6.43516e-01  -1.13510e+00  -1.52209e+00  -1.18371e+00  -6.85668e-01  -1.08788e+00  -1.22981e+00  -9.95354e-01   4.84606e-02   3.52430e-01  -1.27454e-01  -3.19833e-01   2.53814e-02  -3.53006e-01  -1.38617e+00  -1.07940e+00  -4.63611e-01   1.87236e-02  -3.24400e-01
T16   -2.59737e-01  -8.60508e-01   2.06994e-02  -4.42629e-01  -7.79711e-01  -6.89218e-01  -8.21597e-02  -2.86777e-01  -6.83470e-01  -1.92379e-01   9.94364e-01   1.59644e+00   4.92189e-01   2.59984e-01   5.38077e-01   6.28702e-01  -1.07940e+00  -1.05582e+00   2.07063e-01   3.83729e-01   3.55712e-01
T17    1.22405e+00  -1.40519e+00  -1.64764e+00  -5.76097e-01   1.33209e+00  -1.84797e+00  -7.75923e-01   6.53313e-01  -1.38962e+00  -1.39658e+00  -8.80045e-01  -8.65020e-01  -1.12036e+00  -1.17779e+00  -1.00767e-01  -1.69927e+00  -4.63611e-01   2.07063e-01   3.16694e-01  -7.78051e-02  -9.90466e-01
T18    2.32767e-01  -1.26101e+00  -1.13982e+00  -3.70622e-01   1.09048e+00  -1.15899e+00  -3.10356e-01   6.59882e-01  -1.17937e+00  -9.48131e-01  -5.86258e-01  -6.71811e-02  -7.06661e-01  -6.00526e-01  -2.48920e-02  -1.21659e+00   1.87236e-02   3.83729e-01  -7.78051e-02  -4.00009e-02  -8.58715e-01
T19   -5.38735e-01  -1.30159e+00   4.32374e-01   6.30554e-01   7.08405e-01  -7.24383e-01   6.49135e-01   5.62228e-01  -5.12143e-02  -4.26190e-01   1.08743e+00   2.12603e+00   2.11555e+00   5.36750e-01  -7.66582e-01   1.68271e+00  -3.24400e-01   3.55712e-01  -9.90466e-01  -8.58715e-01   3.07044e-01
