T0   -4.01448e-01  -1.14073e-01   3.48635e-02   7.21061e-02   5.80395e-02  -3.45488e-02   3.60953e-02   8.50296e-02  -2.60360e-02   2.73997e-02  -6.40026e-02  -8.32069e-02   1.32049e-01  -5.58714e-02  -4.06559e-02   1.54510e-02   2.87287e-02  -3.80549e-03  -3.26608e-02   1.58469e-04  -8.69390e-02
T1   -1.06371e+00   3.48635e-02   1.23598e-01   9.01410e-02  -1.57363e-01   7.34559e-03   9.28793e-02  -1.31015e-01   8.04625e-03   5.33011e-02   1.08712e-01   6.61785e-02   3.52083e-01   6.28305e-02   5.45651e-02   8.52308e-03   4.21895e-02   7.04086e-02   2.81470e-03   3.71775e-02   5.38721e-02
T2   -7.52149e-01   7.21061e-02   9.01410e-02  -1.09321e-01   2.27184e-02   5.15398e-03   3.33761e-02   1.13011e-01  -1.10725e-02   2.23954e-02   4.14407e-02   1.01635e-01   4.05061e-02   1.01654e-02   2.45408e-02   4.76581e-02  -2.02838e-02  -1.72266e-03   7.73230e-03  -2.74565e-02   7.44630e-02
T3   -1.31823e+00   5.80395e-02  -1.57363e-01   2.27184e-02   1.31164e-01   5.28460e-02   9.21242e-02   2.14214e-01   8.94634e-03  -6.02523e-02   9.71163e-02   1.12548e-01  -8.98013e-02   6.79768e-02   8.81617e-02   5.33979e-02   4.05429e-02   4.32914e-02   1.12028e-02  -1.62117e-03   9.03559e-02
T4    2.56758e+00  -3.45488e-02   7.34559e-03   5.15398e-03   5.28460e-02  -6.65588e-01  -7.98552e-04   7.61482e-02  -3.44595e-02  -8.21955e-02  -1.03251e-01  -1.00755e-01   4.50342e-02  -1.35152e-01  -1.37645e-01  -4.51964e-02  -6.05623e-02  -2.97728e-02  -1.18785e-01  -7.12909e-02  -1.06538e-01
T5   -8.62218e-01   3.60953e-02   9.28793e-02   3.33761e-02   9.21242e-02  -7.98552e-04  -4.03305e-03   1.54256e-01   4.04623e-02   5.14413e-02   6.15651e-02   3.77787e-02   1.73767e-01   1.52601e-02   3.22272e-02   2.90638e-02   2.46938e-02   2.82816e-02  -2.43444e-02   6.04977e-03   5.50733e-02
T6   -1.75514e+00   8.50296e-02  -1.31015e-01   1.13011e-01   2.14214e-01   7.61482e-02   1.54256e-01   1.78244e-01   8.97746e-02  -8.10433e-03   7.43747e-02   8.72972e-02  -6.47514e-02   7.32314e-02   7.32490e-02   1.06826e-01   9.82940e-02   1.05381e-01   3.12778e-02   7.92442e-03   7.59290e-02
T7   -6.24221e-01  -2.60360e-02   8.04625e-03  -1.10725e-02   8.94634e-03  -3.44595e-02   4.04623e-02   8.97746e-02  -8.74970e-02  -3.44542e-02   1.78686e-02   2.99794e-02   7.49968e-02  -2.54526e-02  -4.12889e-03  -1.25723e-02  -1.27630e-02  -1.24377e-02  -2.09288e-02  -6.60907e-03  -1.11298e-02
T8    3.35353e-01   2.73997e-02   5.33011e-02   2.23954e-02  -6.02523e-02  -8.21955e-02   5.14413e-02  -8.10433e-03  -3.44542e-02  -2.06066e-01   5.21313e-02   4.29296e-02   1.82221e-01  -3.18281e-02  -1.86286e-02   8.89772e-03  -1.82797e-02   5.24519e-03  -7.82673e-02  -3.63042e-02   3.52673e-02
T9    8.94576e-01  -6.40026e-02   1.08712e-01   4.14407e-02   9.71163e-02  -1.03251e-01   6.15651e-02   7.43747e-02   1.78686e-02   5.21313e-02  -2.53454e-01  -1.70045e-01   4.96887e-02  -1.15250e-01  -1.66936e-01   5.08395e-02   1.10443e-03  -3.62713e-02  -6.28051e-02  -8.30880e-02  -1.65789e-01
T10    1.52637e-01  -8.32069e-02   6.61785e-02   1.01635e-01   1.12548e-01  -1.00755e-01   3.77787e-02   8.72972e-02   2.99794e-02   4.29296e-02  -1.70045e-01  -2.08579e-01   1.26456e-01  -9.51715e-02  -1.51483e-01   3.11573e-02   1.43101e-02  -4.51978e-03  -9.34914e-02  -5.08848e-02  -1.44944e-01
T11   -1.76160e+00   1.32049e-01   3.52083e-01   4.05061e-02  -8.98013e-02   4.50342e-02   1.73767e-01  -6.47514e-02   7.49968e-02   1.82221e-01   4.96887e-02   1.26456e-01   1.59029e-01   9.65104e-02   7.13392e-02   1.40424e-01   7.96589e-02   1.01103e-01   1.20834e-01   1.60925e-02   7.16311e-02
T12    1.77474e+00  -5.58714e-02   6.28305e-02   1.01654e-02   6.79768e-02  -1.35152e-01   1.52601e-02   7.32314e-02  -2.54526e-02  -3.18281e-02  -1.15250e-01  -9.51715e-02   9.65104e-02  -3.67889e-01  -1.40311e-01  -3.11438e-03  -4.67161e-03  -2.22725e-02  -9.24962e-02  -6.89016e-02  -8.87882e-02
T13    1.20751e+00  -4.06559e-02   5.45651e-02   2.45408e-02   8.81617e-02  -1.37645e-01   3.22272e-02   7.32490e-02  -4.12889e-03  -1.86286e-02  -1.66936e-01  -1.51483e-01   7.13392e-02  -1.40311e-01  -2.28521e-01   1.78198e-02  -1.73151e-02  -1.83750e-02  -1.60216e-01  -1.32363e-01  -1.23796e-01
T14   -6.11759e-01   1.54510e-02   8.52308e-03   4.76581e-02   5.33979e-02  -4.51964e-02   2.90638e-02   1.06826e-01  -1.25723e-02   8.89772e-03   5.08395e-02   3.11573e-02   1.40424e-01  -3.11438e-03   1.78198e-02  -8.02211e-02   4.13779e-02   3.69075e-02  -8.56792e-02  -5.23081e-02   1.85348e-02
T15   -6.64311e-01   2.87287e-02   4.21895e-02  -2.02838e-02   4.05429e-02  -6.05623e-02   2.46938e-02   9.82940e-02  -1.27630e-02  -1.82797e-02   1.10443e-03   1.43101e-02   7.96589e-02  -4.67161e-03  -1.73151e-02   4.13779e-02  -5.17470e-02  -1.21954e-02  -1.83499e-02  -1.19595e-02   8.98543e-03
T16   -4.10385e-01  -3.80549e-03   7.04086e-02  -1.72266e-03   4.32914e-02  -2.97728e-02   2.82816e-02   1.05381e-01  -1.24377e-02   5.24519e-03  -3.62713e-02  -4.51978e-03   1.01103e-01  -2.22725e-02  -1.83750e-02   3.69075e-02  -1.21954e-02  -6.14082e-02  -1.32583e-02  -1.57447e-02  -4.92114e-02
T17    1.99200e+00  -3.26608e-02   2.81470e-03   7.73230e-03   1.12028e-02  -1.18785e-01  -2.43444e-02   3.12778e-02  -2.09288e-02  -7.82673e-02  -6.28051e-02  -9.34914e-02   1.20834e-01  -9.24962e-02  -1.60216e-01  -8.56792e-02  -1.83499e-02  -1.32583e-02  -3.21648e-01  -1.23424e-01  -6.10786e-02
T18    7.59645e-01   1.58469e-04   3.71775e-02  -2.74565e-02  -1.62117e-03  -7.12909e-02   6.04977e-03   7.92442e-03  -6.60907e-03  -3.63042e-02  -8.30880e-02  -5.08848e-02   1.60925e-02  -6.89016e-02  -1.32363e-01  -5.23081e-02  -1.19595e-02  -1.57447e-02  -1.23424e-01  -1.09624e-01  -4.89800e-02
T19    5.41137e-01  -8.69390e-02   5.38721e-02   7.44630e-02   9.03559e-02  -1.06538e-01   5.50733e-02   7.59290e-02  -1.11298e-02   3.52673e-02  -1.65789e-01  -1.44944e-01   7.16311e-02  -8.87882e-02  -1.23796e-01   1.85348e-02   8.98543e-03  -4.92114e-02  -6.10786e-02  -4.89800e-02  -1.94957e-01
