T0   -4.09581e-01  -4.52107e-02   3.75378e-03   1.76348e-02   1.84067e-03   1.10292e-02   1.13936e-03   1.01225e-02  -1.40641e-02   4.70349e-03   3.84764e-03  -1.01515e-02   2.93356e-02  -2.77373e-03   7.08922e-03   2.09152e-03   7.12971e-03  -2.01922e-03   3.77508e-03   1.22288e-02  -1.10596e-02
T1   -9.73653e-01   3.75378e-03   2.28041e-02   5.19702e-02  -1.48012e-02  -8.86003e-03   4.46908e-02  -1.01578e-02   9.05877e-03   2.60788e-02   4.98374e-03  -1.64928e-02   1.29072e-01  -1.69636e-02  -9.90743e-03   5.57181e-03   2.75712e-02   2.99989e-02  -1.81919e-02   4.77741e-03  -5.39115e-03
T2   -6.16936e-01   1.76348e-02   5.19702e-02  -5.05846e-02   1.52295e-02   7.53521e-03   9.62423e-03   4.60832e-02  -5.27388e-04   2.43271e-02  -1.16324e-02   1.69753e-02   2.28947e-02  -8.59652e-03  -5.10831e-03   2.57553e-02  -4.90541e-03  -1.37237e-03  -8.15150e-03  -2.29068e-02   1.26669e-02
T3   -1.20488e+00   1.84067e-03  -1.48012e-02   1.52295e-02   3.11806e-02   2.02317e-02   3.74056e-02   7.28913e-02   4.71219e-03   7.14098e-03   8.49702e-04   1.01345e-02   4.63198e-03  -1.21055e-03   1.04691e-03   2.21410e-02   2.57501e-02   1.37702e-02  -1.85284e-02  -1.16554e-02   4.17268e-03
T4    2.10653e+00   1.10292e-02  -8.86003e-03   7.53521e-03   2.02317e-02  -2.84813e-01  -3.14982e-03   2.03638e-02  -8.72913e-04  -4.32800e-02  -9.61433e-03  -1.04574e-02   3.91930e-03  -2.47778e-02  -2.03418e-02  -6.87635e-03  -2.06941e-02   1.20408e-03  -2.02558e-02  -3.96054e-03  -1.07806e-02
T5   -7.48014e-01   1.13936e-03   4.46908e-02   9.62423e-03   3.74056e-02  -3.14982e-03  -3.43934e-02   6.15708e-02   2.17058e-02   2.03459e-02  -1.59859e-03  -1.43388e-02   7.52257e-02  -1.06853e-02  -7.18237e-03   1.78534e-02   1.15595e-02   1.34812e-02  -2.56449e-02  -6.95618e-03   7.15690e-03
T6   -1.66228e+00   1.01225e-02  -1.01578e-02   4.60832e-02   7.28913e-02   2.03638e-02   6.15708e-02   4.98711e-02   2.45491e-02   1.56289e-02  -1.36948e-02  -6.96927e-03   8.40011e-03  -5.09747e-03  -8.93711e-03   3.60518e-02   4.40249e-02   3.49284e-02  -6.70699e-03  -5.98411e-03   5.26221e-04
T7   -4.95326e-01  -1.40641e-02   9.05877e-03  -5.27388e-04   4.71219e-03  -8.72913e-04   2.17058e-02   2.45491e-02  -3.52791e-02   3.94961e-04  -1.00066e-04   1.16529e-02   3.56546e-02  -7.57248e-03   1.64137e-03  -3.56506e-03   1.58790e-03  -4.91347e-03  -9.50331e-03   9.18324e-04  -1.09106e-02
T8    5.03346e-01   4.70349e-03   2.60788e-02   2.43271e-02   7.14098e-03  -4.32800e-02   2.03459e-02   1.56289e-02   3.94961e-04  -7.12011e-02  -6.11618e-03  -1.05461e-02   7.54286e-02  -2.75559e-02  -2.29823e-02  -4.38690e-03   1.08099e-02   8.30436e-03  -3.47270e-02  -1.74306e-02  -1.95651e-03
T9    7.40208e-01   3.84764e-03   4.98374e-03  -1.16324e-02   8.49702e-04  -9.61433e-03  -1.59859e-03  -1.36948e-02  -1.00066e-04  -6.11618e-03  -5.97187e-02  -1.88575e-02  -3.04378e-02  -5.84548e-03  -1.73552e-02   1.08678e-02  -9.29777e-03  -8.10192e-03   2.15358e-02  -5.08730e-03  -2.00450e-02
T10    4.16710e-02  -1.01515e-02  -1.64928e-02   1.69753e-02   1.01345e-02  -1.04574e-02  -1.43388e-02  -6.96927e-03   1.16529e-02  -1.05461e-02  -1.88575e-02  -4.51218e-02   4.79773e-04   6.11892e-04  -1.78555e-02   2.00170e-03  -6.13447e-03   1.47948e-03  -5.77006e-04   3.53560e-03  -1.63690e-02
T11   -1.69175e+00   2.93356e-02   1.29072e-01   2.28947e-02   4.63198e-03   3.91930e-03   7.52257e-02   8.40011e-03   3.56546e-02   7.54286e-02  -3.04378e-02   4.79773e-04   2.03722e-02  -1.71625e-02  -1.55015e-02   5.08856e-02   3.79630e-02   3.76156e-02   1.38958e-02  -1.12232e-02  -4.23311e-03
T12    1.79868e+00  -2.77373e-03  -1.69636e-02  -8.59652e-03  -1.21055e-03  -2.47778e-02  -1.06853e-02  -5.09747e-03  -7.57248e-03  -2.75559e-02  -5.84548e-03   6.11892e-04  -1.71625e-02  -1.80330e-01  -6.85611e-03  -9.52282e-03  -3.71390e-03  -1.88519e-03   1.99489e-03   4.31990e-03   2.38797e-03
T13    1.10949e+00   7.08922e-03  -9.90743e-03  -5.10831e-03   1.04691e-03  -2.03418e-02  -7.18237e-03  -8.93711e-03   1.64137e-03  -2.29823e-02  -1.73552e-02  -1.78555e-02  -1.55015e-02  -6.85611e-03  -5.20577e-02  -6.36681e-03  -1.66537e-02  -6.05959e-03  -2.11188e-02  -2.45302e-02  -1.17334e-02
T14   -5.52110e-01   2.09152e-03   5.57181e-03   2.57553e-02   2.21410e-02  -6.87635e-03   1.78534e-02   3.60518e-02  -3.56506e-03  -4.38690e-03   1.08678e-02   2.00170e-03   5.08856e-02  -9.52282e-03  -6.36681e-03  -3.20674e-02   2.29868e-02   8.35649e-03  -3.44364e-02  -1.46173e-02  -1.93520e-03
T15   -5.61204e-01   7.12971e-03   2.75712e-02  -4.90541e-03   2.57501e-02  -2.06941e-02   1.15595e-02   4.40249e-02   1.58790e-03   1.08099e-02  -9.29777e-03  -6.13447e-03   3.79630e-02  -3.71390e-03  -1.66537e-02   2.29868e-02  -3.05218e-02  -7.04061e-03  -1.23670e-02  -9.73238e-03  -4.89474e-03
T16   -3.45778e-01  -2.01922e-03   2.99989e-02  -1.37237e-03   1.37702e-02   1.20408e-03   1.34812e-02   3.49284e-02  -4.91347e-03   8.30436e-03  -8.10192e-03   1.47948e-03   3.76156e-02  -1.88519e-03  -6.05959e-03   8.35649e-03  -7.04061e-03  -3.44620e-02  -5.86702e-03  -7.64903e-03  -1.36291e-02
T17    1.89321e+00   3.77508e-03  -1.81919e-02  -8.15150e-03  -1.85284e-02  -2.02558e-02  -2.56449e-02  -6.70699e-03  -9.50331e-03  -3.47270e-02   2.15358e-02  -5.77006e-04   1.38958e-02   1.99489e-03  -2.11188e-02  -3.44364e-02  -1.23670e-02  -5.86702e-03  -1.22787e-01  -2.80416e-02   1.26256e-02
T18    7.41572e-01   1.22288e-02   4.77741e-03  -2.29068e-02  -1.16554e-02  -3.96054e-03  -6.95618e-03  -5.98411e-03   9.18324e-04  -1.74306e-02  -5.08730e-03   3.53560e-03  -1.12232e-02   4.31990e-03  -2.45302e-02  -1.46173e-02  -9.73238e-03  -7.64903e-03  -2.80416e-02  -4.61928e-02   7.03484e-03
T19    3.26813e-01  -1.10596e-02  -5.39115e-03   1.26669e-02   4.17268e-03  -1.07806e-02   7.15690e-03   5.26221e-04  -1.09106e-02  -1.95651e-03  -2.00450e-02  -1.63690e-02  -4.23311e-03   2.38797e-03  -1.17334e-02  -1.93520e-03  -4.89474e-03  -1.36291e-02   1.26256e-02   7.03484e-03  -4.27764e-02
