T0   -2.85662e-01  -1.39856e+00  -3.08643e-02  -1.35271e-01   1.37621e-01  -1.30476e+00  -1.49765e-01   1.37459e-01  -6.51023e-01  -4.02834e-01  -1.00316e+00  -8.97793e-01   4.92452e-01  -1.01073e+00  -8.67008e-01  -4.68538e-01  -5.69726e-01  -4.97442e-01  -7.19922e-01  -7.70672e-01  -1.15413e+00
T1   -1.94577e-01  -3.08643e-02   3.02393e-01   1.42701e-01  -1.02125e+00  -2.29631e-01   9.53363e-02  -6.51338e-01   1.93269e-01  -2.10929e-01   4.52438e-01   5.05657e-01   1.53867e+00   2.21566e-01  -2.78320e-01   3.11300e-01  -4.14004e-02   1.94751e-01  -1.05366e+00  -6.35801e-01   2.77579e-01
T2   -9.62566e-02  -1.35271e-01   1.42701e-01  -3.66862e-01  -6.65761e-02  -2.31994e-01   1.65380e-01   4.47643e-01  -3.58630e-01   2.24643e-01   5.52059e-01   7.16752e-01   3.20032e-01   1.14510e-01   3.08244e-01   2.77257e-01  -5.58400e-01  -2.45467e-01  -9.28251e-02   7.35466e-02   5.40704e-01
T3   -4.45277e-01   1.37621e-01  -1.02125e+00  -6.65761e-02   7.94546e-01   1.00974e-01   6.53327e-01   1.40805e+00  -2.28707e-01  -2.63024e-01   1.01953e+00   1.14067e+00  -4.22571e-01   5.89124e-01   1.19439e+00   5.82181e-01  -6.33035e-01  -3.15951e-01   1.49419e+00   1.29023e+00   7.72386e-01
T4    1.88256e+00  -1.30476e+00  -2.29631e-01  -2.31994e-01   1.00974e-01  -4.24065e+00  -2.44921e-01   1.91020e-01  -8.69791e-01  -7.56563e-01  -7.56050e-01  -4.62381e-01   3.50055e-01  -1.10664e+00  -9.88471e-01  -4.97036e-01  -6.89712e-01  -4.60598e-01  -1.16836e+00  -6.67074e-01  -8.83432e-01
T5   -2.73103e-02  -1.49765e-01   9.53363e-02   1.65380e-01   6.53327e-01  -2.44921e-01   4.45295e-01   9.48098e-01  -1.15049e-02   1.78733e-01   4.69934e-01   7.43707e-01   6.20631e-01   1.54935e-01   1.62202e-01   2.89259e-01  -2.80256e-01  -7.31039e-02  -3.29573e-01   4.99071e-02   3.25017e-01
T6   -6.22415e-01   1.37459e-01  -6.51338e-01   4.47643e-01   1.40805e+00   1.91020e-01   9.48098e-01   1.68549e+00   1.68371e-01   4.73193e-01   6.91543e-01   1.12273e+00  -3.15807e-01   5.97951e-01   8.18051e-01   5.38200e-01  -4.13559e-01  -2.04270e-02   7.75216e-01   8.08486e-01   5.22557e-01
T7   -4.54202e-01  -6.51023e-01   1.93269e-01  -3.58630e-01  -2.28707e-01  -8.69791e-01  -1.15049e-02   1.68371e-01  -6.40105e-01  -2.28506e-01   1.63362e-01   2.51575e-01   5.70514e-01  -4.53446e-01  -4.40720e-01  -1.21911e-01  -5.37703e-01  -2.85056e-01  -6.33929e-01  -5.33490e-01  -5.14822e-02
T8    6.30843e-01  -4.02834e-01  -2.10929e-01   2.24643e-01  -2.63024e-01  -7.56563e-01   1.78733e-01   4.73193e-01  -2.28506e-01  -5.71165e-01  -3.83533e-02   5.63882e-02   4.48259e-01  -2.16259e-01  -1.59325e-01  -2.42804e-01  -6.60759e-01  -1.45394e-01  -7.57260e-01  -5.06626e-01  -1.18360e-01
T9   -3.47110e-01  -1.00316e+00   4.52438e-01   5.52059e-01   1.01953e+00  -7.56050e-01   4.69934e-01   6.91543e-01   1.63362e-01  -3.83533e-02  -2.23159e-01   7.58290e-01   1.64623e+00  -6.07331e-02  -6.28830e-01   1.00285e+00   6.13372e-02   3.70718e-01  -6.20034e-01  -5.91858e-01  -3.18866e-01
T10   -9.43100e-01  -8.97793e-01   5.05657e-01   7.16752e-01   1.14067e+00  -4.62381e-01   7.43707e-01   1.12273e+00   2.51575e-01   5.63882e-02   7.58290e-01   1.51504e+00   2.28621e+00   5.37991e-01  -5.00941e-01   1.40787e+00   1.85452e-01   7.23734e-01  -7.54670e-01  -4.42537e-01   2.61276e-01
T11   -5.11734e-01   4.92452e-01   1.53867e+00   3.20032e-01  -4.22571e-01   3.50055e-01   6.20631e-01  -3.15807e-01   5.70514e-01   4.48259e-01   1.64623e+00   2.28621e+00   2.57732e+00   1.16090e+00   1.95757e-01   1.83995e+00   1.70562e-01   5.27714e-01  -6.49790e-01  -4.64286e-01   1.23797e+00
T12    9.64598e-01  -1.01073e+00   2.21566e-01   1.14510e-01   5.89124e-01  -1.10664e+00   1.54935e-01   5.97951e-01  -4.53446e-01  -2.16259e-01  -6.07331e-02   5.37991e-01   1.16090e+00  -9.14494e-01  -7.77320e-01   2.14830e-01  -1.62746e-01   8.82384e-02  -9.38668e-01  -6.65370e-01  -3.26638e-01
T13    1.05999e-01  -8.67008e-01  -2.78320e-01   3.08244e-01   1.19439e+00  -9.88471e-01   1.62202e-01   8.18051e-01  -4.40720e-01  -1.59325e-01  -6.28830e-01  -5.00941e-01   1.95757e-01  -7.77320e-01  -1.24652e-02  -5.32444e-01   2.45394e-01   5.80027e-01  -2.62277e-03   1.73270e-01  -7.17308e-01
T14   -1.91951e-01  -4.68538e-01   3.11300e-01   2.77257e-01   5.82181e-01  -4.97036e-01   2.89259e-01   5.38200e-01  -1.21911e-01  -2.42804e-01   1.00285e+00   1.40787e+00   1.83995e+00   2.14830e-01  -5.32444e-01   7.02322e-01  -9.88008e-02   3.76235e-01  -1.23852e+00  -9.13363e-01   5.89539e-01
T15   -2.34683e-01  -5.69726e-01  -4.14004e-02  -5.58400e-01  -6.33035e-01  -6.89712e-01  -2.80256e-01  -4.13559e-01  -5.37703e-01  -6.60759e-01   6.13372e-02   1.85452e-01   1.70562e-01  -1.62746e-01   2.45394e-01  -9.88008e-02  -6.95572e-01  -4.87728e-01  -5.72883e-03   1.74277e-01  -1.73125e-01
T16   -2.95014e-01  -4.97442e-01   1.94751e-01  -2.45467e-01  -3.15951e-01  -4.60598e-01  -7.31039e-02  -2.04270e-02  -2.85056e-01  -1.45394e-01   3.70718e-01   7.23734e-01   5.27714e-01   8.82384e-02   5.80027e-01   3.76235e-01  -4.87728e-01  -4.61328e-01   4.16949e-01   3.99613e-01   7.09659e-02
T17    1.26308e+00  -7.19922e-01  -1.05366e+00  -9.28251e-02   1.49419e+00  -1.16836e+00  -3.29573e-01   7.75216e-01  -6.33929e-01  -7.57260e-01  -6.20034e-01  -7.54670e-01  -6.49790e-01  -9.38668e-01  -2.62277e-03  -1.23852e+00  -5.72883e-03   4.16949e-01   5.18352e-01   3.45839e-01  -6.07602e-01
T18    2.65904e-01  -7.70672e-01  -6.35801e-01   7.35466e-02   1.29023e+00  -6.67074e-01   4.99071e-02   8.08486e-01  -5.33490e-01  -5.06626e-01  -5.91858e-01  -4.42537e-01  -4.64286e-01  -6.65370e-01   1.73270e-01  -9.13363e-01   1.74277e-01   3.99613e-01   3.45839e-01   2.82663e-01  -5.88202e-01
T19   -4.63695e-01  -1.15413e+00   2.77579e-01   5.40704e-01   7.72386e-01  -8.83432e-01   3.25017e-01   5.22557e-01  -5.14822e-02  -1.18360e-01  -3.18866e-01   2.61276e-01   1.23797e+00  -3.26638e-01  -7.17308e-01   5.89539e-01  -1.73125e-01   7.09659e-02  -6.07602e-01  -5.88202e-01  -6.15003e-01
