T0   -3.96717e-01  -1.91542e+00  -3.81872e-01  -4.32504e-01  -1.99578e-01  -1.57062e+00  -3.35496e-01  -1.47908e-01  -1.08574e+00  -7.58885e-01  -1.01666e+00  -6.84086e-01   5.20118e-01  -1.04808e+00  -1.19464e+00  -5.56599e-01  -9.82031e-01  -7.31512e-01  -1.17705e+00  -1.09385e+00  -1.27279e+00
T1   -1.77277e-01  -3.81872e-01   1.76843e-01   5.58523e-02  -1.28275e+00  -3.61542e-01   2.11464e-01  -3.52359e-01  -2.37093e-02  -5.30182e-01   6.74982e-01   9.85654e-01   1.81477e+00   3.43172e-01  -5.80575e-01   3.86604e-01  -4.57531e-01   7.46969e-02  -1.48243e+00  -9.93262e-01   3.69101e-01
T2   -4.76587e-02  -4.32504e-01   5.58523e-02  -3.45973e-01  -6.36159e-02  -4.91004e-01   9.75374e-02   5.87105e-01  -6.76148e-01   9.03686e-02   6.02717e-01   8.81139e-01   3.63177e-01   1.02797e-01   8.71752e-02   2.47078e-01  -9.78238e-01  -3.61059e-01  -4.38416e-01  -2.14990e-01   5.67954e-01
T3   -3.61460e-01  -1.99578e-01  -1.28275e+00  -6.36159e-02   5.50369e-01  -9.92981e-02   7.16826e-01   1.22446e+00  -5.96393e-01   1.87943e-01   1.03481e+00   1.34873e+00  -5.20426e-01   5.56237e-01   1.09046e+00   4.96470e-01  -1.24396e+00  -6.48769e-01   1.43634e+00   1.21829e+00   7.79217e-01
T4    1.71397e+00  -1.57062e+00  -3.61542e-01  -4.91004e-01  -9.92981e-02  -5.03724e+00  -3.53510e-01   5.08029e-02  -1.13266e+00  -8.82753e-01  -4.87469e-01   2.47046e-02   4.62912e-01  -1.09158e+00  -1.31317e+00  -3.67961e-01  -1.00277e+00  -5.99883e-01  -1.67442e+00  -9.95014e-01  -7.44220e-01
T5    3.19059e-02  -3.35496e-01   2.11464e-01   9.75374e-02   7.16826e-01  -3.53510e-01   4.77140e-01   1.03232e+00  -2.27694e-01  -7.69175e-02   7.31181e-01   1.30274e+00   8.43191e-01   4.03027e-01  -4.65038e-02   4.54084e-01  -5.76008e-01  -7.46052e-02  -6.78096e-01  -2.04165e-01   5.21879e-01
T6   -5.39111e-01  -1.47908e-01  -3.52359e-01   5.87105e-01   1.22446e+00   5.08029e-02   1.03232e+00   1.67436e+00  -9.13043e-02   4.35998e-01   9.39255e-01   1.70592e+00  -2.72875e-01   5.26942e-01   6.56197e-01   6.07545e-01  -9.00910e-01  -2.11051e-01   6.28924e-01   7.49448e-01   5.39780e-01
T7   -4.33511e-01  -1.08574e+00  -2.37093e-02  -6.76148e-01  -5.96393e-01  -1.13266e+00  -2.27694e-01  -9.13043e-02  -9.93271e-01  -6.10516e-01   3.25628e-01   5.81600e-01   6.86970e-01  -5.54289e-01  -8.65375e-01  -1.16454e-01  -1.00533e+00  -5.24319e-01  -1.15482e+00  -9.74384e-01  -5.06057e-02
T8    6.34976e-01  -7.58885e-01  -5.30182e-01   9.03686e-02   1.87943e-01  -8.82753e-01  -7.69175e-02   4.35998e-01  -6.10516e-01  -7.90091e-01  -1.67553e-01   1.78805e-01   2.74663e-01  -1.73756e-01  -3.61645e-01  -4.14859e-01  -8.77118e-01  -2.15767e-01  -1.16940e+00  -7.76297e-01  -3.41907e-01
T9   -3.84824e-01  -1.01666e+00   6.74982e-01   6.02717e-01   1.03481e+00  -4.87469e-01   7.31181e-01   9.39255e-01   3.25628e-01  -1.67553e-01   1.22933e+00   2.55505e+00   2.55213e+00   8.73741e-01  -5.51015e-01   1.97416e+00   5.46190e-02   7.74945e-01  -7.99037e-01  -6.30875e-01   6.10042e-01
T10   -9.30338e-01  -6.84086e-01   9.85654e-01   8.81139e-01   1.34873e+00   2.47046e-02   1.30274e+00   1.70592e+00   5.81600e-01   1.78805e-01   2.55505e+00   3.67885e+00   3.21029e+00   1.73410e+00  -1.96071e-01   2.96768e+00   3.03107e-01   1.29885e+00  -8.71827e-01  -2.21759e-01   1.54023e+00
T11   -4.14119e-01   5.20118e-01   1.81477e+00   3.63177e-01  -5.20426e-01   4.62912e-01   8.43191e-01  -2.72875e-01   6.86970e-01   2.74663e-01   2.55213e+00   3.21029e+00   3.00299e+00   1.79504e+00   8.50146e-02   2.50291e+00  -1.76164e-02   5.55475e-01  -1.00069e+00  -6.52171e-01   1.77429e+00
T12    8.89045e-01  -1.04808e+00   3.43172e-01   1.02797e-01   5.56237e-01  -1.09158e+00   4.03027e-01   5.26942e-01  -5.54289e-01  -1.73756e-01   8.73741e-01   1.73410e+00   1.79504e+00  -2.77965e-01  -7.51668e-01   9.64806e-01  -2.95074e-01   1.98463e-01  -1.16922e+00  -6.76663e-01   2.62382e-01
T13    8.30974e-02  -1.19464e+00  -5.80575e-01   8.71752e-02   1.09046e+00  -1.31317e+00  -4.65038e-02   6.56197e-01  -8.65375e-01  -3.61645e-01  -5.51015e-01  -1.96071e-01   8.50146e-02  -7.51668e-01  -1.41606e-03  -7.50269e-01   1.29814e-01   5.83991e-01  -5.09710e-02   1.06782e-01  -7.90375e-01
T14   -1.56434e-01  -5.56599e-01   3.86604e-01   2.47078e-01   4.96470e-01  -3.67961e-01   4.54084e-01   6.07545e-01  -1.16454e-01  -4.14859e-01   1.97416e+00   2.96768e+00   2.50291e+00   9.64806e-01  -7.50269e-01   1.72064e+00  -2.87842e-01   5.28788e-01  -1.56809e+00  -1.15986e+00   1.31219e+00
T15   -2.04512e-01  -9.82031e-01  -4.57531e-01  -9.78238e-01  -1.24396e+00  -1.00277e+00  -5.76008e-01  -9.00910e-01  -1.00533e+00  -8.77118e-01   5.46190e-02   3.03107e-01  -1.76164e-02  -2.95074e-01   1.29814e-01  -2.87842e-01  -1.14753e+00  -8.68676e-01  -3.10444e-01   1.09504e-01  -2.76923e-01
T16   -2.67415e-01  -7.31512e-01   7.46969e-02  -3.61059e-01  -6.48769e-01  -5.99883e-01  -7.46052e-02  -2.11051e-01  -5.24319e-01  -2.15767e-01   7.74945e-01   1.29885e+00   5.55475e-01   1.98463e-01   5.83991e-01   5.28788e-01  -8.68676e-01  -8.63072e-01   3.09510e-01   3.44212e-01   2.55798e-01
T17    1.24751e+00  -1.17705e+00  -1.48243e+00  -4.38416e-01   1.43634e+00  -1.67442e+00  -6.78096e-01   6.28924e-01  -1.15482e+00  -1.16940e+00  -7.99037e-01  -8.71827e-01  -1.00069e+00  -1.16922e+00  -5.09710e-02  -1.56809e+00  -3.10444e-01   3.09510e-01   4.67463e-01   7.12124e-02  -8.88396e-01
T18    2.46338e-01  -1.09385e+00  -9.93262e-01  -2.14990e-01   1.21829e+00  -9.95014e-01  -2.04165e-01   7.49448e-01  -9.74384e-01  -7.76297e-01  -6.30875e-01  -2.21759e-01  -6.52171e-01  -6.76663e-01   1.06782e-01  -1.15986e+00   1.09504e-01   3.44212e-01   7.12124e-02   9.45693e-02  -7.97768e-01
T19   -5.33466e-01  -1.27279e+00   3.69101e-01   5.67954e-01   7.79217e-01  -7.44220e-01   5.21879e-01   5.39780e-01  -5.06057e-02  -3.41907e-01   6.10042e-01   1.54023e+00   1.77429e+00   2.62382e-01  -7.90375e-01   1.31219e+00  -2.76923e-01   2.55798e-01  -8.88396e-01  -7.97768e-01   5.15521e-03
