T0   -4.03362e-01  -1.08043e-01   3.14848e-02   7.08997e-02   5.44152e-02  -2.90737e-02   3.19245e-02   7.85031e-02  -2.59828e-02   2.20031e-02  -5.89106e-02  -7.96957e-02   1.24014e-01  -5.28491e-02  -4.03435e-02   1.55839e-02   2.96796e-02  -8.94471e-04  -3.09801e-02   9.22119e-04  -8.09735e-02
T1   -1.07042e+00   3.14848e-02   1.15244e-01   8.93033e-02  -1.46302e-01   6.37905e-03   9.02039e-02  -1.23230e-01   1.06123e-02   5.06742e-02   1.02417e-01   5.86735e-02   3.40612e-01   5.50578e-02   5.06504e-02   9.52815e-03   4.12994e-02   6.93087e-02   1.39602e-03   3.56546e-02   5.04927e-02
T2   -7.59512e-01   7.08997e-02   8.93033e-02  -1.07110e-01   2.49469e-02   4.64440e-03   3.47190e-02   1.10008e-01  -9.68731e-03   2.36472e-02   3.68976e-02   9.51177e-02   4.00874e-02   9.03935e-03   2.29801e-02   4.88837e-02  -2.01679e-02  -8.88576e-04   8.72959e-03  -2.93114e-02   6.95209e-02
T3   -1.32839e+00   5.44152e-02  -1.46302e-01   2.49469e-02   1.26182e-01   5.51731e-02   9.30019e-02   2.07980e-01   6.79848e-03  -5.59094e-02   8.70066e-02   1.05070e-01  -8.24729e-02   6.69127e-02   8.14937e-02   5.32443e-02   4.02158e-02   4.18646e-02   9.06451e-03  -1.62041e-03   8.40850e-02
T4    2.55332e+00  -2.90737e-02   6.37905e-03   4.64440e-03   5.51731e-02  -6.45196e-01  -2.62260e-03   7.45597e-02  -3.10561e-02  -8.07551e-02  -9.71497e-02  -9.48979e-02   4.13668e-02  -1.30115e-01  -1.30581e-01  -4.20957e-02  -5.58075e-02  -2.73829e-02  -1.15514e-01  -6.99878e-02  -1.00536e-01
T5   -8.65004e-01   3.19245e-02   9.02039e-02   3.47190e-02   9.30019e-02  -2.62260e-03  -5.48521e-03   1.50830e-01   4.35874e-02   4.87649e-02   5.56342e-02   3.11952e-02   1.67378e-01   7.46528e-03   3.12618e-02   2.87610e-02   2.51893e-02   2.69723e-02  -2.47641e-02   4.17196e-03   5.17327e-02
T6   -1.76462e+00   7.85031e-02  -1.23230e-01   1.10008e-01   2.07980e-01   7.45597e-02   1.50830e-01   1.73372e-01   8.66326e-02  -4.87971e-03   6.40087e-02   7.82123e-02  -5.66386e-02   6.64953e-02   6.60072e-02   1.01572e-01   9.70989e-02   1.02184e-01   3.05846e-02   9.44691e-03   7.14500e-02
T7   -6.35753e-01  -2.59828e-02   1.06123e-02  -9.68731e-03   6.79848e-03  -3.10561e-02   4.35874e-02   8.66326e-02  -8.53371e-02  -3.12197e-02   1.70631e-02   3.03540e-02   7.66094e-02  -2.35528e-02  -2.31548e-03  -1.21304e-02  -1.20368e-02  -1.19222e-02  -1.99686e-02  -6.07450e-03  -8.82311e-03
T8    3.38720e-01   2.20031e-02   5.06742e-02   2.36472e-02  -5.59094e-02  -8.07551e-02   4.87649e-02  -4.87971e-03  -3.12197e-02  -1.96083e-01   4.82461e-02   3.90398e-02   1.77485e-01  -3.30238e-02  -1.76738e-02   7.24013e-03  -1.81410e-02   7.06270e-03  -7.74873e-02  -3.16401e-02   3.29720e-02
T9    9.16730e-01  -5.89106e-02   1.02417e-01   3.68976e-02   8.70066e-02  -9.71497e-02   5.56342e-02   6.40087e-02   1.70631e-02   4.82461e-02  -2.44398e-01  -1.61873e-01   4.22080e-02  -1.09606e-01  -1.58251e-01   4.91908e-02  -4.22059e-05  -3.55788e-02  -5.76956e-02  -7.84695e-02  -1.57952e-01
T10    1.73789e-01  -7.96957e-02   5.86735e-02   9.51177e-02   1.05070e-01  -9.48979e-02   3.11952e-02   7.82123e-02   3.03540e-02   3.90398e-02  -1.61873e-01  -1.99470e-01   1.15345e-01  -8.87134e-02  -1.44046e-01   2.89097e-02   1.23112e-02  -5.65287e-03  -8.83070e-02  -4.68282e-02  -1.38673e-01
T11   -1.77278e+00   1.24014e-01   3.40612e-01   4.00874e-02  -8.24729e-02   4.13668e-02   1.67378e-01  -5.66386e-02   7.66094e-02   1.77485e-01   4.22080e-02   1.15345e-01   1.49900e-01   8.68871e-02   6.37995e-02   1.36811e-01   7.86387e-02   1.01373e-01   1.13385e-01   1.29459e-02   6.52253e-02
T12    1.79089e+00  -5.28491e-02   5.50578e-02   9.03935e-03   6.69127e-02  -1.30115e-01   7.46528e-03   6.64953e-02  -2.35528e-02  -3.30238e-02  -1.09606e-01  -8.87134e-02   8.68871e-02  -3.61404e-01  -1.32188e-01  -1.14562e-03  -5.88531e-03  -2.19002e-02  -8.50592e-02  -6.59514e-02  -8.34148e-02
T13    1.22468e+00  -4.03435e-02   5.06504e-02   2.29801e-02   8.14937e-02  -1.30581e-01   3.12618e-02   6.60072e-02  -2.31548e-03  -1.76738e-02  -1.58251e-01  -1.44046e-01   6.37995e-02  -1.32188e-01  -2.18718e-01   1.65369e-02  -1.80113e-02  -1.87835e-02  -1.53227e-01  -1.25861e-01  -1.18062e-01
T14   -6.20976e-01   1.55839e-02   9.52815e-03   4.88837e-02   5.32443e-02  -4.20957e-02   2.87610e-02   1.01572e-01  -1.21304e-02   7.24013e-03   4.91908e-02   2.89097e-02   1.36811e-01  -1.14562e-03   1.65369e-02  -7.68938e-02   4.14638e-02   3.46194e-02  -8.13172e-02  -5.09563e-02   1.73950e-02
T15   -6.71351e-01   2.96796e-02   4.12994e-02  -2.01679e-02   4.02158e-02  -5.58075e-02   2.51893e-02   9.70989e-02  -1.20368e-02  -1.81410e-02  -4.22059e-05   1.23112e-02   7.86387e-02  -5.88531e-03  -1.80113e-02   4.14638e-02  -4.88133e-02  -1.03844e-02  -1.82970e-02  -1.33581e-02   9.39833e-03
T16   -4.18028e-01  -8.94471e-04   6.93087e-02  -8.88576e-04   4.18646e-02  -2.73829e-02   2.69723e-02   1.02184e-01  -1.19222e-02   7.06270e-03  -3.55788e-02  -5.65287e-03   1.01373e-01  -2.19002e-02  -1.87835e-02   3.46194e-02  -1.03844e-02  -5.71751e-02  -1.33039e-02  -1.47996e-02  -4.72718e-02
T17    2.00173e+00  -3.09801e-02   1.39602e-03   8.72959e-03   9.06451e-03  -1.15514e-01  -2.47641e-02   3.05846e-02  -1.99686e-02  -7.74873e-02  -5.76956e-02  -8.83070e-02   1.13385e-01  -8.50592e-02  -1.53227e-01  -8.13172e-02  -1.82970e-02  -1.33039e-02  -3.09043e-01  -1.17700e-01  -5.84534e-02
T18    7.64682e-01   9.22119e-04   3.56546e-02  -2.93114e-02  -1.62041e-03  -6.99878e-02   4.17196e-03   9.44691e-03  -6.07450e-03  -3.16401e-02  -7.84695e-02  -4.68282e-02   1.29459e-02  -6.59514e-02  -1.25861e-01  -5.09563e-02  -1.33581e-02  -1.47996e-02  -1.17700e-01  -1.03854e-01  -4.62815e-02
T19    5.45661e-01  -8.09735e-02   5.04927e-02   6.95209e-02   8.40850e-02  -1.00536e-01   5.17327e-02   7.14500e-02  -8.82311e-03   3.29720e-02  -1.57952e-01  -1.38673e-01   6.52253e-02  -8.34148e-02  -1.18062e-01   1.73950e-02   9.39833e-03  -4.72718e-02  -5.84534e-02  -4.62815e-02  -1.86708e-01
