T0   -3.94969e-01  -5.35462e-02   7.39476e-03   2.34668e-02   3.80076e-03   8.17259e-03   4.39233e-03   1.54558e-02  -1.77843e-02   6.57280e-03  -7.38074e-04  -1.55733e-02   3.97604e-02  -5.29197e-03   4.47238e-03   2.33348e-03   8.19751e-03  -3.12127e-03   1.43026e-03   1.30293e-02  -1.71297e-02
T1   -1.04355e+00   7.39476e-03   2.91821e-02   6.10967e-02  -2.15548e-02  -5.32841e-03   5.51907e-02  -1.51413e-02   1.20439e-02   2.97870e-02   9.95429e-03  -1.62612e-02   1.55159e-01  -1.84149e-02  -1.01676e-02   5.38191e-03   3.48612e-02   4.06724e-02  -2.07204e-02   5.73536e-03  -1.64546e-03
T2   -6.96293e-01   2.34668e-02   6.10967e-02  -5.68837e-02   1.74781e-02   7.99638e-03   1.58413e-02   5.51504e-02  -3.97081e-03   2.60124e-02  -8.22783e-03   2.30752e-02   2.98794e-02  -7.47351e-03  -4.50959e-03   2.74131e-02  -7.90092e-03  -9.85736e-05  -4.48575e-03  -2.43397e-02   1.93884e-02
T3   -1.28495e+00   3.80076e-03  -2.15548e-02   1.74781e-02   3.86356e-02   2.69077e-02   4.66376e-02   8.89081e-02   3.65089e-03   5.02958e-03   7.16544e-03   1.64762e-02   3.51618e-03   1.91747e-03   8.87456e-03   2.25877e-02   2.66673e-02   1.75785e-02  -1.49795e-02  -8.10360e-03   1.21757e-02
T4    2.19372e+00   8.17259e-03  -5.32841e-03   7.99638e-03   2.69077e-02  -3.26286e-01  -3.14912e-03   2.94315e-02  -1.38168e-03  -4.89173e-02  -1.91141e-02  -1.84261e-02   9.21169e-03  -3.47551e-02  -2.96889e-02  -9.07562e-03  -2.43159e-02  -7.09899e-04  -3.10305e-02  -9.70493e-03  -1.94006e-02
T5   -8.22659e-01   4.39233e-03   5.51907e-02   1.58413e-02   4.66376e-02  -3.14912e-03  -3.10623e-02   7.39274e-02   2.41703e-02   2.45572e-02   1.74276e-03  -1.38891e-02   9.09030e-02  -1.51295e-02  -7.43377e-03   1.87330e-02   1.52204e-02   1.74028e-02  -3.20500e-02  -6.10991e-03   1.05059e-02
T6   -1.74660e+00   1.54558e-02  -1.51413e-02   5.51504e-02   8.89081e-02   2.94315e-02   7.39274e-02   6.50653e-02   2.95003e-02   1.73996e-02  -1.10477e-02  -5.69518e-03   9.15923e-03  -8.22472e-05  -4.57774e-03   4.11884e-02   5.19165e-02   4.53741e-02  -4.12243e-03  -2.46081e-03   6.97323e-03
T7   -5.28825e-01  -1.77843e-02   1.20439e-02  -3.97081e-03   3.65089e-03  -1.38168e-03   2.41703e-02   2.95003e-02  -4.22398e-02  -5.17884e-03   3.51694e-03   1.59068e-02   4.33140e-02  -9.34445e-03   4.74279e-03  -7.29693e-03  -2.98487e-03  -7.03590e-03  -6.30255e-03   2.58805e-03  -9.73720e-03
T8    4.42711e-01   6.57280e-03   2.97870e-02   2.60124e-02   5.02958e-03  -4.89173e-02   2.45572e-02   1.73996e-02  -5.17884e-03  -8.50365e-02  -1.20412e-03  -7.78643e-03   9.19238e-02  -3.26463e-02  -2.46064e-02  -3.79900e-03   8.87570e-03   1.01095e-02  -3.84966e-02  -2.01059e-02   2.57839e-03
T9    8.64217e-01  -7.38074e-04   9.95429e-03  -8.22783e-03   7.16544e-03  -1.91141e-02   1.74276e-03  -1.10477e-02   3.51694e-03  -1.20412e-03  -8.10451e-02  -3.25648e-02  -3.28758e-02  -1.55054e-02  -3.21873e-02   1.85699e-02  -8.21808e-03  -1.22273e-02   1.34945e-02  -1.30702e-02  -3.55261e-02
T10    1.55145e-01  -1.55733e-02  -1.62612e-02   2.30752e-02   1.64762e-02  -1.84261e-02  -1.38891e-02  -5.69518e-03   1.59068e-02  -7.78643e-03  -3.25648e-02  -6.10330e-02   4.39931e-03  -6.85323e-03  -3.03446e-02   5.49171e-03  -4.30133e-03  -6.90137e-04  -7.31731e-03  -2.13357e-03  -2.94693e-02
T11   -1.78236e+00   3.97604e-02   1.55159e-01   2.98794e-02   3.51618e-03   9.21169e-03   9.09030e-02   9.15923e-03   4.33140e-02   9.19238e-02  -3.28758e-02   4.39931e-03   3.32758e-02  -1.36395e-02  -1.48667e-02   5.97399e-02   4.82804e-02   4.95431e-02   1.87951e-02  -1.13115e-02   3.99895e-04
T12    1.86255e+00  -5.29197e-03  -1.84149e-02  -7.47351e-03   1.91747e-03  -3.47551e-02  -1.51295e-02  -8.22472e-05  -9.34445e-03  -3.26463e-02  -1.55054e-02  -6.85323e-03  -1.36395e-02  -2.02733e-01  -1.73141e-02  -8.07901e-03  -4.38401e-03  -3.44262e-03  -7.78577e-03  -1.71281e-03  -5.23393e-03
T13    1.21354e+00   4.47238e-03  -1.01676e-02  -4.50959e-03   8.87456e-03  -2.96889e-02  -7.43377e-03  -4.57774e-03   4.74279e-03  -2.46064e-02  -3.21873e-02  -3.03446e-02  -1.48667e-02  -1.73141e-02  -6.98383e-02  -3.60879e-03  -1.65544e-02  -9.23541e-03  -3.41690e-02  -3.62841e-02  -2.37093e-02
T14   -5.88855e-01   2.33348e-03   5.38191e-03   2.74131e-02   2.25877e-02  -9.07562e-03   1.87330e-02   4.11884e-02  -7.29693e-03  -3.79900e-03   1.85699e-02   5.49171e-03   5.97399e-02  -8.07901e-03  -3.60879e-03  -3.91686e-02   2.62113e-02   1.18636e-02  -3.82538e-02  -1.62744e-02   2.64121e-03
T15   -6.14399e-01   8.19751e-03   3.48612e-02  -7.90092e-03   2.66673e-02  -2.43159e-02   1.52204e-02   5.19165e-02  -2.98487e-03   8.87570e-03  -8.21808e-03  -4.30133e-03   4.82804e-02  -4.38401e-03  -1.65544e-02   2.62113e-02  -3.41360e-02  -8.46260e-03  -1.26824e-02  -9.08071e-03  -1.70136e-03
T16   -3.82340e-01  -3.12127e-03   4.06724e-02  -9.85736e-05   1.75785e-02  -7.09899e-04   1.74028e-02   4.53741e-02  -7.03590e-03   1.01095e-02  -1.22273e-02  -6.90137e-04   4.95431e-02  -3.44262e-03  -9.23541e-03   1.18636e-02  -8.46260e-03  -3.69553e-02  -7.23799e-03  -8.03899e-03  -1.73835e-02
T17    1.96941e+00   1.43026e-03  -2.07204e-02  -4.48575e-03  -1.49795e-02  -3.10305e-02  -3.20500e-02  -4.12243e-03  -6.30255e-03  -3.84966e-02   1.34945e-02  -7.31731e-03   1.87951e-02  -7.78577e-03  -3.41690e-02  -3.82538e-02  -1.26824e-02  -7.23799e-03  -1.47585e-01  -4.04744e-02   4.00320e-03
T18    7.68126e-01   1.30293e-02   5.73536e-03  -2.43397e-02  -8.10360e-03  -9.70493e-03  -6.10991e-03  -2.46081e-03   2.58805e-03  -2.01059e-02  -1.30702e-02  -2.13357e-03  -1.13115e-02  -1.71281e-03  -3.62841e-02  -1.62744e-02  -9.08071e-03  -8.03899e-03  -4.04744e-02  -5.56641e-02   1.39042e-03
T19    4.16388e-01  -1.71297e-02  -1.64546e-03   1.93884e-02   1.21757e-02  -1.94006e-02   1.05059e-02   6.97323e-03  -9.73720e-03   2.57839e-03  -3.55261e-02  -2.94693e-02   3.99895e-04  -5.23393e-03  -2.37093e-02   2.64121e-03  -1.70136e-03  -1.73835e-02   4.00320e-03   1.39042e-03  -5.97937e-02
