T0   -4.11661e-01  -6.97270e-02   1.68828e-02   3.82501e-02   1.61870e-02  -1.90302e-04   1.45242e-02   3.23617e-02  -2.27056e-02   1.43603e-02  -1.32613e-02  -3.05150e-02   6.60174e-02  -1.83451e-02  -3.74472e-03   4.31005e-03   1.33324e-02  -4.09054e-03  -6.03738e-03   1.30896e-02  -3.24637e-02
T1   -1.06936e+00   1.68828e-02   3.97409e-02   7.46475e-02  -4.38292e-02   1.48865e-03   6.45684e-02  -3.71005e-02   2.13265e-02   3.26336e-02   2.70657e-02  -1.02889e-02   1.99296e-01  -1.29825e-02  -8.06630e-03   7.09624e-03   4.77816e-02   5.60544e-02  -2.49504e-02   6.57672e-03   8.49008e-03
T2   -7.76022e-01   3.82501e-02   7.46475e-02  -7.27318e-02   1.95307e-02   1.41400e-02   2.42016e-02   7.40117e-02  -6.11252e-03   2.64367e-02   1.75927e-04   3.80401e-02   3.79985e-02  -3.21262e-03   2.52514e-04   3.04268e-02  -1.22028e-02   1.12107e-03  -1.18425e-03  -2.60065e-02   3.28699e-02
T3   -1.36437e+00   1.61870e-02  -4.38292e-02   1.95307e-02   5.66441e-02   4.13127e-02   5.90700e-02   1.19544e-01  -1.66008e-03  -6.91416e-03   2.36541e-02   3.45886e-02  -5.82484e-03   1.64688e-02   2.35112e-02   2.69035e-02   3.02070e-02   2.46119e-02  -9.06007e-03  -4.36872e-04   3.09891e-02
T4    2.30834e+00  -1.90302e-04   1.48865e-03   1.41400e-02   4.13127e-02  -4.10755e-01   1.23680e-03   4.65162e-02  -6.11708e-03  -5.31993e-02  -3.79172e-02  -3.58881e-02   1.96928e-02  -6.07817e-02  -5.27027e-02  -1.26247e-02  -3.19070e-02  -4.34452e-03  -5.45859e-02  -2.22754e-02  -3.87163e-02
T5   -8.75283e-01   1.45242e-02   6.45684e-02   2.42016e-02   5.90700e-02   1.23680e-03  -2.73583e-02   9.36415e-02   3.34704e-02   3.38894e-02   9.65026e-03  -1.09239e-02   1.13802e-01  -1.30622e-02  -6.65666e-03   1.99460e-02   2.20752e-02   2.57708e-02  -3.34214e-02  -6.84388e-03   2.29853e-02
T6   -1.80858e+00   3.23617e-02  -3.71005e-02   7.40117e-02   1.19544e-01   4.65162e-02   9.36415e-02   9.42790e-02   4.19981e-02   1.26192e-02   7.99329e-04   5.95856e-03  -1.17150e-05   8.13759e-03   3.96697e-03   5.53063e-02   6.73509e-02   6.55993e-02   1.60873e-03   1.43398e-03   2.17930e-02
T7   -5.88634e-01  -2.27056e-02   2.13265e-02  -6.11252e-03  -1.66008e-03  -6.11708e-03   3.34704e-02   4.19981e-02  -5.85259e-02  -1.33226e-02   8.01004e-03   2.00001e-02   6.12806e-02  -1.07395e-02   1.02589e-02  -1.08119e-02  -8.90202e-03  -1.16412e-02  -7.35755e-04   8.41429e-03  -8.69673e-03
T8    3.84222e-01   1.43603e-02   3.26336e-02   2.64367e-02  -6.91416e-03  -5.31993e-02   3.38894e-02   1.26192e-02  -1.33226e-02  -1.15462e-01   1.02371e-02   1.53850e-03   1.17987e-01  -3.55338e-02  -2.75091e-02  -4.63606e-03   5.21945e-03   1.18431e-02  -5.05609e-02  -2.56305e-02   1.26615e-02
T9    9.55927e-01  -1.32613e-02   2.70657e-02   1.75927e-04   2.36541e-02  -3.79172e-02   9.65026e-03   7.99329e-04   8.01004e-03   1.02371e-02  -1.23568e-01  -6.23484e-02  -2.37632e-02  -3.85589e-02  -6.39323e-02   3.00241e-02  -5.77617e-03  -1.72318e-02  -5.50369e-05  -3.13462e-02  -6.68707e-02
T10    2.52593e-01  -3.05150e-02  -1.02889e-02   3.80401e-02   3.45886e-02  -3.58881e-02  -1.09239e-02   5.95856e-03   2.00001e-02   1.53850e-03  -6.23484e-02  -9.37121e-02   1.80921e-02  -2.28958e-02  -5.78619e-02   1.30533e-02  -1.52590e-03  -2.76625e-03  -2.70956e-02  -1.36386e-02  -5.63512e-02
T11   -1.83412e+00   6.60174e-02   1.99296e-01   3.79985e-02  -5.82484e-03   1.96928e-02   1.13802e-01  -1.17150e-05   6.12806e-02   1.17987e-01  -2.37632e-02   1.80921e-02   5.57134e-02   1.22041e-03  -9.06269e-03   7.79673e-02   6.50093e-02   6.95308e-02   3.18884e-02  -1.42120e-02   1.36791e-02
T12    1.90269e+00  -1.83451e-02  -1.29825e-02  -3.21262e-03   1.64688e-02  -6.07817e-02  -1.30622e-02   8.13759e-03  -1.07395e-02  -3.55338e-02  -3.85589e-02  -2.28958e-02   1.22041e-03  -2.49573e-01  -4.47946e-02  -3.84399e-03  -5.13105e-03  -6.95908e-03  -2.45590e-02  -1.86444e-02  -2.17591e-02
T13    1.32610e+00  -3.74472e-03  -8.06630e-03   2.52514e-04   2.35112e-02  -5.27027e-02  -6.65666e-03   3.96697e-03   1.02589e-02  -2.75091e-02  -6.39323e-02  -5.78619e-02  -9.06269e-03  -4.47946e-02  -1.05408e-01   4.53292e-03  -1.58142e-02  -1.47647e-02  -6.36188e-02  -6.17115e-02  -4.76907e-02
T14   -6.27715e-01   4.31005e-03   7.09624e-03   3.04268e-02   2.69035e-02  -1.26247e-02   1.99460e-02   5.53063e-02  -1.08119e-02  -4.63606e-03   3.00241e-02   1.30533e-02   7.79673e-02  -3.84399e-03   4.53292e-03  -5.46290e-02   2.76161e-02   1.79744e-02  -4.49036e-02  -1.87719e-02   9.30773e-03
T15   -6.84807e-01   1.33324e-02   4.77816e-02  -1.22028e-02   3.02070e-02  -3.19070e-02   2.20752e-02   6.73509e-02  -8.90202e-03   5.21945e-03  -5.77617e-03  -1.52590e-03   6.50093e-02  -5.13105e-03  -1.58142e-02   2.76161e-02  -3.95965e-02  -8.29717e-03  -1.30084e-02  -7.21224e-03   3.28382e-03
T16   -4.41373e-01  -4.09054e-03   5.60544e-02   1.12107e-03   2.46119e-02  -4.34452e-03   2.57708e-02   6.55993e-02  -1.16412e-02   1.18431e-02  -1.72318e-02  -2.76625e-03   6.95308e-02  -6.95908e-03  -1.47647e-02   1.79744e-02  -8.29717e-03  -3.89565e-02  -7.34906e-03  -9.79566e-03  -2.34034e-02
T17    2.04619e+00  -6.03738e-03  -2.49504e-02  -1.18425e-03  -9.06007e-03  -5.45859e-02  -3.34214e-02   1.60873e-03  -7.35755e-04  -5.05609e-02  -5.50369e-05  -2.70956e-02   3.18884e-02  -2.45590e-02  -6.36188e-02  -4.49036e-02  -1.30084e-02  -7.34906e-03  -1.96197e-01  -6.59653e-02  -1.19884e-02
T18    8.12303e-01   1.30896e-02   6.57672e-03  -2.60065e-02  -4.36872e-04  -2.22754e-02  -6.84388e-03   1.43398e-03   8.41429e-03  -2.56305e-02  -3.13462e-02  -1.36386e-02  -1.42120e-02  -1.86444e-02  -6.17115e-02  -1.87719e-02  -7.21224e-03  -9.79566e-03  -6.59653e-02  -7.61791e-02  -1.01242e-02
T19    4.93567e-01  -3.24637e-02   8.49008e-03   3.28699e-02   3.09891e-02  -3.87163e-02   2.29853e-02   2.17930e-02  -8.69673e-03   1.26615e-02  -6.68707e-02  -5.63512e-02   1.36791e-02  -2.17591e-02  -4.76907e-02   9.30773e-03   3.28382e-03  -2.34034e-02  -1.19884e-02  -1.01242e-02  -9.19916e-02
