T0   -6.40956e-01  -1.59451e-01   1.34105e-01   1.28777e-01   1.36253e-01  -1.09265e-01   1.22065e-01   2.34808e-01  -6.08482e-02   6.73245e-02  -1.11212e-01  -1.10994e-01   3.13457e-01  -8.62503e-02  -9.15411e-02   3.69642e-02   3.72251e-02  -1.88453e-03  -5.11739e-02  -2.27684e-02  -1.54062e-01
T1   -8.05023e-01   1.34105e-01   2.70894e-01   1.12241e-01  -3.31826e-01   3.93818e-02   1.21685e-01  -3.10654e-01  -1.70008e-03   1.10205e-01   2.01593e-01   1.31419e-01   5.71659e-01   1.31845e-01   8.68951e-02   9.74522e-03   5.23543e-02   8.65016e-02  -4.27872e-02   1.26321e-02   1.41116e-01
T2   -6.04054e-01   1.28777e-01   1.12241e-01  -1.84744e-01  -2.69285e-03  -7.42486e-03   3.65009e-02   1.47759e-01  -4.54361e-02   2.31372e-02   1.42035e-01   2.38466e-01   5.56002e-02   7.56898e-02   8.72804e-02   4.29403e-02  -4.69040e-02  -2.37937e-02   1.98758e-02  -1.42176e-02   1.47654e-01
T3   -1.09980e+00   1.36253e-01  -3.31826e-01  -2.69285e-03   2.20690e-01   8.76508e-02   1.17309e-01   3.70394e-01   1.78401e-02  -1.48524e-01   2.42303e-01   3.04599e-01  -2.35852e-01   1.84781e-01   2.19734e-01   9.33208e-02   2.39032e-02   4.94697e-02   5.07430e-02  -2.75815e-03   1.88374e-01
T4    2.43897e+00  -1.09265e-01   3.93818e-02  -7.42486e-03   8.76508e-02  -1.04382e+00   1.79028e-02   1.50969e-01  -1.12577e-01  -1.21794e-01  -1.95401e-01  -1.87089e-01   1.22370e-01  -2.38405e-01  -2.65683e-01  -9.09590e-02  -1.07986e-01  -7.00902e-02  -2.39261e-01  -1.44230e-01  -2.08174e-01
T5   -6.94920e-01   1.22065e-01   1.21685e-01   3.65009e-02   1.17309e-01   1.79028e-02   3.18804e-02   2.33652e-01   3.77085e-02   5.56269e-02   1.49903e-01   1.47607e-01   2.32064e-01   6.59442e-02   8.98972e-02   3.29376e-02   2.36401e-02   2.76422e-02  -4.31979e-02   1.36594e-02   1.16124e-01
T6   -1.47555e+00   2.34808e-01  -3.10654e-01   1.47759e-01   3.70394e-01   1.50969e-01   2.33652e-01   3.60790e-01   1.50463e-01  -7.97810e-02   2.10306e-01   2.72262e-01  -2.09664e-01   2.01964e-01   1.92621e-01   1.61487e-01   1.21752e-01   1.27697e-01   4.49420e-02  -1.55419e-04   1.73231e-01
T7   -5.74504e-01  -6.08482e-02  -1.70008e-03  -4.54361e-02   1.78401e-02  -1.12577e-01   3.77085e-02   1.50463e-01  -1.33979e-01  -4.37170e-02   3.86435e-02   5.57498e-02   9.00826e-02  -5.38454e-02  -2.02240e-02  -2.86672e-02  -4.34144e-02  -2.32479e-02  -4.33050e-02  -2.41438e-02  -8.34828e-03
T8    4.41770e-01   6.73245e-02   1.10205e-01   2.31372e-02  -1.48524e-01  -1.21794e-01   5.56269e-02  -7.97810e-02  -4.37170e-02  -3.38510e-01   8.70753e-02   8.27272e-02   2.80621e-01  -3.24982e-02  -2.61605e-02  -2.98781e-03  -4.77797e-02  -3.83694e-03  -1.32653e-01  -9.72919e-02   6.03956e-02
T9    5.40754e-01  -1.11212e-01   2.01593e-01   1.42035e-01   2.42303e-01  -1.95401e-01   1.49903e-01   2.10306e-01   3.86435e-02   8.70753e-02  -4.16003e-01  -3.06877e-01   1.84688e-01  -2.16397e-01  -3.10871e-01   1.03376e-01   4.12646e-02  -3.07866e-02  -1.75585e-01  -1.86039e-01  -2.95445e-01
T10   -2.01121e-01  -1.10994e-01   1.31419e-01   2.38466e-01   3.04599e-01  -1.87089e-01   1.47607e-01   2.72262e-01   5.57498e-02   8.27272e-02  -3.06877e-01  -3.52370e-01   2.78491e-01  -1.88760e-01  -2.95802e-01   7.10615e-02   9.10073e-02   4.34660e-02  -2.25336e-01  -1.43900e-01  -2.60376e-01
T11   -1.42398e+00   3.13457e-01   5.71659e-01   5.56002e-02  -2.35852e-01   1.22370e-01   2.32064e-01  -2.09664e-01   9.00826e-02   2.80621e-01   1.84688e-01   2.78491e-01   3.81924e-01   2.40418e-01   1.79707e-01   2.26438e-01   1.00247e-01   1.31339e-01   1.73521e-01   4.15400e-03   1.77308e-01
T12    1.50682e+00  -8.62503e-02   1.31845e-01   7.56898e-02   1.84781e-01  -2.38405e-01   6.59442e-02   2.01964e-01  -5.38454e-02  -3.24982e-02  -2.16397e-01  -1.88760e-01   2.40418e-01  -5.17773e-01  -2.93473e-01  -4.72638e-03   1.80484e-02  -7.53454e-03  -2.42066e-01  -1.57416e-01  -1.75013e-01
T13    1.04250e+00  -9.15411e-02   8.68951e-02   8.72804e-02   2.19734e-01  -2.65683e-01   8.98972e-02   1.92621e-01  -2.02240e-02  -2.61605e-02  -3.10871e-01  -2.95802e-01   1.79707e-01  -2.93473e-01  -4.15186e-01  -8.15175e-03  -4.44900e-03  -1.63293e-02  -3.24373e-01  -2.58587e-01  -2.40826e-01
T14   -4.77816e-01   3.69642e-02   9.74522e-03   4.29403e-02   9.33208e-02  -9.09590e-02   3.29376e-02   1.61487e-01  -2.86672e-02  -2.98781e-03   1.03376e-01   7.10615e-02   2.26438e-01  -4.72638e-03  -8.15175e-03  -8.77164e-02   5.85863e-02   5.09138e-02  -1.96697e-01  -1.35995e-01   5.13039e-02
T15   -6.22402e-01   3.72251e-02   5.23543e-02  -4.69040e-02   2.39032e-02  -1.07986e-01   2.36401e-02   1.21752e-01  -4.34144e-02  -4.77797e-02   4.12646e-02   9.10073e-02   1.00247e-01   1.80484e-02  -4.44900e-03   5.85863e-02  -8.74277e-02  -3.68822e-02  -5.58387e-03  -1.07065e-02   2.57551e-02
T16   -4.32921e-01  -1.88453e-03   8.65016e-02  -2.37937e-02   4.94697e-02  -7.00902e-02   2.76422e-02   1.27697e-01  -2.32479e-02  -3.83694e-03  -3.07866e-02   4.34660e-02   1.31339e-01  -7.53454e-03  -1.63293e-02   5.09138e-02  -3.68822e-02  -9.35825e-02  -6.94375e-04  -2.41994e-02  -6.14049e-02
T17    2.00202e+00  -5.11739e-02  -4.27872e-02   1.98758e-02   5.07430e-02  -2.39261e-01  -4.31979e-02   4.49420e-02  -4.33050e-02  -1.32653e-01  -1.75585e-01  -2.25336e-01   1.73521e-01  -2.42066e-01  -3.24373e-01  -1.96697e-01  -5.58387e-03  -6.94375e-04  -5.04820e-01  -2.35473e-01  -1.53757e-01
T18    8.15087e-01  -2.27684e-02   1.26321e-02  -1.42176e-02  -2.75815e-03  -1.44230e-01   1.36594e-02  -1.55419e-04  -2.41438e-02  -9.72919e-02  -1.86039e-01  -1.43900e-01   4.15400e-03  -1.57416e-01  -2.58587e-01  -1.35995e-01  -1.07065e-02  -2.41994e-02  -2.35473e-01  -1.86445e-01  -1.25791e-01
T19    2.65126e-01  -1.54062e-01   1.41116e-01   1.47654e-01   1.88374e-01  -2.08174e-01   1.16124e-01   1.73231e-01  -8.34828e-03   6.03956e-02  -2.95445e-01  -2.60376e-01   1.77308e-01  -1.75013e-01  -2.40826e-01   5.13039e-02   2.57551e-02  -6.14049e-02  -1.53757e-01  -1.25791e-01  -3.26223e-01
