T0   -7.44579e-01  -1.79981e-01   1.97734e-01   1.84205e-01   2.21507e-01  -1.45287e-01   1.71201e-01   3.24253e-01  -5.16184e-02   9.92561e-02  -1.47816e-01  -1.35541e-01   3.89910e-01  -1.04979e-01  -1.17859e-01   4.86961e-02   5.15662e-02   2.05267e-02  -8.33557e-02  -2.45475e-02  -1.93735e-01
T1   -7.06550e-01   1.97734e-01   3.80625e-01   1.55688e-01  -4.15758e-01   7.79507e-02   1.36043e-01  -4.14008e-01   1.77895e-02   1.56095e-01   2.09426e-01   1.25335e-01   7.43729e-01   1.36476e-01   7.22344e-02   2.52102e-02   8.49279e-02   1.10407e-01  -1.23789e-01  -3.28127e-02   1.80646e-01
T2   -6.07022e-01   1.84205e-01   1.55688e-01  -1.98091e-01   2.52906e-02   2.99332e-03   6.45309e-02   1.84849e-01  -5.93895e-02   4.39682e-02   2.06347e-01   3.05747e-01   1.03680e-01   1.27143e-01   1.15605e-01   4.30927e-02  -4.63377e-02  -1.40337e-02   2.57354e-02  -1.01053e-02   1.84647e-01
T3   -1.08582e+00   2.21507e-01  -4.15758e-01   2.52906e-02   3.18974e-01   1.33887e-01   1.87231e-01   5.43087e-01   3.41309e-02  -1.92787e-01   3.55221e-01   4.29172e-01  -2.99688e-01   2.63001e-01   2.81669e-01   1.47737e-01   2.66427e-02   8.33332e-02   4.91164e-02  -2.42724e-02   2.66512e-01
T4    2.27367e+00  -1.45287e-01   7.79507e-02   2.99332e-03   1.33887e-01  -1.28358e+00   3.88844e-02   2.14503e-01  -1.44951e-01  -1.68827e-01  -2.60735e-01  -2.39935e-01   1.68869e-01  -2.99446e-01  -3.48752e-01  -1.19065e-01  -1.19142e-01  -7.55514e-02  -3.18304e-01  -1.83794e-01  -2.75243e-01
T5   -6.52456e-01   1.71201e-01   1.36043e-01   6.45309e-02   1.87231e-01   3.88844e-02   6.32811e-02   3.10712e-01   5.64153e-02   8.97055e-02   1.80885e-01   1.94569e-01   2.77239e-01   9.03650e-02   1.08147e-01   4.92319e-02   5.21671e-02   4.47915e-02  -8.12887e-02   7.90056e-03   1.57309e-01
T6   -1.39793e+00   3.24253e-01  -4.14008e-01   1.84849e-01   5.43087e-01   2.14503e-01   3.10712e-01   5.68105e-01   2.04912e-01  -1.03825e-01   2.98394e-01   3.65603e-01  -2.80578e-01   2.69454e-01   2.42771e-01   2.41280e-01   1.52531e-01   1.77087e-01   3.56172e-02  -1.68028e-02   2.48223e-01
T7   -6.91207e-01  -5.16184e-02   1.77895e-02  -5.93895e-02   3.41309e-02  -1.44951e-01   5.64153e-02   2.04912e-01  -1.56664e-01  -4.41192e-02   7.09585e-02   1.18919e-01   1.31893e-01  -3.43818e-02  -1.52777e-02  -3.39185e-02  -5.32346e-02  -2.09231e-02  -4.79983e-02  -3.07069e-02   1.04658e-02
T8    4.29797e-01   9.92561e-02   1.56095e-01   4.39682e-02  -1.92787e-01  -1.68827e-01   8.97055e-02  -1.03825e-01  -4.41192e-02  -3.80161e-01   9.60830e-02   9.17997e-02   3.85795e-01  -3.85545e-02  -4.78969e-02   3.83514e-03  -4.82568e-02  -3.97205e-03  -2.09283e-01  -1.52777e-01   7.18002e-02
T9    5.30661e-01  -1.47816e-01   2.09426e-01   2.06347e-01   3.55221e-01  -2.60735e-01   1.80885e-01   2.98394e-01   7.09585e-02   9.60830e-02  -5.36400e-01  -4.17044e-01   2.39693e-01  -3.00444e-01  -4.23193e-01   1.12396e-01   6.15168e-02  -5.45355e-02  -2.86680e-01  -2.77608e-01  -3.97289e-01
T10   -1.98607e-01  -1.35541e-01   1.25335e-01   3.05747e-01   4.29172e-01  -2.39935e-01   1.94569e-01   3.65603e-01   1.18919e-01   9.17997e-02  -4.17044e-01  -4.66909e-01   3.29284e-01  -2.69141e-01  -4.13619e-01   9.73506e-02   1.44263e-01   4.97871e-02  -3.52547e-01  -2.25561e-01  -3.48116e-01
T11   -1.31080e+00   3.89910e-01   7.43729e-01   1.03680e-01  -2.99688e-01   1.68869e-01   2.77239e-01  -2.80578e-01   1.31893e-01   3.85795e-01   2.39693e-01   3.29284e-01   5.86938e-01   2.82816e-01   2.35690e-01   2.95896e-01   1.45614e-01   1.71724e-01   1.58001e-01  -3.09680e-03   2.45253e-01
T12    1.45411e+00  -1.04979e-01   1.36476e-01   1.27143e-01   2.63001e-01  -2.99446e-01   9.03650e-02   2.69454e-01  -3.43818e-02  -3.85545e-02  -3.00444e-01  -2.69141e-01   2.82816e-01  -6.08458e-01  -4.11820e-01  -1.25893e-03   4.41339e-02  -3.05666e-03  -3.87840e-01  -2.42850e-01  -2.30846e-01
T13    1.06266e+00  -1.17859e-01   7.22344e-02   1.15605e-01   2.81669e-01  -3.48752e-01   1.08147e-01   2.42771e-01  -1.52777e-02  -4.78969e-02  -4.23193e-01  -4.13619e-01   2.35690e-01  -4.11820e-01  -5.75035e-01  -2.10216e-02   1.50068e-02  -2.43317e-02  -4.85220e-01  -3.83814e-01  -3.27026e-01
T14   -4.58119e-01   4.86961e-02   2.52102e-02   4.30927e-02   1.47737e-01  -1.19065e-01   4.92319e-02   2.41280e-01  -3.39185e-02   3.83514e-03   1.12396e-01   9.73506e-02   2.95896e-01  -1.25893e-03  -2.10216e-02  -7.60663e-02   6.34806e-02   5.26564e-02  -2.94032e-01  -2.03700e-01   5.38295e-02
T15   -6.66714e-01   5.15662e-02   8.49279e-02  -4.63377e-02   2.66427e-02  -1.19142e-01   5.21671e-02   1.52531e-01  -5.32346e-02  -4.82568e-02   6.15168e-02   1.44263e-01   1.45614e-01   4.41339e-02   1.50068e-02   6.34806e-02  -1.08316e-01  -3.48033e-02  -1.26503e-02   2.97731e-03   3.08941e-02
T16   -4.64739e-01   2.05267e-02   1.10407e-01  -1.40337e-02   8.33332e-02  -7.55514e-02   4.47915e-02   1.77087e-01  -2.09231e-02  -3.97205e-03  -5.45355e-02   4.97871e-02   1.71724e-01  -3.05666e-03  -2.43317e-02   5.26564e-02  -3.48033e-02  -1.10582e-01  -2.16884e-02  -1.84096e-02  -9.58973e-02
T17    2.16492e+00  -8.33557e-02  -1.23789e-01   2.57354e-02   4.91164e-02  -3.18304e-01  -8.12887e-02   3.56172e-02  -4.79983e-02  -2.09283e-01  -2.86680e-01  -3.52547e-01   1.58001e-01  -3.87840e-01  -4.85220e-01  -2.94032e-01  -1.26503e-02  -2.16884e-02  -6.66878e-01  -3.57852e-01  -2.33189e-01
T18    8.54132e-01  -2.45475e-02  -3.28127e-02  -1.01053e-02  -2.42724e-02  -1.83794e-01   7.90056e-03  -1.68028e-02  -3.07069e-02  -1.52777e-01  -2.77608e-01  -2.25561e-01  -3.09680e-03  -2.42850e-01  -3.83814e-01  -2.03700e-01   2.97731e-03  -1.84096e-02  -3.57852e-01  -2.66828e-01  -1.83925e-01
T19    2.14595e-01  -1.93735e-01   1.80646e-01   1.84647e-01   2.66512e-01  -2.75243e-01   1.57309e-01   2.48223e-01   1.04658e-02   7.18002e-02  -3.97289e-01  -3.48116e-01   2.45253e-01  -2.30846e-01  -3.27026e-01   5.38295e-02   3.08941e-02  -9.58973e-02  -2.33189e-01  -1.83925e-01  -4.38352e-01
