T0   -6.26388e-01  -2.11746e-01   3.86863e-01   3.90161e-01   5.80423e-01  -3.29394e-01   3.49990e-01   6.15424e-01   1.10717e-01   1.44540e-01  -5.20132e-01  -5.36536e-01   7.55803e-01  -4.00674e-01  -4.99117e-01   1.48333e-01   2.37246e-01   1.77850e-02  -3.03509e-01  -2.65518e-01  -5.14529e-01
T1   -5.66359e-01   3.86863e-01   7.02627e-01   3.99119e-01  -5.73065e-01   4.14628e-02   3.15344e-01  -5.15030e-01   2.32732e-01   3.48201e-01   2.01622e-01   1.00657e-01   1.41437e+00   9.10648e-02  -3.81049e-02   3.71189e-01   3.30662e-01   3.14698e-01  -3.26060e-01  -1.75158e-01   1.86323e-01
T2   -5.24913e-01   3.90161e-01   3.99119e-01  -1.95350e-01   1.61689e-01   6.43678e-02   1.83473e-01   4.17696e-01   8.95947e-02   1.33917e-01   2.97948e-01   3.75082e-01   4.04910e-01   1.47439e-01   1.69856e-01   2.66876e-01   4.08164e-02   4.24365e-02   1.17697e-01  -1.85282e-02   2.86400e-01
T3   -9.54064e-01   5.80423e-01  -5.73065e-01   1.61689e-01   8.72816e-01   3.38076e-01   5.11320e-01   1.30670e+00   3.72319e-01  -3.52771e-01   5.90275e-01   6.32000e-01  -3.09280e-01   5.01613e-01   5.81074e-01   5.26015e-01   9.55007e-02   1.84137e-01   2.93206e-01  -1.27162e-01   5.36364e-01
T4    2.19808e+00  -3.29394e-01   4.14628e-02   6.43678e-02   3.38076e-01  -2.33303e+00   3.52247e-02   3.27240e-01  -2.03092e-01  -4.87218e-01  -6.79367e-01  -7.09760e-01   2.58761e-01  -6.87886e-01  -7.64715e-01  -3.24553e-01  -9.10037e-02  -1.72680e-01  -6.04698e-01  -4.53678e-01  -6.90221e-01
T5   -4.15791e-01   3.49990e-01   3.15344e-01   1.83473e-01   5.11320e-01   3.52247e-02   2.00067e-01   6.27802e-01   3.08838e-01   1.81525e-01   1.17035e-01   7.38966e-02   5.27091e-01   1.40479e-02   4.28807e-02   2.44803e-01   2.11392e-01   8.88878e-02  -4.69120e-02  -2.74390e-02   9.77593e-02
T6   -1.10283e+00   6.15424e-01  -5.15030e-01   4.17696e-01   1.30670e+00   3.27240e-01   6.27802e-01   1.41166e+00   6.36966e-01  -2.10101e-01   3.62474e-01   3.91695e-01  -3.15322e-01   3.59245e-01   3.73908e-01   5.36699e-01   2.70966e-01   2.80236e-01   2.22776e-01  -7.45828e-02   3.26816e-01
T7   -8.98676e-01   1.10717e-01   2.32732e-01   8.95947e-02   3.72319e-01  -2.03092e-01   3.08838e-01   6.36966e-01  -1.52227e-01   1.36773e-01   7.22558e-02   1.34522e-01   5.01737e-01  -6.06427e-02  -6.82896e-02   1.81732e-01   1.03496e-01   8.62438e-02  -8.14684e-02  -4.77481e-02  -2.67631e-03
T8    5.07281e-01   1.44540e-01   3.48201e-01   1.33917e-01  -3.52771e-01  -4.87218e-01   1.81525e-01  -2.10101e-01   1.36773e-01  -5.31663e-01   6.51807e-02  -1.89785e-02   6.65768e-01  -2.04193e-01  -2.70475e-01   9.45852e-02  -7.89144e-02  -6.08171e-03  -3.56973e-01  -3.89170e-01   2.70027e-02
T9    4.66290e-01  -5.20132e-01   2.01622e-01   2.97948e-01   5.90275e-01  -6.79367e-01   1.17035e-01   3.62474e-01   7.22558e-02   6.51807e-02  -9.91045e-01  -8.80952e-01   3.27273e-01  -7.18918e-01  -7.12975e-01   2.89539e-02   9.72890e-02  -1.01370e-01  -3.59360e-01  -5.28649e-01  -8.60352e-01
T10   -3.41528e-02  -5.36536e-01   1.00657e-01   3.75082e-01   6.32000e-01  -7.09760e-01   7.38966e-02   3.91695e-01   1.34522e-01  -1.89785e-02  -8.80952e-01  -9.45214e-01   3.53204e-01  -6.78136e-01  -7.07152e-01  -7.59874e-02   1.30005e-01  -4.35026e-02  -4.28429e-01  -5.17154e-01  -8.55877e-01
T11   -1.00965e+00   7.55803e-01   1.41437e+00   4.04910e-01  -3.09280e-01   2.58761e-01   5.27091e-01  -3.15322e-01   5.01737e-01   6.65768e-01   3.27273e-01   3.53204e-01   1.71176e+00   3.46482e-01   2.67479e-01   9.03473e-01   4.73946e-01   3.98777e-01   1.13616e-01  -1.25732e-01   3.10160e-01
T12    1.55745e+00  -4.00674e-01   9.10648e-02   1.47439e-01   5.01613e-01  -6.87886e-01   1.40479e-02   3.59245e-01  -6.06427e-02  -2.04193e-01  -7.18918e-01  -6.78136e-01   3.46482e-01  -1.11646e+00  -8.10913e-01  -2.25611e-01   2.43456e-02  -8.08942e-02  -6.11632e-01  -5.81231e-01  -6.59247e-01
T13    7.32713e-01  -4.99117e-01  -3.81049e-02   1.69856e-01   5.81074e-01  -7.64715e-01   4.28807e-02   3.73908e-01  -6.82896e-02  -2.70475e-01  -7.12975e-01  -7.07152e-01   2.67479e-01  -8.10913e-01  -9.49230e-01  -2.70040e-01  -2.83436e-02   3.14302e-02  -6.10932e-01  -6.49383e-01  -6.58473e-01
T14   -4.33469e-01   1.48333e-01   3.71189e-01   2.66876e-01   5.26015e-01  -3.24553e-01   2.44803e-01   5.36699e-01   1.81732e-01   9.45852e-02   2.89539e-02  -7.59874e-02   9.03473e-01  -2.25611e-01  -2.70040e-01   1.44427e-01   2.60234e-01   1.91202e-01  -5.67519e-01  -4.85018e-01  -3.93317e-02
T15   -7.18650e-01   2.37246e-01   3.30662e-01   4.08164e-02   9.55007e-02  -9.10037e-02   2.11392e-01   2.70966e-01   1.03496e-01  -7.89144e-02   9.72890e-02   1.30005e-01   4.73946e-01   2.43456e-02  -2.83436e-02   2.60234e-01   2.50895e-03   1.06787e-02  -6.92222e-03   4.37975e-03   4.24389e-02
T16   -4.94431e-01   1.77850e-02   3.14698e-01   4.24365e-02   1.84137e-01  -1.72680e-01   8.88878e-02   2.80236e-01   8.62438e-02  -6.08171e-03  -1.01370e-01  -4.35026e-02   3.98777e-01  -8.08942e-02   3.14302e-02   1.91202e-01   1.06787e-02  -1.86291e-01   1.92884e-01   1.68357e-02  -1.81982e-01
T17    1.39840e+00  -3.03509e-01  -3.26060e-01   1.17697e-01   2.93206e-01  -6.04698e-01  -4.69120e-02   2.22776e-01  -8.14684e-02  -3.56973e-01  -3.59360e-01  -4.28429e-01   1.13616e-01  -6.11632e-01  -6.10932e-01  -5.67519e-01  -6.92222e-03   1.92884e-01  -5.83779e-01  -3.04993e-01  -2.80957e-01
T18    6.81933e-01  -2.65518e-01  -1.75158e-01  -1.85282e-02  -1.27162e-01  -4.53678e-01  -2.74390e-02  -7.45828e-02  -4.77481e-02  -3.89170e-01  -5.28649e-01  -5.17154e-01  -1.25732e-01  -5.81231e-01  -6.49383e-01  -4.85018e-01   4.37975e-03   1.68357e-02  -3.04993e-01  -4.28992e-01  -4.38829e-01
T19    2.37223e-01  -5.14529e-01   1.86323e-01   2.86400e-01   5.36364e-01  -6.90221e-01   9.77593e-02   3.26816e-01  -2.67631e-03   2.70027e-02  -8.60352e-01  -8.55877e-01   3.10160e-01  -6.59247e-01  -6.58473e-01  -3.93317e-02   4.24389e-02  -1.81982e-01  -2.80957e-01  -4.38829e-01  -9.14186e-01
