T0   -8.79037e-01  -1.61189e-01   2.88563e-01   2.67106e-01   3.59379e-01  -1.54919e-01   2.72383e-01   4.83226e-01  -1.64884e-02   1.67673e-01  -2.04264e-01  -1.79178e-01   5.25377e-01  -1.29195e-01  -1.88100e-01   1.06663e-01   1.14868e-01   4.51702e-02  -1.58371e-01  -5.11206e-02  -2.36659e-01
T1   -6.46873e-01   2.88563e-01   4.98658e-01   2.21278e-01  -4.88176e-01   1.06611e-01   1.94632e-01  -4.84179e-01   6.92196e-02   2.26897e-01   1.63333e-01   6.97446e-02   9.92688e-01   1.08009e-01  -1.74738e-02   1.09546e-01   1.62116e-01   1.46792e-01  -2.47631e-01  -1.06808e-01   1.75383e-01
T2   -6.59924e-01   2.67106e-01   2.21278e-01  -1.78728e-01   6.21014e-02   2.55679e-02   1.36880e-01   2.71224e-01  -4.05403e-02   8.90502e-02   2.56450e-01   3.53273e-01   2.18490e-01   1.61554e-01   1.17695e-01   9.65212e-02  -8.46981e-03   1.82804e-02  -5.82142e-03  -1.45670e-02   2.57495e-01
T3   -1.12008e+00   3.59379e-01  -4.88176e-01   6.21014e-02   5.05350e-01   2.36567e-01   2.98542e-01   7.89151e-01   8.85844e-02  -2.46541e-01   4.71254e-01   5.26254e-01  -3.33532e-01   3.46242e-01   3.28484e-01   2.77862e-01   8.20054e-02   1.55286e-01   5.52265e-02  -5.18189e-02   4.15745e-01
T4    2.07849e+00  -1.54919e-01   1.06611e-01   2.55679e-02   2.36567e-01  -1.57175e+00   1.01277e-01   3.37565e-01  -1.55070e-01  -2.07171e-01  -3.37279e-01  -3.21284e-01   2.49653e-01  -3.58615e-01  -4.73517e-01  -1.38929e-01  -9.55960e-02  -7.24934e-02  -4.53778e-01  -2.60420e-01  -3.52439e-01
T5   -6.50898e-01   2.72383e-01   1.94632e-01   1.36880e-01   2.98542e-01   1.01277e-01   1.45670e-01   4.13219e-01   1.20946e-01   1.62003e-01   1.65668e-01   1.76290e-01   4.10358e-01   9.09441e-02   4.60950e-02   1.41085e-01   1.29939e-01   9.29390e-02  -1.74630e-01  -2.98975e-02   1.93371e-01
T6   -1.36113e+00   4.83226e-01  -4.84179e-01   2.71224e-01   7.89151e-01   3.37565e-01   4.13219e-01   8.43156e-01   3.30505e-01  -1.21494e-01   3.41615e-01   3.97057e-01  -3.02232e-01   3.18365e-01   2.21976e-01   3.87459e-01   2.33897e-01   2.60686e-01  -3.35250e-02  -5.59562e-02   3.44186e-01
T7   -8.46830e-01  -1.64884e-02   6.92196e-02  -4.05403e-02   8.85844e-02  -1.55070e-01   1.20946e-01   3.30505e-01  -1.48839e-01   3.65411e-03   8.29055e-02   1.88068e-01   2.24568e-01   9.13846e-03  -6.67024e-03  -1.93223e-03  -4.33517e-02  -8.71222e-03  -7.45448e-02  -2.71762e-02   1.45449e-02
T8    3.88535e-01   1.67673e-01   2.26897e-01   8.90502e-02  -2.46541e-01  -2.07171e-01   1.62003e-01  -1.21494e-01   3.65411e-03  -3.80824e-01   7.91713e-02   6.39017e-02   5.40689e-01  -8.18845e-02  -1.32915e-01   5.29567e-02  -3.80527e-02   3.31715e-03  -3.23162e-01  -2.58079e-01   8.97449e-02
T9    6.10736e-01  -2.04264e-01   1.63333e-01   2.56450e-01   4.71254e-01  -3.37279e-01   1.65668e-01   3.41615e-01   8.29055e-02   7.91713e-02  -6.98440e-01  -5.89009e-01   2.34175e-01  -4.41820e-01  -6.05974e-01   9.60580e-02   1.07440e-01  -6.00068e-02  -4.31093e-01  -4.06123e-01  -5.13082e-01
T10   -2.15372e-02  -1.79178e-01   6.97446e-02   3.53273e-01   5.26254e-01  -3.21284e-01   1.76290e-01   3.97057e-01   1.88068e-01   6.39017e-02  -5.89009e-01  -6.47730e-01   3.23081e-01  -4.09296e-01  -6.01513e-01   7.64506e-02   1.85755e-01   3.02745e-02  -5.27912e-01  -3.68056e-01  -4.80724e-01
T11   -1.26305e+00   5.25377e-01   9.92688e-01   2.18490e-01  -3.33532e-01   2.49653e-01   4.10358e-01  -3.02232e-01   2.24568e-01   5.40689e-01   2.34175e-01   3.23081e-01   9.96292e-01   3.06126e-01   1.93905e-01   5.03922e-01   2.52743e-01   2.44725e-01   7.25628e-02  -5.22307e-02   2.90034e-01
T12    1.51715e+00  -1.29195e-01   1.08009e-01   1.61554e-01   3.46242e-01  -3.58615e-01   9.09441e-02   3.18365e-01   9.13846e-03  -8.18845e-02  -4.41820e-01  -4.09296e-01   3.06126e-01  -7.63575e-01  -5.93964e-01  -2.34166e-02   8.12961e-02  -9.62105e-03  -5.64061e-01  -3.79302e-01  -3.35247e-01
T13    1.28408e+00  -1.88100e-01  -1.74738e-02   1.17695e-01   3.28484e-01  -4.73517e-01   4.60950e-02   2.21976e-01  -6.67024e-03  -1.32915e-01  -6.05974e-01  -6.01513e-01   1.93905e-01  -5.93964e-01  -7.99064e-01  -1.07246e-01   3.40826e-03  -6.84524e-02  -6.81584e-01  -5.60439e-01  -4.76328e-01
T14   -5.31543e-01   1.06663e-01   1.09546e-01   9.65212e-02   2.77862e-01  -1.38929e-01   1.41085e-01   3.87459e-01  -1.93223e-03   5.29567e-02   9.60580e-02   7.64506e-02   5.03922e-01  -2.34166e-02  -1.07246e-01  -1.53700e-02   1.10107e-01   7.85225e-02  -4.36003e-01  -2.89435e-01   6.46230e-02
T15   -7.95748e-01   1.14868e-01   1.62116e-01  -8.46981e-03   8.20054e-02  -9.55960e-02   1.29939e-01   2.33897e-01  -4.33517e-02  -3.80527e-02   1.07440e-01   1.85755e-01   2.52743e-01   8.12961e-02   3.40826e-03   1.10107e-01  -7.34736e-02  -7.21494e-03  -4.22434e-02   9.49553e-03   5.99703e-02
T16   -5.43115e-01   4.51702e-02   1.46792e-01   1.82804e-02   1.55286e-01  -7.24934e-02   9.29390e-02   2.60686e-01  -8.71222e-03   3.31715e-03  -6.00068e-02   3.02745e-02   2.44725e-01  -9.62105e-03  -6.84524e-02   7.85225e-02  -7.21494e-03  -1.16296e-01  -5.88362e-02  -2.45746e-02  -9.81400e-02
T17    2.34164e+00  -1.58371e-01  -2.47631e-01  -5.82142e-03   5.52265e-02  -4.53778e-01  -1.74630e-01  -3.35250e-02  -7.45448e-02  -3.23162e-01  -4.31093e-01  -5.27912e-01   7.25628e-02  -5.64061e-01  -6.81584e-01  -4.36003e-01  -4.22434e-02  -5.88362e-02  -8.08885e-01  -5.15335e-01  -3.63167e-01
T18    9.45501e-01  -5.11206e-02  -1.06808e-01  -1.45670e-02  -5.18189e-02  -2.60420e-01  -2.98975e-02  -5.59562e-02  -2.71762e-02  -2.58079e-01  -4.06123e-01  -3.68056e-01  -5.22307e-02  -3.79302e-01  -5.60439e-01  -2.89435e-01   9.49553e-03  -2.45746e-02  -5.15335e-01  -3.87658e-01  -2.78747e-01
T19    1.53633e-01  -2.36659e-01   1.75383e-01   2.57495e-01   4.15745e-01  -3.52439e-01   1.93371e-01   3.44186e-01   1.45449e-02   8.97449e-02  -5.13082e-01  -4.80724e-01   2.90034e-01  -3.35247e-01  -4.76328e-01   6.46230e-02   5.99703e-02  -9.81400e-02  -3.63167e-01  -2.78747e-01  -5.41339e-01
