T0   -4.45240e-01  -7.81589e-02   1.94250e-02   5.09241e-02   2.74103e-02  -5.90276e-03   2.23094e-02   4.61094e-02  -2.58584e-02   1.98437e-02  -2.37043e-02  -4.16974e-02   8.42473e-02  -2.70506e-02  -1.33773e-02   8.89757e-03   1.99671e-02   3.66766e-04  -1.55368e-02   1.01353e-02  -4.29405e-02
T1   -1.05665e+00   1.94250e-02   5.19214e-02   7.95862e-02  -6.69185e-02   1.34942e-03   6.74976e-02  -5.70040e-02   2.28734e-02   3.80524e-02   4.20897e-02   5.25847e-04   2.33654e-01  -3.80770e-04   5.15865e-03   5.37207e-03   4.84397e-02   6.11063e-02  -1.30729e-02   1.37122e-02   1.82446e-02
T2   -7.88043e-01   5.09241e-02   7.95862e-02  -8.18383e-02   2.18982e-02   1.35198e-02   2.73195e-02   8.34252e-02  -5.72380e-03   2.86624e-02   8.06908e-03   5.07363e-02   3.86011e-02  -4.21896e-03   3.11933e-03   3.59274e-02  -1.18629e-02  -1.05442e-04  -1.09754e-03  -2.96347e-02   4.50002e-02
T3   -1.37208e+00   2.74103e-02  -6.69185e-02   2.18982e-02   7.45110e-02   5.43410e-02   6.96501e-02   1.46091e-01  -1.78936e-03  -1.73535e-02   3.85241e-02   4.84917e-02  -2.00619e-02   2.56727e-02   3.44974e-02   3.40705e-02   3.57068e-02   2.78585e-02  -6.70999e-03  -7.48021e-04   4.29179e-02
T4    2.37098e+00  -5.90276e-03   1.34942e-03   1.35198e-02   5.43410e-02  -4.71105e-01   5.20942e-04   5.72526e-02  -1.20957e-02  -5.79534e-02  -5.11563e-02  -4.97868e-02   2.27922e-02  -7.98044e-02  -7.32193e-02  -1.29895e-02  -3.48513e-02  -7.37356e-03  -7.03872e-02  -3.50077e-02  -5.31462e-02
T5   -8.76131e-01   2.23094e-02   6.74976e-02   2.73195e-02   6.96501e-02   5.20942e-04  -2.33527e-02   1.07510e-01   4.07025e-02   3.56640e-02   2.07025e-02  -4.18316e-03   1.25351e-01  -1.16552e-02  -4.40040e-03   2.16815e-02   2.47401e-02   3.04558e-02  -3.70589e-02  -6.27028e-03   3.22608e-02
T6   -1.80090e+00   4.61094e-02  -5.70040e-02   8.34252e-02   1.46091e-01   5.72526e-02   1.07510e-01   1.12106e-01   5.38010e-02   1.19074e-02   1.42735e-02   1.90931e-02  -1.33847e-02   1.48313e-02   1.42909e-02   6.89177e-02   7.63438e-02   7.81261e-02   4.20326e-03   2.18655e-04   3.27780e-02
T7   -6.37066e-01  -2.58584e-02   2.28734e-02  -5.72380e-03  -1.78936e-03  -1.20957e-02   4.07025e-02   5.38010e-02  -6.88069e-02  -1.60556e-02   1.30094e-02   2.34963e-02   7.28421e-02  -1.47538e-02   1.17461e-02  -1.33546e-02  -1.17935e-02  -1.01109e-02  -2.43064e-03   9.21060e-03  -4.86051e-03
T8    3.73597e-01   1.98437e-02   3.80524e-02   2.86624e-02  -1.73535e-02  -5.79534e-02   3.56640e-02   1.19074e-02  -1.60556e-02  -1.43950e-01   1.80438e-02   7.50603e-03   1.30418e-01  -3.60289e-02  -3.00558e-02  -2.06967e-03   5.42077e-04   1.30100e-02  -5.76861e-02  -2.88233e-02   1.86339e-02
T9    9.59767e-01  -2.37043e-02   4.20897e-02   8.06908e-03   3.85241e-02  -5.11563e-02   2.07025e-02   1.42735e-02   1.30094e-02   1.80438e-02  -1.54788e-01  -8.67243e-02  -1.51701e-02  -5.37425e-02  -8.85166e-02   3.68640e-02  -4.08303e-03  -2.07356e-02  -1.43010e-02  -4.51893e-02  -8.96723e-02
T10    2.55932e-01  -4.16974e-02   5.25847e-04   5.07363e-02   4.84917e-02  -4.97868e-02  -4.18316e-03   1.90931e-02   2.34963e-02   7.50603e-03  -8.67243e-02  -1.19860e-01   3.41873e-02  -3.75555e-02  -8.01881e-02   1.92679e-02   3.00751e-03  -3.71578e-03  -4.28929e-02  -2.30825e-02  -7.63586e-02
T11   -1.81545e+00   8.42473e-02   2.33654e-01   3.86011e-02  -2.00619e-02   2.27922e-02   1.25351e-01  -1.33847e-02   7.28421e-02   1.30418e-01  -1.51701e-02   3.41873e-02   7.02170e-02   1.48737e-02   3.11469e-03   9.32876e-02   7.39722e-02   8.33190e-02   5.13307e-02  -9.30251e-03   2.65192e-02
T12    1.89830e+00  -2.70506e-02  -3.80770e-04  -4.21896e-03   2.56727e-02  -7.98044e-02  -1.16552e-02   1.48313e-02  -1.47538e-02  -3.60289e-02  -5.37425e-02  -3.75555e-02   1.48737e-02  -2.81689e-01  -6.64139e-02   3.15621e-03  -4.93033e-03  -8.86061e-03  -3.63843e-02  -3.32327e-02  -3.59861e-02
T13    1.34704e+00  -1.33773e-02   5.15865e-03   3.11933e-03   3.44974e-02  -7.32193e-02  -4.40040e-03   1.42909e-02   1.17461e-02  -3.00558e-02  -8.85166e-02  -8.01881e-02   3.11469e-03  -6.64139e-02  -1.33405e-01   9.80805e-03  -1.61619e-02  -1.92635e-02  -8.57427e-02  -7.77115e-02  -6.60338e-02
T14   -6.51997e-01   8.89757e-03   5.37207e-03   3.59274e-02   3.40705e-02  -1.29895e-02   2.16815e-02   6.89177e-02  -1.33546e-02  -2.06967e-03   3.68640e-02   1.92679e-02   9.32876e-02   3.15621e-03   9.80805e-03  -6.17678e-02   3.01537e-02   2.33447e-02  -5.60304e-02  -2.69271e-02   1.33291e-02
T15   -7.14297e-01   1.99671e-02   4.84397e-02  -1.18629e-02   3.57068e-02  -3.48513e-02   2.47401e-02   7.63438e-02  -1.17935e-02   5.42077e-04  -4.08303e-03   3.00751e-03   7.39722e-02  -4.93033e-03  -1.61619e-02   3.01537e-02  -4.15332e-02  -6.56052e-03  -1.45867e-02  -9.76692e-03   6.82279e-03
T16   -4.71498e-01   3.66766e-04   6.11063e-02  -1.05442e-04   2.78585e-02  -7.37356e-03   3.04558e-02   7.81261e-02  -1.01109e-02   1.30100e-02  -2.07356e-02  -3.71578e-03   8.33190e-02  -8.86061e-03  -1.92635e-02   2.33447e-02  -6.56052e-03  -4.01210e-02  -1.04771e-02  -1.28426e-02  -2.77515e-02
T17    2.08653e+00  -1.55368e-02  -1.30729e-02  -1.09754e-03  -6.70999e-03  -7.03872e-02  -3.70589e-02   4.20326e-03  -2.43064e-03  -5.76861e-02  -1.43010e-02  -4.28929e-02   5.13307e-02  -3.63843e-02  -8.57427e-02  -5.60304e-02  -1.45867e-02  -1.04771e-02  -2.24693e-01  -7.76383e-02  -2.71280e-02
T18    8.42435e-01   1.01353e-02   1.37122e-02  -2.96347e-02  -7.48021e-04  -3.50077e-02  -6.27028e-03   2.18655e-04   9.21060e-03  -2.88233e-02  -4.51893e-02  -2.30825e-02  -9.30251e-03  -3.32327e-02  -7.77115e-02  -2.69271e-02  -9.76692e-03  -1.28426e-02  -7.76383e-02  -8.41426e-02  -1.95728e-02
T19    4.94763e-01  -4.29405e-02   1.82446e-02   4.50002e-02   4.29179e-02  -5.31462e-02   3.22608e-02   3.27780e-02  -4.86051e-03   1.86339e-02  -8.96723e-02  -7.63586e-02   2.65192e-02  -3.59861e-02  -6.60338e-02   1.33291e-02   6.82279e-03  -2.77515e-02  -2.71280e-02  -1.95728e-02  -1.15349e-01
