T0   -4.00468e-01  -6.57130e-02   1.51029e-02   3.33385e-02   1.14417e-02   2.59805e-03   1.17191e-02   2.73211e-02  -2.14922e-02   1.24264e-02  -1.08547e-02  -2.74297e-02   6.03863e-02  -1.54848e-02  -8.99494e-04   3.96505e-03   1.14563e-02  -3.67314e-03  -3.17067e-03   1.38638e-02  -2.88297e-02
T1   -1.07511e+00   1.51029e-02   3.46881e-02   7.41630e-02  -3.60603e-02   1.44218e-03   6.37827e-02  -3.02455e-02   1.89423e-02   3.19945e-02   2.23795e-02  -1.20264e-02   1.87441e-01  -1.41051e-02  -9.56131e-03   6.94754e-03   4.54066e-02   5.33955e-02  -2.47070e-02   4.43324e-03   5.91534e-03
T2   -7.65951e-01   3.33385e-02   7.41630e-02  -6.70097e-02   1.81415e-02   1.25831e-02   2.34230e-02   6.98859e-02  -6.26508e-03   2.66634e-02  -1.62914e-03   3.35830e-02   3.60439e-02  -2.89178e-03  -7.07957e-04   2.95442e-02  -1.27253e-02   6.47608e-04  -2.67902e-03  -2.51417e-02   3.05710e-02
T3   -1.35466e+00   1.14417e-02  -3.60603e-02   1.81415e-02   5.14780e-02   3.63816e-02   5.62645e-02   1.12071e-01  -4.69811e-04  -2.40633e-03   2.01253e-02   2.95863e-02  -2.14417e-03   1.27711e-02   2.03115e-02   2.55764e-02   2.93455e-02   2.28755e-02  -1.16270e-02  -1.19517e-03   2.64982e-02
T4    2.29236e+00   2.59805e-03   1.44218e-03   1.25831e-02   3.63816e-02  -3.89741e-01  -7.35653e-04   4.22970e-02  -4.34697e-03  -5.15795e-02  -3.46521e-02  -3.21081e-02   1.66025e-02  -5.42047e-02  -4.71242e-02  -1.06613e-02  -3.00584e-02  -4.77175e-03  -4.96791e-02  -1.85102e-02  -3.40036e-02
T5   -8.72800e-01   1.17191e-02   6.37827e-02   2.34230e-02   5.62645e-02  -7.35653e-04  -2.76532e-02   8.86205e-02   3.06183e-02   3.16037e-02   7.71421e-03  -1.19129e-02   1.09780e-01  -1.52189e-02  -6.68689e-03   1.98953e-02   1.96248e-02   2.40827e-02  -3.39709e-02  -6.57430e-03   2.03821e-02
T6   -1.80547e+00   2.73211e-02  -3.02455e-02   6.98859e-02   1.12071e-01   4.22970e-02   8.86205e-02   8.54422e-02   3.85432e-02   1.39058e-02  -1.87983e-03   2.96185e-03   3.26252e-03   5.95214e-03   9.23358e-04   5.15665e-02   6.48539e-02   6.20292e-02   1.04868e-03   4.85293e-04   1.82388e-02
T7   -5.78606e-01  -2.14922e-02   1.89423e-02  -6.26508e-03  -4.69811e-04  -4.34697e-03   3.06183e-02   3.85432e-02  -5.54270e-02  -1.25083e-02   7.85259e-03   1.96169e-02   5.73266e-02  -1.02065e-02   8.54478e-03  -9.98246e-03  -7.72121e-03  -1.03924e-02  -2.92693e-03   7.27644e-03  -8.32892e-03
T8    3.89780e-01   1.24264e-02   3.19945e-02   2.66634e-02  -2.40633e-03  -5.15795e-02   3.16037e-02   1.39058e-02  -1.25083e-02  -1.10885e-01   8.26377e-03  -9.88495e-04   1.12409e-01  -3.45206e-02  -2.79720e-02  -3.77611e-03   7.37854e-03   1.22308e-02  -4.70857e-02  -2.35200e-02   9.64454e-03
T9    9.52701e-01  -1.08547e-02   2.23795e-02  -1.62914e-03   2.01253e-02  -3.46521e-02   7.71421e-03  -1.87983e-03   7.85259e-03   8.26377e-03  -1.14363e-01  -5.55793e-02  -2.67649e-02  -3.32409e-02  -5.63440e-02   2.59745e-02  -6.86711e-03  -1.61340e-02   3.97051e-03  -2.68556e-02  -5.91881e-02
T10    2.46225e-01  -2.74297e-02  -1.20264e-02   3.35830e-02   2.95863e-02  -3.21081e-02  -1.19129e-02   2.96185e-03   1.96169e-02  -9.88495e-04  -5.55793e-02  -8.58623e-02   1.46542e-02  -1.82112e-02  -5.05936e-02   1.06594e-02  -2.48937e-03  -2.66144e-03  -2.24317e-02  -1.05011e-02  -5.01532e-02
T11   -1.83826e+00   6.03863e-02   1.87441e-01   3.60439e-02  -2.14417e-03   1.66025e-02   1.09780e-01   3.26252e-03   5.73266e-02   1.12409e-01  -2.67649e-02   1.46542e-02   5.07434e-02  -2.71362e-03  -1.02896e-02   7.42352e-02   6.12760e-02   6.43933e-02   2.71042e-02  -1.35360e-02   1.02047e-02
T12    1.90095e+00  -1.54848e-02  -1.41051e-02  -2.89178e-03   1.27711e-02  -5.42047e-02  -1.52189e-02   5.95214e-03  -1.02065e-02  -3.45206e-02  -3.32409e-02  -1.82112e-02  -2.71362e-03  -2.38970e-01  -3.70649e-02  -6.95331e-03  -6.60490e-03  -7.30023e-03  -2.04925e-02  -1.33184e-02  -1.71268e-02
T13    1.30685e+00  -8.99494e-04  -9.56131e-03  -7.07957e-04   2.03115e-02  -4.71242e-02  -6.68689e-03   9.23358e-04   8.54478e-03  -2.79720e-02  -5.63440e-02  -5.05936e-02  -1.02896e-02  -3.70649e-02  -9.77805e-02   1.99200e-03  -1.51113e-02  -1.38607e-02  -5.62767e-02  -5.59137e-02  -4.14863e-02
T14   -6.18674e-01   3.96505e-03   6.94754e-03   2.95442e-02   2.55764e-02  -1.06613e-02   1.98953e-02   5.15665e-02  -9.98246e-03  -3.77611e-03   2.59745e-02   1.06594e-02   7.42352e-02  -6.95331e-03   1.99200e-03  -5.10179e-02   2.76065e-02   1.66528e-02  -4.22172e-02  -1.80865e-02   7.76478e-03
T15   -6.71453e-01   1.14563e-02   4.54066e-02  -1.27253e-02   2.93455e-02  -3.00584e-02   1.96248e-02   6.48539e-02  -7.72121e-03   7.37854e-03  -6.86711e-03  -2.48937e-03   6.12760e-02  -6.60490e-03  -1.51113e-02   2.76065e-02  -3.76341e-02  -8.85777e-03  -1.13835e-02  -7.45420e-03   1.77505e-03
T16   -4.26616e-01  -3.67314e-03   5.33955e-02   6.47608e-04   2.28755e-02  -4.77175e-03   2.40827e-02   6.20292e-02  -1.03924e-02   1.22308e-02  -1.61340e-02  -2.66144e-03   6.43933e-02  -7.30023e-03  -1.38607e-02   1.66528e-02  -8.85777e-03  -3.89740e-02  -7.38856e-03  -8.63553e-03  -2.32356e-02
T17    2.02893e+00  -3.17067e-03  -2.47070e-02  -2.67902e-03  -1.16270e-02  -4.96791e-02  -3.39709e-02   1.04868e-03  -2.92693e-03  -4.70857e-02   3.97051e-03  -2.24317e-02   2.71042e-02  -2.04925e-02  -5.62767e-02  -4.22172e-02  -1.13835e-02  -7.38856e-03  -1.85159e-01  -5.98944e-02  -7.23593e-03
T18    8.00958e-01   1.38638e-02   4.43324e-03  -2.51417e-02  -1.19517e-03  -1.85102e-02  -6.57430e-03   4.85293e-04   7.27644e-03  -2.35200e-02  -2.68556e-02  -1.05011e-02  -1.35360e-02  -1.33184e-02  -5.59137e-02  -1.80865e-02  -7.45420e-03  -8.63553e-03  -5.98944e-02  -7.26744e-02  -8.01532e-03
T19    4.89315e-01  -2.88297e-02   5.91534e-03   3.05710e-02   2.64982e-02  -3.40036e-02   2.03821e-02   1.82388e-02  -8.32892e-03   9.64454e-03  -5.91881e-02  -5.01532e-02   1.02047e-02  -1.71268e-02  -4.14863e-02   7.76478e-03   1.77505e-03  -2.32356e-02  -7.23593e-03  -8.01532e-03  -8.55970e-02
