T0   -4.19287e-01  -7.24629e-02   1.77732e-02   4.10403e-02   1.83938e-02  -9.76668e-04   1.64662e-02   3.46442e-02  -2.33812e-02   1.58216e-02  -1.48567e-02  -3.28650e-02   6.98139e-02  -2.00339e-02  -6.25399e-03   5.27954e-03   1.47237e-02  -2.98468e-03  -7.77641e-03   1.25292e-02  -3.39282e-02
T1   -1.06447e+00   1.77732e-02   4.15231e-02   7.63618e-02  -4.78254e-02   6.96488e-04   6.52865e-02  -4.17646e-02   2.19966e-02   3.39376e-02   2.98983e-02  -8.28610e-03   2.05801e-01  -1.11552e-02  -5.36600e-03   6.67286e-03   4.75579e-02   5.77580e-02  -2.25076e-02   7.53794e-03   1.00786e-02
T2   -7.80396e-01   4.10403e-02   7.63618e-02  -7.53818e-02   1.93399e-02   1.45382e-02   2.39335e-02   7.69719e-02  -6.38765e-03   2.77372e-02   1.90169e-03   4.02195e-02   3.85459e-02  -2.78053e-03   1.83645e-03   3.17013e-02  -1.22733e-02   7.12727e-04  -1.82535e-04  -2.69814e-02   3.51888e-02
T3   -1.36966e+00   1.83938e-02  -4.78254e-02   1.93399e-02   6.03003e-02   4.39229e-02   6.12027e-02   1.25425e-01  -2.13772e-03  -9.07642e-03   2.66449e-02   3.77248e-02  -6.99425e-03   1.87338e-02   2.63393e-02   2.69995e-02   3.11820e-02   2.59975e-02  -8.41206e-03  -7.21728e-04   3.30663e-02
T4    2.32174e+00  -9.76668e-04   6.96488e-04   1.45382e-02   4.39229e-02  -4.23265e-01   1.50782e-03   4.89092e-02  -7.42629e-03  -5.40202e-02  -3.99775e-02  -3.97238e-02   1.96070e-02  -6.49046e-02  -5.72471e-02  -1.05530e-02  -3.15992e-02  -6.27257e-03  -5.93087e-02  -2.31971e-02  -4.13085e-02
T5   -8.77487e-01   1.64662e-02   6.52865e-02   2.39335e-02   6.12027e-02   1.50782e-03  -2.58788e-02   9.75928e-02   3.45354e-02   3.42042e-02   1.13449e-02  -9.25356e-03   1.16860e-01  -1.44345e-02  -6.37425e-03   1.97480e-02   2.35039e-02   2.83022e-02  -3.37575e-02  -8.36643e-03   2.43072e-02
T6   -1.80990e+00   3.46442e-02  -4.17646e-02   7.69719e-02   1.25425e-01   4.89092e-02   9.75928e-02   9.91483e-02   4.50548e-02   1.31955e-02   3.48515e-03   8.62337e-03  -1.87993e-03   9.31561e-03   5.39139e-03   5.84163e-02   6.97045e-02   6.77186e-02   1.57144e-03   1.06880e-03   2.29402e-02
T7   -5.97823e-01  -2.33812e-02   2.19966e-02  -6.38765e-03  -2.13772e-03  -7.42629e-03   3.45354e-02   4.50548e-02  -5.99195e-02  -1.34839e-02   8.48754e-03   2.03770e-02   6.51475e-02  -1.15193e-02   1.05660e-02  -1.22994e-02  -9.57273e-03  -1.20868e-02   7.98762e-05   9.12505e-03  -8.51306e-03
T8    3.81499e-01   1.58216e-02   3.39376e-02   2.77372e-02  -9.07642e-03  -5.40202e-02   3.42042e-02   1.31955e-02  -1.34839e-02  -1.21568e-01   1.15027e-02   2.38191e-03   1.20962e-01  -3.59236e-02  -2.78763e-02  -3.50357e-03   3.51705e-03   1.27311e-02  -5.15682e-02  -2.67449e-02   1.29180e-02
T9    9.55047e-01  -1.48567e-02   2.98983e-02   1.90169e-03   2.66449e-02  -3.99775e-02   1.13449e-02   3.48515e-03   8.48754e-03   1.15027e-02  -1.29829e-01  -6.74716e-02  -2.21285e-02  -4.14180e-02  -6.92177e-02   3.18695e-02  -5.30585e-03  -1.72384e-02  -3.28509e-03  -3.40031e-02  -7.13561e-02
T10    2.53028e-01  -3.28650e-02  -8.28610e-03   4.02195e-02   3.77248e-02  -3.97238e-02  -9.25356e-03   8.62337e-03   2.03770e-02   2.38191e-03  -6.74716e-02  -9.90865e-02   2.10842e-02  -2.56870e-02  -6.26528e-02   1.46613e-02   7.21100e-05  -2.29725e-03  -3.02607e-02  -1.60217e-02  -6.00381e-02
T11   -1.82991e+00   6.98139e-02   2.05801e-01   3.85459e-02  -6.99425e-03   1.96070e-02   1.16860e-01  -1.87993e-03   6.51475e-02   1.20962e-01  -2.21285e-02   2.10842e-02   5.72168e-02   4.42750e-03  -7.99177e-03   8.03648e-02   6.73364e-02   7.27771e-02   3.49242e-02  -1.53597e-02   1.59484e-02
T12    1.90461e+00  -2.00339e-02  -1.11552e-02  -2.78053e-03   1.87338e-02  -6.49046e-02  -1.44345e-02   9.31561e-03  -1.15193e-02  -3.59236e-02  -4.14180e-02  -2.56870e-02   4.42750e-03  -2.55136e-01  -4.85639e-02  -2.51964e-03  -6.09891e-03  -8.03494e-03  -3.00690e-02  -2.11139e-02  -2.42871e-02
T13    1.33492e+00  -6.25399e-03  -5.36600e-03   1.83645e-03   2.63393e-02  -5.72471e-02  -6.37425e-03   5.39139e-03   1.05660e-02  -2.78763e-02  -6.92177e-02  -6.26528e-02  -7.99177e-03  -4.85639e-02  -1.10823e-01   7.07342e-03  -1.61134e-02  -1.61072e-02  -6.67583e-02  -6.54328e-02  -5.13345e-02
T14   -6.33594e-01   5.27954e-03   6.67286e-03   3.17013e-02   2.69995e-02  -1.05530e-02   1.97480e-02   5.84163e-02  -1.22994e-02  -3.50357e-03   3.18695e-02   1.46613e-02   8.03648e-02  -2.51964e-03   7.07342e-03  -5.62224e-02   2.82346e-02   1.83959e-02  -4.75806e-02  -2.01967e-02   1.03107e-02
T15   -6.93477e-01   1.47237e-02   4.75579e-02  -1.22733e-02   3.11820e-02  -3.15992e-02   2.35039e-02   6.97045e-02  -9.57273e-03   3.51705e-03  -5.30585e-03   7.21100e-05   6.73364e-02  -6.09891e-03  -1.61134e-02   2.82346e-02  -4.06275e-02  -8.63735e-03  -1.26642e-02  -7.53232e-03   4.10647e-03
T16   -4.50820e-01  -2.98468e-03   5.77580e-02   7.12727e-04   2.59975e-02  -6.27257e-03   2.83022e-02   6.77186e-02  -1.20868e-02   1.27311e-02  -1.72384e-02  -2.29725e-03   7.27771e-02  -8.03494e-03  -1.61072e-02   1.83959e-02  -8.63735e-03  -4.00484e-02  -7.53304e-03  -1.03790e-02  -2.40010e-02
T17    2.05699e+00  -7.77641e-03  -2.25076e-02  -1.82535e-04  -8.41206e-03  -5.93087e-02  -3.37575e-02   1.57144e-03   7.98762e-05  -5.15682e-02  -3.28509e-03  -3.02607e-02   3.49242e-02  -3.00690e-02  -6.67583e-02  -4.75806e-02  -1.26642e-02  -7.53304e-03  -2.04207e-01  -6.87397e-02  -1.57437e-02
T18    8.24937e-01   1.25292e-02   7.53794e-03  -2.69814e-02  -7.21728e-04  -2.31971e-02  -8.36643e-03   1.06880e-03   9.12505e-03  -2.67449e-02  -3.40031e-02  -1.60217e-02  -1.53597e-02  -2.11139e-02  -6.54328e-02  -2.01967e-02  -7.53232e-03  -1.03790e-02  -6.87397e-02  -7.78154e-02  -1.10232e-02
T19    4.94054e-01  -3.39282e-02   1.00786e-02   3.51888e-02   3.30663e-02  -4.13085e-02   2.43072e-02   2.29402e-02  -8.51306e-03   1.29180e-02  -7.13561e-02  -6.00381e-02   1.59484e-02  -2.42871e-02  -5.13345e-02   1.03107e-02   4.10647e-03  -2.40010e-02  -1.57437e-02  -1.10232e-02  -9.67594e-02
