T0   -4.29272e-01  -9.37585e-02   2.06942e-02   6.65981e-02   4.54830e-02  -1.34364e-02   2.57964e-02   6.25363e-02  -2.24229e-02   1.98689e-02  -4.09936e-02  -6.05085e-02   1.01370e-01  -4.11269e-02  -3.14999e-02   1.73347e-02   2.83996e-02   3.19564e-03  -2.66584e-02  -1.25291e-03  -6.04078e-02
T1   -1.07555e+00   2.06942e-02   8.22565e-02   8.60050e-02  -1.04470e-01   4.30562e-03   7.89867e-02  -8.96087e-02   1.85151e-02   4.53976e-02   7.00901e-02   2.92137e-02   2.88993e-01   2.44357e-02   2.94645e-02   5.14721e-03   4.37850e-02   6.66782e-02  -3.81436e-03   2.71877e-02   3.43985e-02
T2   -7.87719e-01   6.65981e-02   8.60050e-02  -9.47479e-02   2.40146e-02   1.07191e-02   3.29871e-02   9.63427e-02  -6.97423e-03   2.60271e-02   2.13160e-02   6.94526e-02   4.24203e-02  -1.03022e-03   1.43175e-02   4.03653e-02  -1.49376e-02   2.06732e-03  -1.19004e-04  -2.86433e-02   5.76186e-02
T3   -1.36479e+00   4.54830e-02  -1.04470e-01   2.40146e-02   1.00858e-01   5.60413e-02   8.28622e-02   1.76012e-01   2.49168e-04  -3.55131e-02   5.98663e-02   7.21606e-02  -4.70474e-02   4.23635e-02   5.75524e-02   4.26778e-02   3.98121e-02   3.71259e-02   3.29743e-03   1.76497e-03   6.44904e-02
T4    2.47222e+00  -1.34364e-02   4.30562e-03   1.07191e-02   5.60413e-02  -5.60737e-01  -1.65142e-03   6.41715e-02  -1.98481e-02  -6.80979e-02  -7.17656e-02  -7.25661e-02   3.19860e-02  -1.04151e-01  -1.05872e-01  -2.85761e-02  -4.48583e-02  -1.37206e-02  -9.00925e-02  -5.37617e-02  -7.51631e-02
T5   -8.74748e-01   2.57964e-02   7.89867e-02   3.29871e-02   8.28622e-02  -1.65142e-03  -1.27989e-02   1.30460e-01   4.60154e-02   4.43047e-02   3.60674e-02   9.84712e-03   1.49291e-01  -4.88142e-03   1.50640e-02   2.60898e-02   2.26531e-02   2.85624e-02  -3.50105e-02  -1.62533e-03   4.10948e-02
T6   -1.78840e+00   6.25363e-02  -8.96087e-02   9.63427e-02   1.76012e-01   6.41715e-02   1.30460e-01   1.45104e-01   6.97005e-02   7.68128e-03   3.47740e-02   4.25679e-02  -3.17586e-02   3.01975e-02   3.92664e-02   8.75640e-02   8.96988e-02   8.97906e-02   2.08217e-02   9.37859e-03   5.13023e-02
T7   -6.70546e-01  -2.24229e-02   1.85151e-02  -6.97423e-03   2.49168e-04  -1.98481e-02   4.60154e-02   6.97005e-02  -7.83452e-02  -2.28949e-02   1.83283e-02   2.84145e-02   8.03689e-02  -1.86270e-02   5.73694e-03  -1.51023e-02  -9.84339e-03  -1.05112e-02  -9.59305e-03   4.46023e-03  -4.40701e-03
T8    3.53234e-01   1.98689e-02   4.53976e-02   2.60271e-02  -3.55131e-02  -6.80979e-02   4.43047e-02   7.68128e-03  -2.28949e-02  -1.70323e-01   3.09100e-02   2.13425e-02   1.55961e-01  -3.32176e-02  -2.54367e-02   2.40539e-03  -1.03372e-02   8.56673e-03  -6.57301e-02  -2.71736e-02   2.46575e-02
T9    9.68210e-01  -4.09936e-02   7.00901e-02   2.13160e-02   5.98663e-02  -7.17656e-02   3.60674e-02   3.47740e-02   1.83283e-02   3.09100e-02  -2.02086e-01  -1.25311e-01   5.10743e-03  -8.13094e-02  -1.24643e-01   4.53033e-02  -3.36048e-03  -2.92054e-02  -3.66096e-02  -6.18983e-02  -1.24265e-01
T10    2.39814e-01  -6.05085e-02   2.92137e-02   6.94526e-02   7.21606e-02  -7.25661e-02   9.84712e-03   4.25679e-02   2.84145e-02   2.13425e-02  -1.25311e-01  -1.61139e-01   6.94294e-02  -6.26718e-02  -1.11751e-01   2.37328e-02   6.65505e-03  -6.53542e-03  -6.69445e-02  -3.32234e-02  -1.07559e-01
T11   -1.79894e+00   1.01370e-01   2.88993e-01   4.24203e-02  -4.70474e-02   3.19860e-02   1.49291e-01  -3.17586e-02   8.03689e-02   1.55961e-01   5.10743e-03   6.94294e-02   1.09753e-01   4.63975e-02   3.24939e-02   1.18403e-01   7.66390e-02   9.25128e-02   7.93732e-02   2.70478e-03   4.08279e-02
T12    1.86988e+00  -4.11269e-02   2.44357e-02  -1.03022e-03   4.23635e-02  -1.04151e-01  -4.88142e-03   3.01975e-02  -1.86270e-02  -3.32176e-02  -8.13094e-02  -6.26718e-02   4.63975e-02  -3.26308e-01  -9.39309e-02   9.91645e-04  -8.19677e-03  -1.42405e-02  -5.92427e-02  -5.14472e-02  -6.03344e-02
T13    1.30096e+00  -3.14999e-02   2.94645e-02   1.43175e-02   5.75524e-02  -1.05872e-01   1.50640e-02   3.92664e-02   5.73694e-03  -2.54367e-02  -1.24643e-01  -1.11751e-01   3.24939e-02  -9.39309e-02  -1.75920e-01   1.35941e-02  -2.12509e-02  -2.19401e-02  -1.19954e-01  -1.01473e-01  -9.31178e-02
T14   -6.55346e-01   1.73347e-02   5.14721e-03   4.03653e-02   4.26778e-02  -2.85761e-02   2.60898e-02   8.75640e-02  -1.51023e-02   2.40539e-03   4.53033e-02   2.37328e-02   1.18403e-01   9.91645e-04   1.35941e-02  -6.70295e-02   3.95184e-02   3.15362e-02  -6.86470e-02  -4.27771e-02   1.67952e-02
T15   -7.05285e-01   2.83996e-02   4.37850e-02  -1.49376e-02   3.98121e-02  -4.48583e-02   2.26531e-02   8.96988e-02  -9.84339e-03  -1.03372e-02  -3.36048e-03   6.65505e-03   7.66390e-02  -8.19677e-03  -2.12509e-02   3.95184e-02  -3.99981e-02  -5.39316e-03  -2.04171e-02  -1.38797e-02   9.97715e-03
T16   -4.56594e-01   3.19564e-03   6.66782e-02   2.06732e-03   3.71259e-02  -1.37206e-02   2.85624e-02   8.97906e-02  -1.05112e-02   8.56673e-03  -2.92054e-02  -6.53542e-03   9.25128e-02  -1.42405e-02  -2.19401e-02   3.15362e-02  -5.39316e-03  -4.50832e-02  -1.30900e-02  -1.60937e-02  -3.49248e-02
T17    2.06683e+00  -2.66584e-02  -3.81436e-03  -1.19004e-04   3.29743e-03  -9.00925e-02  -3.50105e-02   2.08217e-02  -9.59305e-03  -6.57301e-02  -3.66096e-02  -6.69445e-02   7.93732e-02  -5.92427e-02  -1.19954e-01  -6.86470e-02  -2.04171e-02  -1.30900e-02  -2.64424e-01  -9.60423e-02  -4.58545e-02
T18    8.11529e-01  -1.25291e-03   2.71877e-02  -2.86433e-02   1.76497e-03  -5.37617e-02  -1.62533e-03   9.37859e-03   4.46023e-03  -2.71736e-02  -6.18983e-02  -3.32234e-02   2.70478e-03  -5.14472e-02  -1.01473e-01  -4.27771e-02  -1.38797e-02  -1.60937e-02  -9.60423e-02  -9.44440e-02  -3.50853e-02
T19    5.24511e-01  -6.04078e-02   3.43985e-02   5.76186e-02   6.44904e-02  -7.51631e-02   4.10948e-02   5.13023e-02  -4.40701e-03   2.46575e-02  -1.24265e-01  -1.07559e-01   4.08279e-02  -6.03344e-02  -9.31178e-02   1.67952e-02   9.97715e-03  -3.49248e-02  -4.58545e-02  -3.50853e-02  -1.50710e-01
