T0   -4.78125e-01  -2.36002e+00  -7.68476e-01  -7.57838e-01  -5.90055e-01  -1.90173e+00  -5.56522e-01  -4.73138e-01  -1.47867e+00  -1.16506e+00  -1.02875e+00  -2.84551e-01   5.08124e-01  -9.85590e-01  -1.61190e+00  -4.51938e-01  -1.40069e+00  -1.01892e+00  -1.69413e+00  -1.47867e+00  -1.32823e+00
T1   -1.73351e-01  -7.68476e-01   1.76500e-01  -3.00538e-02  -1.33684e+00  -6.36592e-01   1.26847e-01  -1.07389e-01  -2.78123e-01  -8.71223e-01   8.95375e-01   1.48368e+00   2.03239e+00   4.85701e-01  -8.53923e-01   4.40487e-01  -8.38202e-01  -4.69887e-02  -1.85434e+00  -1.31730e+00   4.27013e-01
T2   -2.69308e-02  -7.57838e-01  -3.00538e-02  -5.39596e-01  -1.16301e-01  -8.36312e-01  -1.03551e-01   5.09873e-01  -1.01476e+00  -3.42211e-01   7.95355e-01   1.14936e+00   4.34619e-01   8.74062e-02  -1.78061e-01   3.41055e-01  -1.30927e+00  -4.98750e-01  -7.26782e-01  -5.32929e-01   6.23555e-01
T3   -3.32614e-01  -5.90055e-01  -1.33684e+00  -1.16301e-01   2.88257e-01  -4.19622e-01   6.30506e-01   9.77001e-01  -9.73200e-01   4.12543e-01   1.09421e+00   1.53432e+00  -6.31525e-01   4.78050e-01   8.11423e-01   4.34786e-01  -1.83232e+00  -9.17959e-01   1.20439e+00   1.00740e+00   7.20313e-01
T4    1.63762e+00  -1.90173e+00  -6.36592e-01  -8.36312e-01  -4.19622e-01  -5.80382e+00  -4.36925e-01  -1.94799e-01  -1.44049e+00  -1.06040e+00  -1.98597e-01   7.84914e-01   7.98408e-01  -9.95261e-01  -1.67111e+00  -1.83564e-01  -1.37503e+00  -7.90234e-01  -2.09205e+00  -1.35751e+00  -5.85458e-01
T5    6.56421e-02  -5.56522e-01   1.26847e-01  -1.03551e-01   6.30506e-01  -4.36925e-01   5.24034e-01   9.84044e-01  -4.07215e-01  -3.37124e-01   1.16149e+00   1.79739e+00   1.00183e+00   6.16664e-01  -2.66669e-01   6.01226e-01  -7.94069e-01  -2.01939e-02  -9.22799e-01  -4.22694e-01   8.05776e-01
T6   -4.94533e-01  -4.73138e-01  -1.07389e-01   5.09873e-01   9.77001e-01  -1.94799e-01   9.84044e-01   1.47027e+00  -3.43100e-01   8.82372e-02   1.15619e+00   2.19692e+00  -2.69931e-01   6.41030e-01   3.53231e-01   7.55441e-01  -1.27025e+00  -3.86072e-01   5.11038e-01   5.28753e-01   6.10573e-01
T7   -4.40937e-01  -1.47867e+00  -2.78123e-01  -1.01476e+00  -9.73200e-01  -1.44049e+00  -4.07215e-01  -3.43100e-01  -1.33451e+00  -1.04312e+00   4.93863e-01   1.15002e+00   7.87421e-01  -4.90992e-01  -1.28781e+00   9.12492e-02  -1.47790e+00  -8.79951e-01  -1.66752e+00  -1.45097e+00  -3.93453e-02
T8    6.34490e-01  -1.16506e+00  -8.71223e-01  -3.42211e-01   4.12543e-01  -1.06040e+00  -3.37124e-01   8.82372e-02  -1.04312e+00  -1.16673e+00  -1.86449e-01   3.79005e-01   3.23244e-01  -1.42230e-01  -6.67922e-01  -5.04065e-01  -1.10728e+00  -2.13729e-01  -1.64471e+00  -1.18139e+00  -4.82139e-01
T9   -3.61865e-01  -1.02875e+00   8.95375e-01   7.95355e-01   1.09421e+00  -1.98597e-01   1.16149e+00   1.15619e+00   4.93863e-01  -1.86449e-01   3.06109e+00   4.00772e+00   2.92915e+00   1.55409e+00  -2.16573e-01   3.45574e+00   5.09086e-02   1.11572e+00  -8.70041e-01  -4.55925e-01   1.66800e+00
T10   -8.84963e-01  -2.84551e-01   1.48368e+00   1.14936e+00   1.53432e+00   7.84914e-01   1.79739e+00   2.19692e+00   1.15002e+00   3.79005e-01   4.00772e+00   4.65711e+00   3.51722e+00   2.64238e+00   2.86998e-01   4.78793e+00   4.56366e-01   1.87527e+00  -7.99998e-01   3.14117e-01   2.94926e+00
T11   -3.62037e-01   5.08124e-01   2.03239e+00   4.34619e-01  -6.31525e-01   7.98408e-01   1.00183e+00  -2.69931e-01   7.87421e-01   3.23244e-01   2.92915e+00   3.51722e+00   3.17244e+00   2.35327e+00   1.80703e-01   3.04546e+00  -2.46227e-01   4.39837e-01  -1.22606e+00  -6.60656e-01   2.52882e+00
T12    8.78229e-01  -9.85590e-01   4.85701e-01   8.74062e-02   4.78050e-01  -9.95261e-01   6.16664e-01   6.41030e-01  -4.90992e-01  -1.42230e-01   1.55409e+00   2.64238e+00   2.35327e+00   1.09960e-01  -5.61633e-01   1.87186e+00  -3.36646e-01   3.68965e-01  -1.12261e+00  -5.14938e-01   7.34231e-01
T13    6.55757e-02  -1.61190e+00  -8.53923e-01  -1.78061e-01   8.11423e-01  -1.67111e+00  -2.66669e-01   3.53231e-01  -1.28781e+00  -6.67922e-01  -2.16573e-01   2.86998e-01   1.80703e-01  -5.61633e-01  -1.47566e-01  -7.66199e-01  -1.00970e-01   4.71169e-01  -3.13157e-01  -2.08702e-01  -6.74208e-01
T14   -1.36612e-01  -4.51938e-01   4.40487e-01   3.41055e-01   4.34786e-01  -1.83564e-01   6.01226e-01   7.55441e-01   9.12492e-02  -5.04065e-01   3.45574e+00   4.78793e+00   3.04546e+00   1.87186e+00  -7.66199e-01   2.85502e+00  -4.31129e-01   8.01180e-01  -1.82947e+00  -1.24852e+00   2.21810e+00
T15   -2.15785e-01  -1.40069e+00  -8.38202e-01  -1.30927e+00  -1.83232e+00  -1.37503e+00  -7.94069e-01  -1.27025e+00  -1.47790e+00  -1.10728e+00   5.09086e-02   4.56366e-01  -2.46227e-01  -3.36646e-01  -1.00970e-01  -4.31129e-01  -1.66719e+00  -1.34176e+00  -6.33620e-01  -1.29973e-01  -3.75282e-01
T16   -2.53130e-01  -1.01892e+00  -4.69887e-02  -4.98750e-01  -9.17959e-01  -7.90234e-01  -2.01939e-02  -3.86072e-01  -8.79951e-01  -2.13729e-01   1.11572e+00   1.87527e+00   4.39837e-01   3.68965e-01   4.71169e-01   8.01180e-01  -1.34176e+00  -1.28193e+00   3.69574e-02   3.72195e-01   5.30217e-01
T17    1.19874e+00  -1.69413e+00  -1.85434e+00  -7.26782e-01   1.20439e+00  -2.09205e+00  -9.22799e-01   5.11038e-01  -1.66752e+00  -1.64471e+00  -8.70041e-01  -7.99998e-01  -1.22606e+00  -1.12261e+00  -3.13157e-01  -1.82947e+00  -6.33620e-01   3.69574e-02   2.18719e-01  -2.74236e-01  -1.11244e+00
T18    2.18198e-01  -1.47867e+00  -1.31730e+00  -5.32929e-01   1.00740e+00  -1.35751e+00  -4.22694e-01   5.28753e-01  -1.45097e+00  -1.18139e+00  -4.55925e-01   3.14117e-01  -6.60656e-01  -5.14938e-01  -2.08702e-01  -1.24852e+00  -1.29973e-01   3.72195e-01  -2.74236e-01  -1.75803e-01  -8.72384e-01
T19   -5.37617e-01  -1.32823e+00   4.27013e-01   6.23555e-01   7.20313e-01  -5.85458e-01   8.05776e-01   6.10573e-01  -3.93453e-02  -4.82139e-01   1.66800e+00   2.94926e+00   2.52882e+00   7.34231e-01  -6.74208e-01   2.21810e+00  -3.75282e-01   5.30217e-01  -1.11244e+00  -8.72384e-01   6.72295e-01
