T0   -4.43864e-01  -7.70012e-02   1.93551e-02   5.00779e-02   2.60358e-02  -5.05350e-03   2.17441e-02   4.48717e-02  -2.58994e-02   1.89988e-02  -2.27618e-02  -4.06728e-02   8.30762e-02  -2.63413e-02  -1.25517e-02   8.67906e-03   1.93643e-02  -1.12507e-04  -1.42239e-02   1.05944e-02  -4.21703e-02
T1   -1.05586e+00   1.93551e-02   5.02317e-02   8.00075e-02  -6.49330e-02   1.97957e-03   6.76264e-02  -5.53967e-02   2.30344e-02   3.75040e-02   4.03352e-02  -9.34949e-04   2.30347e-01  -1.72704e-03   3.54935e-03   5.61882e-03   4.84792e-02   6.07886e-02  -1.38017e-02   1.30990e-02   1.73512e-02
T2   -7.89172e-01   5.00779e-02   8.00075e-02  -8.06836e-02   2.11463e-02   1.44476e-02   2.69190e-02   8.31816e-02  -5.35635e-03   2.85416e-02   7.29107e-03   4.95306e-02   3.89567e-02  -4.27695e-03   3.11268e-03   3.53654e-02  -1.21797e-02   8.38825e-05  -2.36565e-03  -2.90581e-02   4.34383e-02
T3   -1.37162e+00   2.60358e-02  -6.49330e-02   2.11463e-02   7.30043e-02   5.34577e-02   6.81865e-02   1.43791e-01  -1.92636e-03  -1.57988e-02   3.69648e-02   4.73103e-02  -1.85215e-02   2.47965e-02   3.37244e-02   3.42539e-02   3.57298e-02   2.76618e-02  -7.05891e-03  -9.67085e-04   4.17061e-02
T4    2.36621e+00  -5.05350e-03   1.97957e-03   1.44476e-02   5.34577e-02  -4.66125e-01   1.81606e-04   5.59034e-02  -1.13746e-02  -5.75634e-02  -4.91732e-02  -4.87348e-02   2.23965e-02  -7.88342e-02  -7.20635e-02  -1.34556e-02  -3.41764e-02  -7.16013e-03  -6.81359e-02  -3.39656e-02  -5.23605e-02
T5   -8.77510e-01   2.17441e-02   6.76264e-02   2.69190e-02   6.81865e-02   1.81606e-04  -2.28384e-02   1.06633e-01   4.06114e-02   3.56388e-02   1.97933e-02  -4.67641e-03   1.24706e-01  -1.22509e-02  -4.87221e-03   2.10732e-02   2.41318e-02   3.06302e-02  -3.63735e-02  -7.07160e-03   3.13322e-02
T6   -1.80144e+00   4.48717e-02  -5.53967e-02   8.31816e-02   1.43791e-01   5.59034e-02   1.06633e-01   1.10632e-01   5.27819e-02   1.16179e-02   1.31895e-02   1.80932e-02  -1.26499e-02   1.48075e-02   1.29225e-02   6.73244e-02   7.60815e-02   7.70003e-02   3.04130e-03   1.89540e-04   3.16434e-02
T7   -6.33070e-01  -2.58994e-02   2.30344e-02  -5.35635e-03  -1.92636e-03  -1.13746e-02   4.06114e-02   5.27819e-02  -6.82568e-02  -1.56262e-02   1.28866e-02   2.29250e-02   7.20322e-02  -1.43719e-02   1.19482e-02  -1.34303e-02  -1.15880e-02  -1.06285e-02  -1.99833e-03   9.37867e-03  -5.06544e-03
T8    3.73664e-01   1.89988e-02   3.75040e-02   2.85416e-02  -1.57988e-02  -5.75634e-02   3.56388e-02   1.16179e-02  -1.56262e-02  -1.42333e-01   1.74130e-02   6.94933e-03   1.29629e-01  -3.55423e-02  -2.99200e-02  -2.34083e-03   8.16232e-04   1.28345e-02  -5.77046e-02  -2.81478e-02   1.87120e-02
T9    9.58876e-01  -2.27618e-02   4.03352e-02   7.29107e-03   3.69648e-02  -4.91732e-02   1.97933e-02   1.31895e-02   1.28866e-02   1.74130e-02  -1.52186e-01  -8.44472e-02  -1.53613e-02  -5.22199e-02  -8.63894e-02   3.63560e-02  -4.49291e-03  -2.00496e-02  -1.25357e-02  -4.46165e-02  -8.77490e-02
T10    2.55177e-01  -4.06728e-02  -9.34949e-04   4.95306e-02   4.73103e-02  -4.87348e-02  -4.67641e-03   1.80932e-02   2.29250e-02   6.94933e-03  -8.44472e-02  -1.17568e-01   3.26971e-02  -3.61641e-02  -7.81852e-02   1.90369e-02   3.05453e-03  -3.33711e-03  -4.18699e-02  -2.24457e-02  -7.45364e-02
T11   -1.81700e+00   8.30762e-02   2.30347e-01   3.89567e-02  -1.85215e-02   2.23965e-02   1.24706e-01  -1.26499e-02   7.20322e-02   1.29629e-01  -1.53613e-02   3.26971e-02   6.82347e-02   1.30453e-02   1.27600e-03   9.21158e-02   7.33199e-02   8.23183e-02   4.84095e-02  -1.03622e-02   2.54442e-02
T12    1.89844e+00  -2.63413e-02  -1.72704e-03  -4.27695e-03   2.47965e-02  -7.88342e-02  -1.22509e-02   1.48075e-02  -1.43719e-02  -3.55423e-02  -5.22199e-02  -3.61641e-02   1.30453e-02  -2.78794e-01  -6.43963e-02   2.68532e-03  -5.46410e-03  -8.10386e-03  -3.64688e-02  -3.18033e-02  -3.43832e-02
T13    1.34670e+00  -1.25517e-02   3.54935e-03   3.11268e-03   3.37244e-02  -7.20635e-02  -4.87221e-03   1.29225e-02   1.19482e-02  -2.99200e-02  -8.63894e-02  -7.81852e-02   1.27600e-03  -6.43963e-02  -1.31189e-01   9.68617e-03  -1.59404e-02  -1.84740e-02  -8.37891e-02  -7.60267e-02  -6.44998e-02
T14   -6.50714e-01   8.67906e-03   5.61882e-03   3.53654e-02   3.42539e-02  -1.34556e-02   2.10732e-02   6.73244e-02  -1.34303e-02  -2.34083e-03   3.63560e-02   1.90369e-02   9.21158e-02   2.68532e-03   9.68617e-03  -6.13128e-02   2.93561e-02   2.29990e-02  -5.47530e-02  -2.69269e-02   1.31772e-02
T15   -7.13257e-01   1.93643e-02   4.84792e-02  -1.21797e-02   3.57298e-02  -3.41764e-02   2.41318e-02   7.60815e-02  -1.15880e-02   8.16232e-04  -4.49291e-03   3.05453e-03   7.33199e-02  -5.46410e-03  -1.59404e-02   2.93561e-02  -4.19085e-02  -6.61888e-03  -1.40883e-02  -9.19899e-03   6.57829e-03
T16   -4.71303e-01  -1.12507e-04   6.07886e-02   8.38825e-05   2.76618e-02  -7.16013e-03   3.06302e-02   7.70003e-02  -1.06285e-02   1.28345e-02  -2.00496e-02  -3.33711e-03   8.23183e-02  -8.10386e-03  -1.84740e-02   2.29990e-02  -6.61888e-03  -4.06975e-02  -1.08668e-02  -1.23875e-02  -2.72965e-02
T17    2.08788e+00  -1.42239e-02  -1.38017e-02  -2.36565e-03  -7.05891e-03  -6.81359e-02  -3.63735e-02   3.04130e-03  -1.99833e-03  -5.77046e-02  -1.25357e-02  -4.18699e-02   4.84095e-02  -3.64688e-02  -8.37891e-02  -5.47530e-02  -1.40883e-02  -1.08668e-02  -2.20757e-01  -7.68820e-02  -2.59193e-02
T18    8.42863e-01   1.05944e-02   1.30990e-02  -2.90581e-02  -9.67085e-04  -3.39656e-02  -7.07160e-03   1.89540e-04   9.37867e-03  -2.81478e-02  -4.46165e-02  -2.24457e-02  -1.03622e-02  -3.18033e-02  -7.60267e-02  -2.69269e-02  -9.19899e-03  -1.23875e-02  -7.68820e-02  -8.39137e-02  -1.81485e-02
T19    4.95003e-01  -4.21703e-02   1.73512e-02   4.34383e-02   4.17061e-02  -5.23605e-02   3.13322e-02   3.16434e-02  -5.06544e-03   1.87120e-02  -8.77490e-02  -7.45364e-02   2.54442e-02  -3.43832e-02  -6.44998e-02   1.31772e-02   6.57829e-03  -2.72965e-02  -2.59193e-02  -1.81485e-02  -1.13286e-01
