T0   -3.94348e-01  -6.24241e-02   1.29332e-02   2.97024e-02   8.52531e-03   4.48953e-03   9.23144e-03   2.26230e-02  -2.05751e-02   1.05731e-02  -7.52498e-03  -2.41490e-02   5.44753e-02  -1.18780e-02   9.90867e-04   3.43325e-03   9.82179e-03  -3.22355e-03  -1.24667e-03   1.42747e-02  -2.53037e-02
T1   -1.07621e+00   1.29332e-02   3.24730e-02   7.06012e-02  -3.07516e-02   2.29465e-04   6.26053e-02  -2.47004e-02   1.75897e-02   3.21318e-02   1.87147e-02  -1.37330e-02   1.78282e-01  -1.56325e-02  -1.00843e-02   5.03657e-03   4.27105e-02   5.00337e-02  -2.37216e-02   5.15077e-03   3.62587e-03
T2   -7.51956e-01   2.97024e-02   7.06012e-02  -6.41232e-02   1.87209e-02   1.12486e-02   2.21373e-02   6.71029e-02  -5.16055e-03   2.58687e-02  -4.21403e-03   3.02137e-02   3.46390e-02  -3.32201e-03  -1.37640e-03   2.89993e-02  -1.20496e-02  -6.03334e-04  -4.19548e-03  -2.50434e-02   2.77133e-02
T3   -1.34081e+00   8.52531e-03  -3.07516e-02   1.87209e-02   4.90771e-02   3.29255e-02   5.38435e-02   1.05668e-01   6.22272e-04   8.98131e-04   1.57755e-02   2.53411e-02   2.84317e-04   8.29941e-03   1.64006e-02   2.49844e-02   2.90738e-02   2.05903e-02  -1.32518e-02  -2.91130e-03   2.16239e-02
T4    2.26731e+00   4.48953e-03   2.29465e-04   1.12486e-02   3.29255e-02  -3.70894e-01  -1.02375e-03   3.79216e-02  -3.32062e-03  -5.15485e-02  -3.01481e-02  -2.83845e-02   1.55947e-02  -4.83728e-02  -4.28332e-02  -9.71743e-03  -2.85892e-02  -3.64744e-03  -4.19318e-02  -1.61161e-02  -2.99815e-02
T5   -8.64226e-01   9.23144e-03   6.26053e-02   2.21373e-02   5.38435e-02  -1.02375e-03  -2.97334e-02   8.48760e-02   2.88034e-02   2.93155e-02   6.50258e-03  -1.27738e-02   1.04916e-01  -1.49255e-02  -6.77326e-03   1.94523e-02   1.80973e-02   2.17232e-02  -3.36876e-02  -7.66955e-03   1.73591e-02
T6   -1.79706e+00   2.26230e-02  -2.47004e-02   6.71029e-02   1.05668e-01   3.79216e-02   8.48760e-02   7.97159e-02   3.56595e-02   1.50301e-02  -4.68131e-03   6.88928e-05   5.52938e-03   3.45418e-03  -1.14826e-03   4.84768e-02   6.14980e-02   5.63256e-02   1.98984e-04   5.76979e-04   1.53138e-02
T7   -5.68899e-01  -2.05751e-02   1.75897e-02  -5.16055e-03   6.22272e-04  -3.32062e-03   2.88034e-02   3.56595e-02  -5.32466e-02  -1.17102e-02   7.04088e-03   1.94478e-02   5.30279e-02  -1.05584e-02   7.02558e-03  -8.08495e-03  -6.13683e-03  -9.16387e-03  -4.28534e-03   5.53592e-03  -8.37122e-03
T8    4.00436e-01   1.05731e-02   3.21318e-02   2.58687e-02   8.98131e-04  -5.15485e-02   2.93155e-02   1.50301e-02  -1.17102e-02  -1.04671e-01   6.22034e-03  -3.42795e-03   1.06064e-01  -3.34992e-02  -2.67659e-02  -3.32934e-03   8.14118e-03   1.40848e-02  -4.54972e-02  -2.30212e-02   7.22531e-03
T9    9.40705e-01  -7.52498e-03   1.87147e-02  -4.21403e-03   1.57755e-02  -3.01481e-02   6.50258e-03  -4.68131e-03   7.04088e-03   6.22034e-03  -1.05271e-01  -4.93827e-02  -2.85277e-02  -2.80541e-02  -4.95910e-02   2.31242e-02  -7.14678e-03  -1.54954e-02   6.21758e-03  -2.25918e-02  -5.28048e-02
T10    2.34034e-01  -2.41490e-02  -1.37330e-02   3.02137e-02   2.53411e-02  -2.83845e-02  -1.27738e-02   6.88928e-05   1.94478e-02  -3.42795e-03  -4.93827e-02  -7.88568e-02   1.11015e-02  -1.46404e-02  -4.48024e-02   8.73313e-03  -2.60387e-03  -2.63488e-03  -1.83219e-02  -7.89802e-03  -4.44005e-02
T11   -1.83296e+00   5.44753e-02   1.78282e-01   3.46390e-02   2.84317e-04   1.55947e-02   1.04916e-01   5.52938e-03   5.30279e-02   1.06064e-01  -2.85277e-02   1.11015e-02   4.58622e-02  -5.91525e-03  -1.21966e-02   6.98516e-02   5.73597e-02   6.16245e-02   2.60086e-02  -1.29093e-02   6.87095e-03
T12    1.89803e+00  -1.18780e-02  -1.56325e-02  -3.32201e-03   8.29941e-03  -4.83728e-02  -1.49255e-02   3.45418e-03  -1.05584e-02  -3.34992e-02  -2.80541e-02  -1.46404e-02  -5.91525e-03  -2.28766e-01  -3.18527e-02  -7.54766e-03  -6.02838e-03  -6.52430e-03  -1.83171e-02  -9.25826e-03  -1.39702e-02
T13    1.28749e+00   9.90867e-04  -1.00843e-02  -1.37640e-03   1.64006e-02  -4.28332e-02  -6.77326e-03  -1.14826e-03   7.02558e-03  -2.67659e-02  -4.95910e-02  -4.48024e-02  -1.21966e-02  -3.18527e-02  -8.94793e-02   5.28470e-04  -1.48762e-02  -1.22005e-02  -5.00136e-02  -5.07226e-02  -3.60785e-02
T14   -6.11559e-01   3.43325e-03   5.03657e-03   2.89993e-02   2.49844e-02  -9.71743e-03   1.94523e-02   4.84768e-02  -8.08495e-03  -3.32934e-03   2.31242e-02   8.73313e-03   6.98516e-02  -7.54766e-03   5.28470e-04  -4.84905e-02   2.65824e-02   1.59015e-02  -4.01283e-02  -1.78797e-02   6.90411e-03
T15   -6.58153e-01   9.82179e-03   4.27105e-02  -1.20496e-02   2.90738e-02  -2.85892e-02   1.80973e-02   6.14980e-02  -6.13683e-03   8.14118e-03  -7.14678e-03  -2.60387e-03   5.73597e-02  -6.02838e-03  -1.48762e-02   2.65824e-02  -3.70373e-02  -8.90385e-03  -1.06788e-02  -8.00956e-03   2.78934e-04
T16   -4.12504e-01  -3.22355e-03   5.00337e-02  -6.03334e-04   2.05903e-02  -3.64744e-03   2.17232e-02   5.63256e-02  -9.16387e-03   1.40848e-02  -1.54954e-02  -2.63488e-03   6.16245e-02  -6.52430e-03  -1.22005e-02   1.59015e-02  -8.90385e-03  -3.92953e-02  -6.95324e-03  -8.18093e-03  -2.19745e-02
T17    2.01325e+00  -1.24667e-03  -2.37216e-02  -4.19548e-03  -1.32518e-02  -4.19318e-02  -3.36876e-02   1.98984e-04  -4.28534e-03  -4.54972e-02   6.21758e-03  -1.83219e-02   2.60086e-02  -1.83171e-02  -5.00136e-02  -4.01283e-02  -1.06788e-02  -6.95324e-03  -1.74194e-01  -5.37214e-02  -4.65960e-03
T18    7.89797e-01   1.42747e-02   5.15077e-03  -2.50434e-02  -2.91130e-03  -1.61161e-02  -7.66955e-03   5.76979e-04   5.53592e-03  -2.30212e-02  -2.25918e-02  -7.89802e-03  -1.29093e-02  -9.25826e-03  -5.07226e-02  -1.78797e-02  -8.00956e-03  -8.18093e-03  -5.37214e-02  -6.84024e-02  -5.12885e-03
T19    4.77635e-01  -2.53037e-02   3.62587e-03   2.77133e-02   2.16239e-02  -2.99815e-02   1.73591e-02   1.53138e-02  -8.37122e-03   7.22531e-03  -5.28048e-02  -4.44005e-02   6.87095e-03  -1.39702e-02  -3.60785e-02   6.90411e-03   2.78934e-04  -2.19745e-02  -4.65960e-03  -5.12885e-03  -7.83451e-02
