T0   -4.43727e-01  -8.53377e-02   1.96351e-02   5.88657e-02   3.62596e-02  -9.52207e-03   2.66110e-02   5.47086e-02  -2.37819e-02   2.06887e-02  -3.17337e-02  -5.01884e-02   9.27224e-02  -3.26823e-02  -2.13543e-02   1.21743e-02   2.38624e-02   1.49694e-03  -2.01137e-02   4.73389e-03  -5.08251e-02
T1   -1.06484e+00   1.96351e-02   6.64045e-02   8.22118e-02  -8.30689e-02   4.62741e-03   7.19584e-02  -6.98457e-02   2.25027e-02   3.95536e-02   5.26244e-02   1.17425e-02   2.59224e-01   1.06170e-02   1.57418e-02   3.98824e-03   4.57268e-02   6.35336e-02  -8.20268e-03   2.08944e-02   2.54069e-02
T2   -7.88794e-01   5.88657e-02   8.22118e-02  -8.68027e-02   2.17896e-02   1.38576e-02   3.03366e-02   8.85931e-02  -4.85371e-03   2.76719e-02   1.34722e-02   5.90804e-02   3.91565e-02  -1.73336e-03   5.97256e-03   3.63543e-02  -1.23259e-02   1.81850e-03  -8.09287e-04  -3.06487e-02   5.15865e-02
T3   -1.36964e+00   3.62596e-02  -8.30689e-02   2.17896e-02   8.65942e-02   5.68176e-02   7.48215e-02   1.58330e-01  -8.67161e-04  -2.60903e-02   4.76193e-02   5.98922e-02  -3.29188e-02   3.00217e-02   4.22268e-02   3.90844e-02   3.70180e-02   3.35307e-02  -1.07917e-04   4.14867e-04   5.29492e-02
T4    2.41633e+00  -9.52207e-03   4.62741e-03   1.38576e-02   5.68176e-02  -5.11158e-01   2.30560e-03   5.94431e-02  -1.54222e-02  -6.15685e-02  -6.04664e-02  -5.97960e-02   2.61997e-02  -9.06707e-02  -8.85627e-02  -2.08873e-02  -3.90036e-02  -1.10872e-02  -7.99099e-02  -4.37403e-02  -6.21130e-02
T5   -8.75913e-01   2.66110e-02   7.19584e-02   3.03366e-02   7.48215e-02   2.30560e-03  -2.09257e-02   1.18936e-01   4.24820e-02   3.72575e-02   2.73693e-02   3.26864e-04   1.34918e-01  -8.33260e-03   5.53869e-03   2.54250e-02   2.42131e-02   2.86709e-02  -3.91625e-02  -3.60245e-03   3.71216e-02
T6   -1.79701e+00   5.47086e-02  -6.98457e-02   8.85931e-02   1.58330e-01   5.94431e-02   1.18936e-01   1.24796e-01   5.95426e-02   9.15694e-03   2.34400e-02   2.87858e-02  -2.09241e-02   1.83102e-02   2.53497e-02   7.69461e-02   8.30731e-02   8.49953e-02   1.23065e-02   5.65776e-03   4.20252e-02
T7   -6.62871e-01  -2.37819e-02   2.25027e-02  -4.85371e-03  -8.67161e-04  -1.54222e-02   4.24820e-02   5.95426e-02  -7.32091e-02  -2.02248e-02   1.69234e-02   2.60479e-02   7.60889e-02  -1.77084e-02   1.00261e-02  -1.45343e-02  -1.05607e-02  -1.05797e-02  -5.85215e-03   9.55321e-03  -4.53268e-03
T8    3.63912e-01   2.06887e-02   3.95536e-02   2.76719e-02  -2.60903e-02  -6.15685e-02   3.72575e-02   9.15694e-03  -2.02248e-02  -1.58716e-01   2.54753e-02   1.29443e-02   1.43413e-01  -3.37647e-02  -2.70672e-02   4.74940e-04  -4.77691e-03   1.20037e-02  -6.08404e-02  -2.85753e-02   2.26517e-02
T9    9.69476e-01  -3.17337e-02   5.26244e-02   1.34722e-02   4.76193e-02  -6.04664e-02   2.73693e-02   2.34400e-02   1.69234e-02   2.54753e-02  -1.76687e-01  -1.04335e-01  -7.91443e-03  -6.58440e-02  -1.05284e-01   4.18294e-02  -4.47625e-03  -2.37083e-02  -2.37358e-02  -5.29243e-02  -1.05829e-01
T10    2.56406e-01  -5.01884e-02   1.17425e-02   5.90804e-02   5.98922e-02  -5.97960e-02   3.26864e-04   2.87858e-02   2.60479e-02   1.29443e-02  -1.04335e-01  -1.39069e-01   4.76927e-02  -4.89380e-02  -9.46175e-02   2.15554e-02   4.65654e-03  -4.76776e-03  -5.48076e-02  -2.77453e-02  -9.00704e-02
T11   -1.80817e+00   9.27224e-02   2.59224e-01   3.91565e-02  -3.29188e-02   2.61997e-02   1.34918e-01  -2.09241e-02   7.60889e-02   1.43413e-01  -7.91443e-03   4.76927e-02   8.78901e-02   2.94088e-02   1.70911e-02   1.05153e-01   7.74549e-02   8.96060e-02   6.24330e-02  -4.29604e-03   3.33132e-02
T12    1.89226e+00  -3.26823e-02   1.06170e-02  -1.73336e-03   3.00217e-02  -9.06707e-02  -8.33260e-03   1.83102e-02  -1.77084e-02  -3.37647e-02  -6.58440e-02  -4.89380e-02   2.94088e-02  -3.00631e-01  -7.79311e-02   2.29061e-03  -7.12661e-03  -1.12603e-02  -4.54587e-02  -4.19159e-02  -4.74850e-02
T13    1.33335e+00  -2.13543e-02   1.57418e-02   5.97256e-03   4.22268e-02  -8.85627e-02   5.53869e-03   2.53497e-02   1.00261e-02  -2.70672e-02  -1.05284e-01  -9.46175e-02   1.70911e-02  -7.79311e-02  -1.52076e-01   1.08090e-02  -1.86810e-02  -2.14997e-02  -1.02980e-01  -8.91124e-02  -7.87860e-02
T14   -6.58941e-01   1.21743e-02   3.98824e-03   3.63543e-02   3.90844e-02  -2.08873e-02   2.54250e-02   7.69461e-02  -1.45343e-02   4.74940e-04   4.18294e-02   2.15554e-02   1.05153e-01   2.29061e-03   1.08090e-02  -6.31270e-02   3.55483e-02   2.79871e-02  -6.08035e-02  -3.55275e-02   1.58244e-02
T15   -7.15761e-01   2.38624e-02   4.57268e-02  -1.23259e-02   3.70180e-02  -3.90036e-02   2.42131e-02   8.30731e-02  -1.05607e-02  -4.77691e-03  -4.47625e-03   4.65654e-03   7.74549e-02  -7.12661e-03  -1.86810e-02   3.55483e-02  -4.03400e-02  -6.20102e-03  -1.75269e-02  -1.24182e-02   9.88274e-03
T16   -4.72943e-01   1.49694e-03   6.35336e-02   1.81850e-03   3.35307e-02  -1.10872e-02   2.86709e-02   8.49953e-02  -1.05797e-02   1.20037e-02  -2.37083e-02  -4.76776e-03   8.96060e-02  -1.12603e-02  -2.14997e-02   2.79871e-02  -6.20102e-03  -4.05282e-02  -1.11161e-02  -1.55865e-02  -3.08739e-02
T17    2.08615e+00  -2.01137e-02  -8.20268e-03  -8.09287e-04  -1.07917e-04  -7.99099e-02  -3.91625e-02   1.23065e-02  -5.85215e-03  -6.08404e-02  -2.37358e-02  -5.48076e-02   6.24330e-02  -4.54587e-02  -1.02980e-01  -6.08035e-02  -1.75269e-02  -1.11161e-02  -2.44746e-01  -8.51960e-02  -3.70783e-02
T18    8.36707e-01   4.73389e-03   2.08944e-02  -3.06487e-02   4.14867e-04  -4.37403e-02  -3.60245e-03   5.65776e-03   9.55321e-03  -2.85753e-02  -5.29243e-02  -2.77453e-02  -4.29604e-03  -4.19159e-02  -8.91124e-02  -3.55275e-02  -1.24182e-02  -1.55865e-02  -8.51960e-02  -9.00172e-02  -2.81678e-02
T19    5.04033e-01  -5.08251e-02   2.54069e-02   5.15865e-02   5.29492e-02  -6.21130e-02   3.71216e-02   4.20252e-02  -4.53268e-03   2.26517e-02  -1.05829e-01  -9.00704e-02   3.33132e-02  -4.74850e-02  -7.87860e-02   1.58244e-02   9.88274e-03  -3.08739e-02  -3.70783e-02  -2.81678e-02  -1.31310e-01
