T0   -4.45665e-01  -8.04401e-02   1.87727e-02   5.39777e-02   3.12776e-02  -7.56918e-03   2.48413e-02   4.99925e-02  -2.57647e-02   2.04571e-02  -2.68435e-02  -4.53394e-02   8.80180e-02  -2.90689e-02  -1.66252e-02   9.76984e-03   2.15269e-02   5.51679e-04  -1.63933e-02   8.68706e-03  -4.60830e-02
T1   -1.05913e+00   1.87727e-02   5.91049e-02   8.11896e-02  -7.37302e-02   2.53680e-03   6.88401e-02  -6.27288e-02   2.32051e-02   3.78662e-02   4.65484e-02   5.17095e-03   2.44721e-01   3.47243e-03   8.07015e-03   5.20495e-03   4.66325e-02   6.29473e-02  -1.04316e-02   1.71472e-02   2.07190e-02
T2   -7.89009e-01   5.39777e-02   8.11896e-02  -8.44488e-02   2.08918e-02   1.47467e-02   2.90548e-02   8.59455e-02  -5.20996e-03   2.86556e-02   1.00905e-02   5.40390e-02   3.86987e-02  -3.42449e-03   4.71561e-03   3.67338e-02  -1.28021e-02   1.33527e-03  -3.63606e-04  -2.95201e-02   4.73934e-02
T3   -1.37223e+00   3.12776e-02  -7.37302e-02   2.08918e-02   8.02625e-02   5.68026e-02   7.28524e-02   1.52023e-01  -1.23960e-03  -2.03173e-02   4.14679e-02   5.28067e-02  -2.42975e-02   2.69205e-02   3.82055e-02   3.61217e-02   3.68954e-02   2.97352e-02  -6.02737e-03  -1.71062e-03   4.69604e-02
T4    2.38580e+00  -7.56918e-03   2.53680e-03   1.47467e-02   5.68026e-02  -4.88336e-01   2.72515e-03   5.96376e-02  -1.33721e-02  -6.07012e-02  -5.42771e-02  -5.35754e-02   2.56754e-02  -8.39365e-02  -7.90404e-02  -1.65405e-02  -3.61834e-02  -1.04657e-02  -7.52897e-02  -3.94345e-02  -5.68481e-02
T5   -8.75578e-01   2.48413e-02   6.88401e-02   2.90548e-02   7.28524e-02   2.72515e-03  -2.21205e-02   1.11865e-01   4.22757e-02   3.49828e-02   2.22703e-02  -2.58443e-03   1.28523e-01  -1.05765e-02  -1.30875e-03   2.19720e-02   2.44081e-02   3.00577e-02  -3.99745e-02  -4.99235e-03   3.52587e-02
T6   -1.80021e+00   4.99925e-02  -6.27288e-02   8.59455e-02   1.52023e-01   5.96376e-02   1.11865e-01   1.18295e-01   5.68229e-02   9.39136e-03   1.85151e-02   2.27700e-02  -1.67760e-02   1.50362e-02   1.84662e-02   7.21535e-02   7.89577e-02   8.02400e-02   7.14743e-03   1.19113e-03   3.69448e-02
T7   -6.50701e-01  -2.57647e-02   2.32051e-02  -5.20996e-03  -1.23960e-03  -1.33721e-02   4.22757e-02   5.68229e-02  -7.06630e-02  -1.71668e-02   1.44815e-02   2.46194e-02   7.43092e-02  -1.61456e-02   1.15167e-02  -1.35393e-02  -1.13966e-02  -1.03999e-02  -4.20236e-03   9.76127e-03  -4.56485e-03
T8    3.71752e-01   2.04571e-02   3.78662e-02   2.86556e-02  -2.03173e-02  -6.07012e-02   3.49828e-02   9.39136e-03  -1.71668e-02  -1.48418e-01   2.07070e-02   9.29252e-03   1.35368e-01  -3.44345e-02  -2.92121e-02  -1.91404e-03  -9.89647e-04   1.37493e-02  -5.84628e-02  -2.90322e-02   2.00580e-02
T9    9.63426e-01  -2.68435e-02   4.65484e-02   1.00905e-02   4.14679e-02  -5.42771e-02   2.22703e-02   1.85151e-02   1.44815e-02   2.07070e-02  -1.63800e-01  -9.38468e-02  -1.21594e-02  -5.90452e-02  -9.54489e-02   3.87604e-02  -3.21238e-03  -2.16836e-02  -1.61689e-02  -4.84585e-02  -9.64229e-02
T10    2.56875e-01  -4.53394e-02   5.17095e-03   5.40390e-02   5.28067e-02  -5.35754e-02  -2.58443e-03   2.27700e-02   2.46194e-02   9.29252e-03  -9.38468e-02  -1.27414e-01   3.90879e-02  -4.13546e-02  -8.56374e-02   2.03738e-02   3.24610e-03  -4.07655e-03  -4.79646e-02  -2.52284e-02  -8.17821e-02
T11   -1.81195e+00   8.80180e-02   2.44721e-01   3.86987e-02  -2.42975e-02   2.56754e-02   1.28523e-01  -1.67760e-02   7.43092e-02   1.35368e-01  -1.21594e-02   3.90879e-02   7.71618e-02   2.06901e-02   8.55796e-03   9.73379e-02   7.48800e-02   8.52864e-02   5.41606e-02  -6.49852e-03   2.99214e-02
T12    1.89877e+00  -2.90689e-02   3.47243e-03  -3.42449e-03   2.69205e-02  -8.39365e-02  -1.05765e-02   1.50362e-02  -1.61456e-02  -3.44345e-02  -5.90452e-02  -4.13546e-02   2.06901e-02  -2.91612e-01  -7.01847e-02   3.03325e-03  -6.02381e-03  -1.09774e-02  -3.90596e-02  -3.61378e-02  -4.05413e-02
T13    1.34192e+00  -1.66252e-02   8.07015e-03   4.71561e-03   3.82055e-02  -7.90404e-02  -1.30875e-03   1.84662e-02   1.15167e-02  -2.92121e-02  -9.54489e-02  -8.56374e-02   8.55796e-03  -7.01847e-02  -1.41362e-01   1.03334e-02  -1.71719e-02  -2.05441e-02  -9.22176e-02  -8.23069e-02  -7.13151e-02
T14   -6.54670e-01   9.76984e-03   5.20495e-03   3.67338e-02   3.61217e-02  -1.65405e-02   2.19720e-02   7.21535e-02  -1.35393e-02  -1.91404e-03   3.87604e-02   2.03738e-02   9.73379e-02   3.03325e-03   1.03334e-02  -6.19718e-02   3.24910e-02   2.59388e-02  -5.84594e-02  -3.01209e-02   1.41562e-02
T15   -7.15113e-01   2.15269e-02   4.66325e-02  -1.28021e-02   3.68954e-02  -3.61834e-02   2.44081e-02   7.89577e-02  -1.13966e-02  -9.89647e-04  -3.21238e-03   3.24610e-03   7.48800e-02  -6.02381e-03  -1.71719e-02   3.24910e-02  -4.05807e-02  -6.39465e-03  -1.64317e-02  -1.08477e-02   8.36429e-03
T16   -4.73250e-01   5.51679e-04   6.29473e-02   1.33527e-03   2.97352e-02  -1.04657e-02   3.00577e-02   8.02400e-02  -1.03999e-02   1.37493e-02  -2.16836e-02  -4.07655e-03   8.52864e-02  -1.09774e-02  -2.05441e-02   2.59388e-02  -6.39465e-03  -4.01218e-02  -1.08725e-02  -1.40521e-02  -2.82323e-02
T17    2.09056e+00  -1.63933e-02  -1.04316e-02  -3.63606e-04  -6.02737e-03  -7.52897e-02  -3.99745e-02   7.14743e-03  -4.20236e-03  -5.84628e-02  -1.61689e-02  -4.79646e-02   5.41606e-02  -3.90596e-02  -9.22176e-02  -5.84594e-02  -1.64317e-02  -1.08725e-02  -2.31504e-01  -8.04354e-02  -3.22542e-02
T18    8.41338e-01   8.68706e-03   1.71472e-02  -2.95201e-02  -1.71062e-03  -3.94345e-02  -4.99235e-03   1.19113e-03   9.76127e-03  -2.90322e-02  -4.84585e-02  -2.52284e-02  -6.49852e-03  -3.61378e-02  -8.23069e-02  -3.01209e-02  -1.08477e-02  -1.40521e-02  -8.04354e-02  -8.60865e-02  -2.36212e-02
T19    4.97058e-01  -4.60830e-02   2.07190e-02   4.73934e-02   4.69604e-02  -5.68481e-02   3.52587e-02   3.69448e-02  -4.56485e-03   2.00580e-02  -9.64229e-02  -8.17821e-02   2.99214e-02  -4.05413e-02  -7.13151e-02   1.41562e-02   8.36429e-03  -2.82323e-02  -3.22542e-02  -2.36212e-02  -1.21922e-01
